2.225124,2.743622,2.706042,2.100892,1.279615,0.739250,0.766624
1.257111,1.805008,1.975410,1.614464,0.975128,0.515076,0.536560
0.983398,1.497589,1.662186,1.311920,0.681427,0.219574,0.232025
0.672363,1.187164,1.353241,0.998810,0.361023,-0.103638,-0.084717
0.370728,0.906860,1.097290,0.764587,0.139282,-0.324463,-0.316467
0.112427,0.608032,0.764954,0.429016,-0.166016,-0.581909,-0.524780
-0.047119,0.500122,0.699707,0.376709,-0.242554,-0.705566,-0.696167
-0.250854,0.281860,0.477051,0.155273,-0.455078,-0.901123,-0.874268
-0.429321,0.076538,0.239990,-0.086670,-0.666870,-1.062622,-0.991943
-0.535278,-0.058960,0.057495,-0.296875,-0.866943,-1.222168,-1.101318
-0.607422,-0.121826,-0.023437,-0.406250,-0.992920,-1.342041,-1.192871
-0.651611,-0.103027,0.057129,-0.291260,-0.885498,-1.277588,-1.184570
-0.688965,-0.162109,0.001221,-0.330322,-0.908203,-1.291260,-1.197510
-0.700195,-0.162842,0.014160,-0.311035,-0.896240,-1.295898,-1.215332
-0.711182,-0.142334,0.070312,-0.241943,-0.841797,-1.273926,-1.226563
-0.751465,-0.205078,0.000488,-0.298096,-0.871582,-1.275879,-1.207520
-0.711426,-0.135498,0.100098,-0.186768,-0.775635,-1.216309,-1.187988
-0.722900,-0.165527,0.059082,-0.231445,-0.814453,-1.239014,-1.196777
-0.742432,-0.233154,-0.063965,-0.372314,-0.920898,-1.278320,-1.164063
-0.649414,-0.091309,0.108398,-0.199951,-0.779297,-1.184326,-1.112793
-0.613037,-0.037109,0.191650,-0.104736,-0.697510,-1.129639,-1.087891
-0.621582,-0.086670,0.111328,-0.182129,-0.736816,-1.116211,-1.033447
-0.567139,-0.081299,0.050293,-0.281250,-0.822998,-1.149902,-0.996338
-0.449707,0.119385,0.307861,-0.024170,-0.622070,-1.028809,-0.950195
-0.470459,0.035767,0.182495,-0.144897,-0.690063,-1.021973,-0.878174
-0.364380,0.141846,0.267456,-0.079834,-0.634888,-0.965088,-0.808594
-0.261963,0.301270,0.486328,0.162720,-0.418701,-0.811157,-0.717407
-0.195801,0.395386,0.629517,0.328125,-0.276123,-0.721558,-0.687134
-0.222412,0.313477,0.514282,0.223877,-0.327637,-0.702087,-0.607239
-0.090271,0.498108,0.741211,0.458557,-0.129150,-0.570923,-0.544678
-0.079163,0.482727,0.714233,0.429810,-0.151886,-0.577850,-0.536926
-0.082245,0.431763,0.609955,0.307922,-0.239441,-0.601120,-0.495529
-0.002151,0.517967,0.679741,0.357517,-0.203033,-0.568002,-0.454948
0.059490,0.611221,0.796478,0.470169,-0.118866,-0.518906,-0.429871
0.093018,0.691162,0.938049,0.653229,0.061371,-0.381561,-0.358490
0.078552,0.578918,0.749451,0.446594,-0.097656,-0.454346,-0.354553
0.096924,0.525696,0.585266,0.214478,-0.311157,-0.580933,-0.362854
0.205872,0.732239,0.843567,0.460449,-0.130981,-0.482666,-0.345703
0.150269,0.622314,0.717896,0.369019,-0.152466,-0.430786,-0.226074
0.354614,0.935913,1.123047,0.787842,0.183105,-0.236450,-0.168823
0.334839,0.920776,1.161255,0.872192,0.271973,-0.180054,-0.160278
0.305664,0.870850,1.111450,0.833008,0.250366,-0.187378,-0.158203
0.308228,0.871948,1.111084,0.835083,0.254883,-0.183350,-0.158569
0.300659,0.857056,1.092041,0.812744,0.229492,-0.210937,-0.186279
0.275635,0.831787,1.061768,0.776367,0.195068,-0.235840,-0.200684
0.263916,0.814209,1.033936,0.746582,0.170898,-0.252197,-0.209473
0.263428,0.826904,1.060791,0.779785,0.195557,-0.245850,-0.223145
0.235107,0.789551,1.016602,0.725830,0.131836,-0.313232,-0.287354
0.164307,0.688721,0.879395,0.581543,0.023926,-0.356934,-0.276123
0.192627,0.686279,0.825928,0.491211,-0.068848,-0.422607,-0.303467
0.193604,0.695068,0.822510,0.468262,-0.107422,-0.465088,-0.327148
0.230713,0.839844,1.074219,0.758301,0.129883,-0.341553,-0.322266
0.152100,0.726318,0.970215,0.693115,0.111816,-0.323486,-0.291992
0.176758,0.739990,0.974609,0.690186,0.099854,-0.345459,-0.322998
0.140137,0.700195,0.929932,0.637207,0.037109,-0.411865,-0.387939
0.059814,0.574463,0.753662,0.450195,-0.103271,-0.471924,-0.368408
0.149170,0.730469,0.960449,0.661133,0.057617,-0.394775,-0.374512
0.087402,0.645508,0.875000,0.582031,-0.015137,-0.462158,-0.434570
0.038330,0.609375,0.847900,0.560791,-0.035278,-0.485352,-0.465454
-0.021729,0.490112,0.669067,0.367920,-0.182617,-0.551392,-0.452759
0.049438,0.598633,0.791260,0.470215,-0.128174,-0.552246,-0.492676
0.003784,0.583618,0.817261,0.517334,-0.090332,-0.545166,-0.519043
-0.043945,0.533325,0.781982,0.509644,-0.069824,-0.507202,-0.484497
-0.038208,0.489136,0.689209,0.391357,-0.182251,-0.591309,-0.530884
-0.044067,0.522339,0.746460,0.442139,-0.166138,-0.617432,-0.586914
-0.107544,0.470093,0.715332,0.431763,-0.162842,-0.612183,-0.588623
-0.119995,0.450928,0.696289,0.423584,-0.154297,-0.590088,-0.564819
-0.107178,0.444092,0.666016,0.369202,-0.227722,-0.670654,-0.636841
-0.158875,0.414307,0.654114,0.366211,-0.229614,-0.678406,-0.650330
-0.177124,0.397278,0.644165,0.372986,-0.203369,-0.638672,-0.611877
-0.153625,0.398132,0.623535,0.334045,-0.254578,-0.693298,-0.662048
-0.191528,0.372375,0.602905,0.310791,-0.286377,-0.731537,-0.699860
-0.221100,0.355865,0.600342,0.320038,-0.271210,-0.718384,-0.703339
-0.285004,0.177429,0.301605,-0.031464,-0.572418,-0.894470,-0.731018
-0.159790,0.453140,0.683456,0.359787,-0.274445,-0.745621,-0.722137
-0.235886,0.354370,0.612045,0.335999,-0.256897,-0.708595,-0.689270
-0.233498,0.312881,0.531952,0.249924,-0.313751,-0.718910,-0.658344
-0.173428,0.391071,0.613441,0.311228,-0.292961,-0.741198,-0.708668
-0.228081,0.349712,0.594044,0.309700,-0.284607,-0.732811,-0.705132
-0.231308,0.343681,0.590141,0.313751,-0.272675,-0.716980,-0.693253
-0.226273,0.338043,0.574875,0.289932,-0.302017,-0.745941,-0.714996
-0.239883,0.332489,0.572418,0.284698,-0.311005,-0.758606,-0.727417
-0.248169,0.331238,0.580109,0.302216,-0.287659,-0.734406,-0.710144
-0.239716,0.330933,0.576019,0.302185,-0.276825,-0.712799,-0.682800
-0.217377,0.341461,0.568970,0.274780,-0.321442,-0.762787,-0.725342
-0.243805,0.334930,0.580231,0.298767,-0.293640,-0.739014,-0.710449
-0.237732,0.335205,0.580597,0.307068,-0.271637,-0.706329,-0.676025
-0.210358,0.347809,0.574615,0.281708,-0.312286,-0.753357,-0.716644
-0.234863,0.341217,0.583862,0.299744,-0.293335,-0.738342,-0.708496
-0.232483,0.343628,0.591248,0.315979,-0.269287,-0.712463,-0.685669
-0.218628,0.347717,0.586609,0.306641,-0.275574,-0.710754,-0.676086
-0.204102,0.360229,0.591309,0.300598,-0.294128,-0.735901,-0.699951
-0.218872,0.359436,0.605225,0.326233,-0.262756,-0.706726,-0.679687
-0.208496,0.362000,0.604919,0.329895,-0.249268,-0.682495,-0.649780
-0.182617,0.377869,0.605103,0.312622,-0.281982,-0.722656,-0.684570
-0.202393,0.375000,0.619934,0.339050,-0.251770,-0.695557,-0.666443
-0.193176,0.382263,0.631104,0.359985,-0.221191,-0.661316,-0.636353
-0.174042,0.385651,0.615936,0.326477,-0.262177,-0.698914,-0.658905
-0.177765,0.396667,0.635742,0.350037,-0.242645,-0.685394,-0.653259
-0.175018,0.400421,0.647308,0.371338,-0.213684,-0.655670,-0.637421
-0.219849,0.238861,0.359375,0.026581,-0.507294,-0.820404,-0.649048
-0.074890,0.535065,0.761444,0.437775,-0.192566,-0.657959,-0.629730
-0.142670,0.446381,0.700897,0.426636,-0.163574,-0.610657,-0.589691
-0.140137,0.392242,0.598450,0.311432,-0.247406,-0.641937,-0.569855
-0.073547,0.496368,0.718201,0.409607,-0.201904,-0.651550,-0.613586
-0.123749,0.464203,0.716614,0.437332,-0.155884,-0.604980,-0.579178
-0.106262,0.469772,0.720154,0.449600,-0.132034,-0.574554,-0.551025
-0.089157,0.471054,0.700882,0.411896,-0.178223,-0.615448,-0.577896
-0.097244,0.477661,0.717178,0.429977,-0.164230,-0.608459,-0.576859
-0.099167,0.475739,0.722076,0.444572,-0.142967,-0.585464,-0.558998
-0.089317,0.481544,0.728767,0.459953,-0.118980,-0.559799,-0.538490
-0.080780,0.472374,0.695213,0.399307,-0.196693,-0.636826,-0.597260
-0.109718,0.472992,0.720234,0.439716,-0.153732,-0.601116,-0.573620
-0.099998,0.476734,0.728792,0.460861,-0.119146,-0.561028,-0.540781
-0.083137,0.471903,0.696608,0.401577,-0.191602,-0.627968,-0.586621
-0.100250,0.479351,0.722531,0.437015,-0.156507,-0.601031,-0.570702
-0.096228,0.479399,0.727427,0.453554,-0.129414,-0.570320,-0.551056
-0.111965,0.395401,0.567017,0.250652,-0.317745,-0.695354,-0.590897
-0.059566,0.537231,0.774002,0.470413,-0.141022,-0.596466,-0.568161
-0.088860,0.491547,0.741379,0.465385,-0.121635,-0.565590,-0.541527
-0.076202,0.487427,0.728455,0.456421,-0.119827,-0.555061,-0.527252
-0.065041,0.490608,0.713966,0.417595,-0.175934,-0.612648,-0.571655
-0.087585,0.490707,0.732590,0.448715,-0.144157,-0.589020,-0.559998
-0.086823,0.487518,0.736221,0.465942,-0.114441,-0.554733,-0.535858
-0.096161,0.418625,0.598587,0.284607,-0.291183,-0.684921,-0.593521
-0.071213,0.523483,0.763062,0.465179,-0.141586,-0.595322,-0.567291
-0.091171,0.487045,0.737640,0.465347,-0.118027,-0.560303,-0.538498
-0.081268,0.471405,0.701599,0.424683,-0.146637,-0.572098,-0.533630
-0.065735,0.490662,0.712814,0.414261,-0.181412,-0.620270,-0.579437
-0.096497,0.481644,0.724365,0.441315,-0.149765,-0.592850,-0.571823
-0.133911,0.369339,0.543732,0.240875,-0.308289,-0.679550,-0.602966
-0.144180,0.369034,0.560120,0.274765,-0.268768,-0.638351,-0.540604
-0.026657,0.553879,0.782349,0.478348,-0.129608,-0.580612,-0.549866
-0.072052,0.506866,0.757187,0.486557,-0.095154,-0.538727,-0.520172
-0.072006,0.465820,0.683243,0.405411,-0.155106,-0.564972,-0.514954
-0.042465,0.511658,0.726654,0.420044,-0.183624,-0.628433,-0.588623
-0.101822,0.482117,0.731537,0.455139,-0.133255,-0.578568,-0.554871
-0.088928,0.478241,0.723755,0.453232,-0.125412,-0.564011,-0.542450
-0.084488,0.466965,0.689087,0.392487,-0.200302,-0.636276,-0.594543
-0.109741,0.467331,0.709961,0.425858,-0.165291,-0.608437,-0.579674
-0.108696,0.463455,0.710007,0.436623,-0.143906,-0.585320,-0.567535
-0.132835,0.375061,0.560883,0.270317,-0.275459,-0.648232,-0.559494
-0.058403,0.507462,0.720421,0.405937,-0.208466,-0.658051,-0.620026
-0.132065,0.455948,0.711380,0.439957,-0.146439,-0.592690,-0.578720
-0.150734,0.342712,0.509331,0.207550,-0.333694,-0.689278,-0.576668
-0.054840,0.523750,0.740540,0.422028,-0.194420,-0.645050,-0.607094
-0.118225,0.466789,0.717285,0.440975,-0.146358,-0.590611,-0.568802
-0.114487,0.426514,0.643177,0.357761,-0.211235,-0.623634,-0.576118
-0.130516,0.351082,0.483498,0.140026,-0.425919,-0.775696,-0.630947
-0.067505,0.547443,0.787556,0.480431,-0.139389,-0.601189,-0.578209
-0.102226,0.476849,0.729275,0.459751,-0.121834,-0.565273,-0.549503
-0.113873,0.398853,0.590431,0.302629,-0.246260,-0.626038,-0.544245
-0.048079,0.515831,0.728809,0.416294,-0.192257,-0.636044,-0.595211
-0.108374,0.473646,0.723129,0.446787,-0.138622,-0.581947,-0.563126
-0.121541,0.397084,0.591578,0.300808,-0.252001,-0.637614,-0.563555
-0.095555,0.408224,0.555779,0.213620,-0.367633,-0.743328,-0.625245
-0.079434,0.529763,0.773942,0.476712,-0.132330,-0.589305,-0.570338
-0.114935,0.426171,0.639028,0.351799,-0.216065,-0.622459,-0.568017
-0.114573,0.381624,0.537293,0.223687,-0.322441,-0.676033,-0.558521
-0.030864,0.550572,0.767241,0.450565,-0.165045,-0.615829,-0.580957
-0.097098,0.484897,0.733378,0.457019,-0.128409,-0.572730,-0.550015
-0.088949,0.473390,0.715091,0.446665,-0.124064,-0.555775,-0.531310
-0.078278,0.466333,0.680704,0.381296,-0.212311,-0.645191,-0.601364
-0.116442,0.461729,0.706423,0.427292,-0.158926,-0.601093,-0.575266
-0.110134,0.454283,0.697071,0.425817,-0.149662,-0.585102,-0.566280
-0.135433,0.363762,0.539986,0.240887,-0.307468,-0.679874,-0.588818
-0.102016,0.425278,0.594173,0.261440,-0.328060,-0.726582,-0.644791
-0.170097,0.320797,0.445831,0.102863,-0.449883,-0.779739,-0.629902
-0.116108,0.375439,0.481579,0.120857,-0.433853,-0.754921,-0.580753
-0.000858,0.611824,0.836983,0.510155,-0.122360,-0.586969,-0.557014
-0.071194,0.514694,0.767029,0.492529,-0.093992,-0.539402,-0.522654
-0.085079,0.426636,0.613300,0.320629,-0.229185,-0.605974,-0.520245
-0.027996,0.524218,0.732441,0.434746,-0.144476,-0.565066,-0.517863
-0.042302,0.518766,0.741625,0.442805,-0.155111,-0.598129,-0.564355
-0.086469,0.488630,0.736137,0.463695,-0.117852,-0.558331,-0.539623
-0.093271,0.438864,0.648689,0.364315,-0.198771,-0.605314,-0.548094
-0.067486,0.493706,0.714737,0.416061,-0.179752,-0.617754,-0.580961
-0.108868,0.449751,0.674099,0.386530,-0.192417,-0.616632,-0.578875
-0.134146,0.363182,0.523882,0.214285,-0.332752,-0.688217,-0.585258
-0.120844,0.328606,0.400854,0.019257,-0.536592,-0.839239,-0.636063
-0.033281,0.588417,0.812746,0.486076,-0.138466,-0.593222,-0.564241
-0.114542,0.392590,0.560072,0.255236,-0.288065,-0.641792,-0.529301
-0.027131,0.506590,0.682820,0.363198,-0.211372,-0.604883,-0.521077
-0.016081,0.556571,0.779183,0.475230,-0.125824,-0.568049,-0.538378
-0.093856,0.408144,0.574443,0.263551,-0.286730,-0.646395,-0.540764
-0.050274,0.462112,0.613304,0.281577,-0.284468,-0.650965,-0.536477
-0.005962,0.580256,0.801659,0.487715,-0.125194,-0.575259,-0.540660
-0.060005,0.517832,0.761212,0.482723,-0.102865,-0.545396,-0.522865
-0.071750,0.466077,0.679585,0.396901,-0.166465,-0.575247,-0.524155
-0.059387,0.474387,0.677044,0.382630,-0.187473,-0.595115,-0.539960
-0.068236,0.470481,0.667293,0.357324,-0.227213,-0.639385,-0.581876
-0.120507,0.379636,0.533357,0.212937,-0.337987,-0.689494,-0.574795
-0.089963,0.392408,0.506057,0.155701,-0.398510,-0.728850,-0.574618
-0.026200,0.542605,0.728204,0.390514,-0.216613,-0.634569,-0.569120
-0.100863,0.399267,0.543206,0.213093,-0.337671,-0.680229,-0.547876
-0.039697,0.473615,0.613026,0.269626,-0.299194,-0.658674,-0.531372
0.011840,0.610636,0.846449,0.547754,-0.058842,-0.516335,-0.498869
-0.037151,0.522894,0.755482,0.471182,-0.114305,-0.549894,-0.518534
-0.059647,0.481974,0.695332,0.407614,-0.159765,-0.569595,-0.515635
-0.034356,0.531401,0.765738,0.485126,-0.099639,-0.541353,-0.519967
-0.065104,0.485224,0.707211,0.415346,-0.171769,-0.603105,-0.567521
-0.105418,0.432559,0.638409,0.346189,-0.219781,-0.622347,-0.563135
-0.101058,0.411502,0.582405,0.270214,-0.290144,-0.666628,-0.577662
-0.098795,0.405989,0.554539,0.221178,-0.347452,-0.714548,-0.599669
-0.081450,0.475018,0.664026,0.341442,-0.249731,-0.657734,-0.587301
-0.108244,0.413330,0.582422,0.264530,-0.300497,-0.673798,-0.574837
-0.089973,0.411961,0.551825,0.212791,-0.350718,-0.704927,-0.574350
-0.030815,0.558542,0.775244,0.458601,-0.151117,-0.592161,-0.552525
-0.089336,0.436039,0.621592,0.319027,-0.240589,-0.620253,-0.528583
-0.017747,0.563621,0.799751,0.510166,-0.084468,-0.533035,-0.514534
-0.056671,0.499558,0.733250,0.451024,-0.134356,-0.574722,-0.546135
-0.079252,0.482990,0.717760,0.435627,-0.146729,-0.582142,-0.551579
-0.084686,0.478542,0.716240,0.438965,-0.141510,-0.578964,-0.553352
-0.093323,0.464085,0.696995,0.414974,-0.170193,-0.610344,-0.583492
-0.117344,0.445148,0.680172,0.401230,-0.177959,-0.609257,-0.579494
-0.133896,0.378941,0.561840,0.259590,-0.299709,-0.682953,-0.603615
-0.137211,0.354252,0.490585,0.156849,-0.400425,-0.749420,-0.615631
-0.067924,0.528503,0.755142,0.441505,-0.172058,-0.623749,-0.597580
-0.150673,0.356636,0.527229,0.219620,-0.329353,-0.689674,-0.580780
-0.073372,0.475311,0.665390,0.351685,-0.231674,-0.637794,-0.568428
-0.068943,0.509972,0.743679,0.449753,-0.151131,-0.602951,-0.580826
-0.117409,0.438477,0.665974,0.385433,-0.183617,-0.599983,-0.550545
-0.073738,0.490524,0.723385,0.441319,-0.140976,-0.578285,-0.551552
-0.091381,0.465183,0.698235,0.416355,-0.167690,-0.605766,-0.577827
-0.113533,0.446144,0.677406,0.393753,-0.187172,-0.618233,-0.589203
-0.158989,0.317123,0.454865,0.132286,-0.410019,-0.746140,-0.608376
-0.077240,0.487137,0.682030,0.362343,-0.231819,-0.650604,-0.586945
-0.089211,0.490906,0.725807,0.427204,-0.178307,-0.631779,-0.610310
-0.160233,0.358997,0.544334,0.245472,-0.304604,-0.670902,-0.578671
-0.120010,0.335457,0.426365,0.068134,-0.474335,-0.778381,-0.604923
-0.088230,0.379810,0.446060,0.050697,-0.514887,-0.820347,-0.621918
-0.057043,0.473387,0.594604,0.225366,-0.351472,-0.693497,-0.537176
0.014283,0.582188,0.765913,0.434172,-0.158277,-0.561698,-0.479904
0.031879,0.619062,0.856064,0.561470,-0.040085,-0.493561,-0.472118
-0.008419,0.554562,0.786148,0.494991,-0.103153,-0.550308,-0.519665
-0.041958,0.533932,0.780262,0.502743,-0.082867,-0.526398,-0.500954
-0.036213,0.528778,0.769199,0.490704,-0.092941,-0.535496,-0.512020
-0.050201,0.508972,0.738743,0.446770,-0.150219,-0.597206,-0.565407
-0.086548,0.491463,0.740883,0.469357,-0.109329,-0.545021,-0.517666
-0.056889,0.500275,0.734890,0.456512,-0.122128,-0.557770,-0.531342
-0.071484,0.482822,0.711681,0.423695,-0.166416,-0.608536,-0.579727
-0.107735,0.459576,0.695461,0.407600,-0.188236,-0.634071,-0.614803
-0.197182,0.255718,0.365578,0.029068,-0.498711,-0.799915,-0.634380
-0.145065,0.269489,0.278851,-0.138672,-0.676388,-0.918072,-0.640808
0.027573,0.692776,0.928951,0.583725,-0.082657,-0.579853,-0.572422
-0.111847,0.430477,0.637707,0.349781,-0.203144,-0.581070,-0.490612
0.019016,0.597229,0.828278,0.531696,-0.067921,-0.517517,-0.494183
-0.030556,0.529427,0.759022,0.466873,-0.131271,-0.576473,-0.544865
-0.068153,0.507732,0.754066,0.478504,-0.101257,-0.538013,-0.508781
-0.046150,0.512852,0.746357,0.467854,-0.111893,-0.548626,-0.522308
-0.061581,0.492603,0.720367,0.431290,-0.159897,-0.602108,-0.572414
-0.100525,0.467655,0.703430,0.415459,-0.180489,-0.626438,-0.601423
-0.154671,0.359314,0.539450,0.239344,-0.310011,-0.674616,-0.573874
-0.080412,0.445667,0.611404,0.280420,-0.301492,-0.691520,-0.594483
-0.070509,0.521934,0.754395,0.447510,-0.168163,-0.626822,-0.599752
-0.118738,0.464348,0.716843,0.445440,-0.134099,-0.570630,-0.553870
-0.143625,0.303912,0.415285,0.079288,-0.453847,-0.766225,-0.597119
-0.027122,0.578688,0.801926,0.475152,-0.158279,-0.627700,-0.601527
-0.116518,0.471500,0.724977,0.445756,-0.149343,-0.599335,-0.576378
-0.105302,0.467935,0.716530,0.447121,-0.128489,-0.562104,-0.534644
-0.075712,0.476696,0.701722,0.409938,-0.181002,-0.620031,-0.586210
-0.112177,0.456175,0.692120,0.402369,-0.194368,-0.639141,-0.609055
-0.136766,0.427910,0.663143,0.386364,-0.183842,-0.604286,-0.560833
-0.088985,0.469387,0.697395,0.407593,-0.181385,-0.620426,-0.588566
-0.119408,0.444118,0.674301,0.380802,-0.216721,-0.660313,-0.627098
-0.145851,0.432587,0.677551,0.396740,-0.194069,-0.640781,-0.619450
-0.174393,0.339870,0.523216,0.222385,-0.329643,-0.699818,-0.598732
-0.080513,0.499397,0.722366,0.409988,-0.204277,-0.658615,-0.625305
-0.142006,0.441391,0.689316,0.406548,-0.187172,-0.635788,-0.611465
-0.154655,0.384918,0.595291,0.308533,-0.252022,-0.646286,-0.573959
-0.080330,0.488884,0.714928,0.416344,-0.185242,-0.631897,-0.601715
-0.126404,0.446144,0.684296,0.396729,-0.198814,-0.644356,-0.613083
-0.135712,0.440842,0.686867,0.408073,-0.181702,-0.627403,-0.601158
-0.131706,0.437973,0.679146,0.397499,-0.190231,-0.632912,-0.603683
-0.131271,0.436462,0.672768,0.382393,-0.215927,-0.662262,-0.628845
-0.147392,0.434181,0.683228,0.404510,-0.188133,-0.635689,-0.610313
-0.137810,0.435875,0.683937,0.413025,-0.164062,-0.598167,-0.570206
-0.107841,0.447975,0.672470,0.378220,-0.218094,-0.659515,-0.622196
-0.140785,0.437813,0.680981,0.397411,-0.197105,-0.643585,-0.614208
-0.139698,0.436951,0.685997,0.414112,-0.165897,-0.602894,-0.575844
-0.113411,0.445408,0.673855,0.382538,-0.210861,-0.652328,-0.617008
-0.137581,0.436119,0.675415,0.387035,-0.208344,-0.653721,-0.621300
-0.141815,0.436825,0.683949,0.404293,-0.185368,-0.630943,-0.604580
-0.133057,0.437698,0.679932,0.403252,-0.179562,-0.615421,-0.583340
-0.114937,0.446857,0.675331,0.381107,-0.215176,-0.656563,-0.620190
-0.136791,0.441826,0.686966,0.404373,-0.187222,-0.632763,-0.604416
-0.130920,0.441788,0.686932,0.413132,-0.164871,-0.598900,-0.567934
-0.103575,0.452265,0.676788,0.380604,-0.216644,-0.657040,-0.618702
-0.136288,0.443306,0.686485,0.402925,-0.191584,-0.637077,-0.608683
-0.133188,0.443453,0.691519,0.416708,-0.169134,-0.611906,-0.587650
-0.121144,0.443659,0.679995,0.397469,-0.189179,-0.626886,-0.593704
-0.119329,0.448388,0.682728,0.393341,-0.201080,-0.644536,-0.610211
-0.129818,0.446793,0.692876,0.412193,-0.177513,-0.622158,-0.594875
-0.124393,0.445328,0.686537,0.406885,-0.175940,-0.610837,-0.577803
-0.107484,0.455237,0.683648,0.389362,-0.207959,-0.649404,-0.612109
-0.129750,0.449786,0.693884,0.412210,-0.179454,-0.624086,-0.595814
-0.122396,0.452185,0.700161,0.429165,-0.151920,-0.592911,-0.568848
-0.108395,0.448458,0.673983,0.379770,-0.213573,-0.650097,-0.607927
-0.123667,0.454821,0.694950,0.408369,-0.187181,-0.631758,-0.599524
-0.123156,0.452396,0.698406,0.421555,-0.164354,-0.607195,-0.580078
-0.112690,0.451029,0.685318,0.399780,-0.188869,-0.625633,-0.589565
-0.113304,0.456280,0.691490,0.400036,-0.194485,-0.638035,-0.603806
-0.123512,0.453979,0.698978,0.418201,-0.172581,-0.617313,-0.589142
-0.116802,0.456711,0.706554,0.436436,-0.142807,-0.583927,-0.561947
-0.104534,0.449306,0.671844,0.374672,-0.224529,-0.664906,-0.624596
-0.136318,0.449081,0.697037,0.415279,-0.179398,-0.627014,-0.599747
-0.125370,0.452114,0.702965,0.432869,-0.148308,-0.590363,-0.568329
-0.106960,0.449821,0.676254,0.382942,-0.211464,-0.648064,-0.606945
-0.121777,0.456638,0.697670,0.411003,-0.184631,-0.630268,-0.599083
-0.121799,0.454655,0.701561,0.425594,-0.161388,-0.604317,-0.578266
-0.110958,0.458546,0.705395,0.434258,-0.145992,-0.587132,-0.565170
-0.105824,0.448952,0.673401,0.379097,-0.215313,-0.652893,-0.611771
-0.126598,0.453777,0.697727,0.414932,-0.178822,-0.623573,-0.595417
-0.121140,0.454292,0.704090,0.433926,-0.146343,-0.588474,-0.566521
-0.107182,0.447590,0.672031,0.376743,-0.216686,-0.653297,-0.611210
-0.125084,0.454281,0.696255,0.410526,-0.183205,-0.627934,-0.597801
-0.122540,0.452892,0.700733,0.427650,-0.153549,-0.594654,-0.570702
-0.109379,0.446377,0.670818,0.375530,-0.217899,-0.653530,-0.610477
-0.124367,0.454006,0.694996,0.407310,-0.189331,-0.634010,-0.602852
-0.125599,0.450829,0.697708,0.420742,-0.166260,-0.609203,-0.583168
-0.114895,0.454586,0.700436,0.429291,-0.149994,-0.591152,-0.568230
-0.108910,0.444866,0.669300,0.374004,-0.218456,-0.655087,-0.613014
-0.127880,0.451481,0.693447,0.408688,-0.184078,-0.628830,-0.602623
-0.148834,0.381889,0.581535,0.288063,-0.273285,-0.665401,-0.595825
-0.143009,0.326202,0.432682,0.073277,-0.488907,-0.816395,-0.642719
-0.053543,0.575184,0.816250,0.501274,-0.129257,-0.598736,-0.577511
-0.098385,0.487709,0.744160,0.476669,-0.105831,-0.549206,-0.529469
-0.069397,0.491947,0.733643,0.461296,-0.115269,-0.553741,-0.530117
-0.073036,0.478516,0.699764,0.404236,-0.189434,-0.625313,-0.583481
-0.099564,0.477608,0.720337,0.437302,-0.153763,-0.596828,-0.568962
-0.098877,0.470444,0.715157,0.440926,-0.140438,-0.579750,-0.555004
-0.093876,0.461685,0.683983,0.387543,-0.207031,-0.643799,-0.601868
-0.115898,0.462334,0.705135,0.419247,-0.174641,-0.619522,-0.589546
-0.115421,0.458885,0.707569,0.435314,-0.145061,-0.586330,-0.564495
-0.107227,0.447445,0.684483,0.414370,-0.154119,-0.580677,-0.550125
-0.092035,0.455637,0.671089,0.368847,-0.230495,-0.670033,-0.627916
-0.139799,0.445442,0.695196,0.418148,-0.168932,-0.613907,-0.590858
-0.129455,0.427364,0.659698,0.381998,-0.191075,-0.617285,-0.578571
-0.108483,0.450101,0.672462,0.373160,-0.224247,-0.662843,-0.620773
-0.134656,0.444698,0.689592,0.407732,-0.182163,-0.626018,-0.596976
-0.126702,0.444766,0.689658,0.415608,-0.165572,-0.605679,-0.582689
-0.126228,0.422764,0.652225,0.378515,-0.190604,-0.613872,-0.577127
-0.109966,0.444741,0.666192,0.367941,-0.227446,-0.665995,-0.624853
-0.139656,0.441717,0.689590,0.413610,-0.173388,-0.616327,-0.596146
-0.151253,0.371632,0.569372,0.279871,-0.274609,-0.660898,-0.583597
-0.086994,0.480284,0.697582,0.387402,-0.218836,-0.663254,-0.622066
-0.133896,0.449446,0.697315,0.419378,-0.167608,-0.610537,-0.585463
-0.124979,0.428972,0.658464,0.378927,-0.193039,-0.615221,-0.579351
-0.138451,0.354111,0.501299,0.166599,-0.403351,-0.767839,-0.640602
-0.090601,0.518843,0.760338,0.457521,-0.155098,-0.613665,-0.595293
-0.152195,0.357193,0.533751,0.228146,-0.323727,-0.688869,-0.590612
-0.119141,0.357810,0.472929,0.129893,-0.413154,-0.733406,-0.570153
-0.004009,0.597981,0.818408,0.490799,-0.139557,-0.601049,-0.568978
-0.082036,0.506917,0.761314,0.488859,-0.096612,-0.541957,-0.522215
-0.064098,0.491408,0.727313,0.455095,-0.115487,-0.542170,-0.512725
-0.059644,0.473292,0.672191,0.362333,-0.227951,-0.646796,-0.584179
-0.082591,0.503294,0.747816,0.462648,-0.130531,-0.576674,-0.552834
-0.089676,0.468876,0.702921,0.424957,-0.150339,-0.579733,-0.551016
-0.114277,0.382946,0.549398,0.245499,-0.299805,-0.662350,-0.556639
-0.038723,0.537945,0.755751,0.443132,-0.167479,-0.615263,-0.579372
-0.096457,0.482651,0.729246,0.451021,-0.136257,-0.579479,-0.557629
-0.106205,0.431932,0.646730,0.366305,-0.192864,-0.597485,-0.540312
-0.062680,0.493606,0.707824,0.400447,-0.202035,-0.641758,-0.598852
-0.110936,0.470199,0.717830,0.439652,-0.148550,-0.591710,-0.567843
-0.104656,0.454904,0.692879,0.420763,-0.150689,-0.580181,-0.549608
-0.088568,0.469838,0.706667,0.433415,-0.142096,-0.578540,-0.555833
-0.100632,0.447107,0.668487,0.375049,-0.214594,-0.651359,-0.612357
-0.132213,0.442200,0.686105,0.407171,-0.178848,-0.620817,-0.594788
-0.127501,0.441008,0.687851,0.420618,-0.155762,-0.594042,-0.574129
-0.119741,0.429150,0.650696,0.357426,-0.231071,-0.662790,-0.620743
-0.137581,0.436897,0.678913,0.397129,-0.190731,-0.632572,-0.607391
-0.155590,0.377068,0.583519,0.297760,-0.259850,-0.656075,-0.593506
-0.133961,0.371216,0.535786,0.222210,-0.335606,-0.706638,-0.603474
-0.083187,0.500717,0.725697,0.419216,-0.190189,-0.639709,-0.613346
-0.161346,0.354904,0.536312,0.235512,-0.315506,-0.685661,-0.589443
-0.099483,0.422150,0.588367,0.266651,-0.302166,-0.681175,-0.579079
-0.056927,0.528820,0.755625,0.448994,-0.158615,-0.607332,-0.580179
-0.136196,0.366255,0.528124,0.213827,-0.339821,-0.696955,-0.584902
-0.092926,0.407269,0.541506,0.201778,-0.356557,-0.701732,-0.562203
-0.010778,0.586395,0.807909,0.485285,-0.137200,-0.592847,-0.558892
-0.073991,0.507079,0.751712,0.471537,-0.114746,-0.555032,-0.533206
-0.097436,0.398823,0.564318,0.258489,-0.286774,-0.643419,-0.534798
-0.029625,0.516836,0.707644,0.394650,-0.186056,-0.593460,-0.525375
-0.030098,0.541716,0.768383,0.469425,-0.129606,-0.572760,-0.540098
-0.071131,0.486338,0.714426,0.432510,-0.139868,-0.561489,-0.525072
-0.083637,0.415306,0.579548,0.269550,-0.283752,-0.650322,-0.554459
-0.086342,0.385330,0.486420,0.122650,-0.438015,-0.763023,-0.590805
-0.010895,0.603764,0.835762,0.520596,-0.096458,-0.552593,-0.529865
-0.073673,0.458443,0.660431,0.370247,-0.190784,-0.583576,-0.510780
-0.015720,0.556854,0.793060,0.508434,-0.081287,-0.527916,-0.509449
-0.053570,0.498737,0.724636,0.435669,-0.151508,-0.584866,-0.553234
-0.107750,0.399117,0.571213,0.265091,-0.286324,-0.652973,-0.548401
-0.029663,0.555634,0.789795,0.497288,-0.099266,-0.549732,-0.531158
-0.072243,0.482101,0.709049,0.420139,-0.165997,-0.600273,-0.562717
-0.086945,0.482155,0.721762,0.445402,-0.136118,-0.573635,-0.548086
-0.090071,0.461432,0.690445,0.412382,-0.161058,-0.588612,-0.555140
-0.090250,0.469042,0.702843,0.423659,-0.159679,-0.599971,-0.579120
-0.129661,0.400675,0.600911,0.301181,-0.275155,-0.682122,-0.621404
-0.156849,0.350362,0.509139,0.189826,-0.366834,-0.727925,-0.618812
-0.134625,0.351020,0.468896,0.119803,-0.435102,-0.766127,-0.611589
-0.059933,0.513062,0.701840,0.366327,-0.240591,-0.659313,-0.592668
-0.119313,0.389775,0.543570,0.220292,-0.331513,-0.680963,-0.551532
-0.016950,0.564510,0.783153,0.477221,-0.120912,-0.559268,-0.522833
-0.046222,0.522723,0.761199,0.479803,-0.107689,-0.552104,-0.529488
-0.067544,0.491754,0.723604,0.441509,-0.140811,-0.574238,-0.540729
-0.070921,0.492264,0.729919,0.450645,-0.130834,-0.569288,-0.542715
-0.080756,0.478560,0.713360,0.433212,-0.151083,-0.593302,-0.567525
-0.104397,0.456079,0.688127,0.403302,-0.180739,-0.612938,-0.580156
-0.126690,0.395897,0.587481,0.288944,-0.271559,-0.659910,-0.578794
-0.079386,0.491646,0.719496,0.428556,-0.162525,-0.601700,-0.571930
-0.105824,0.453701,0.679924,0.387375,-0.201389,-0.636311,-0.600365
-0.141808,0.385826,0.579483,0.283005,-0.277412,-0.664703,-0.590347
-0.128887,0.361584,0.499863,0.169033,-0.384388,-0.731529,-0.609566
-0.125343,0.344711,0.436398,0.066242,-0.491947,-0.808640,-0.631104
-0.071308,0.487293,0.650097,0.305454,-0.283155,-0.666153,-0.561178
-0.043989,0.514380,0.710152,0.396215,-0.187376,-0.594709,-0.522648
-0.020502,0.560070,0.797364,0.507957,-0.088454,-0.537804,-0.517149
-0.055198,0.504106,0.733029,0.445104,-0.141041,-0.572398,-0.538792
-0.089395,0.424271,0.603103,0.297790,-0.259664,-0.636206,-0.541440
-0.028512,0.552978,0.787278,0.494905,-0.102491,-0.550860,-0.530209
-0.069235,0.490078,0.722920,0.435949,-0.156085,-0.601088,-0.578068
-0.136226,0.371914,0.545280,0.240417,-0.308768,-0.670274,-0.563534
-0.064129,0.470765,0.646210,0.323862,-0.253404,-0.645672,-0.557699
-0.045640,0.537923,0.772325,0.476148,-0.126965,-0.579044,-0.561087
-0.115475,0.402258,0.588053,0.287688,-0.268767,-0.646271,-0.560270
-0.083368,0.421419,0.569969,0.238562,-0.325208,-0.687490,-0.577610
-0.093647,0.386888,0.496765,0.139744,-0.418140,-0.747233,-0.582974
-0.008017,0.606612,0.837607,0.514609,-0.119971,-0.592488,-0.578179
-0.137154,0.361386,0.519382,0.204178,-0.341578,-0.686986,-0.551597
-0.003298,0.600542,0.838425,0.536898,-0.073479,-0.532763,-0.516092
-0.051254,0.515793,0.753365,0.468143,-0.125090,-0.573236,-0.547480
-0.076561,0.492607,0.735212,0.460844,-0.115776,-0.546488,-0.514198
-0.048534,0.509565,0.742180,0.462791,-0.117826,-0.553476,-0.526079
-0.065260,0.489994,0.719791,0.435662,-0.150625,-0.589934,-0.561275
-0.095294,0.466057,0.697015,0.408181,-0.179835,-0.616947,-0.581223
-0.115074,0.432774,0.646451,0.352220,-0.225510,-0.640704,-0.584236
-0.106319,0.445373,0.657000,0.356828,-0.225812,-0.646848,-0.591285
-0.102545,0.471590,0.703498,0.404860,-0.200682,-0.651249,-0.625925
-0.173979,0.345156,0.527466,0.225611,-0.324501,-0.689850,-0.584963
-0.074696,0.484636,0.688198,0.378080,-0.210512,-0.629637,-0.572182
-0.082548,0.491493,0.724283,0.427492,-0.174271,-0.625980,-0.597885
-0.122688,0.452679,0.697525,0.423431,-0.154861,-0.588207,-0.557541
-0.092503,0.466934,0.700882,0.422821,-0.156475,-0.590809,-0.562103
-0.100960,0.455601,0.685719,0.399960,-0.186958,-0.625912,-0.594944
-0.126667,0.437939,0.669197,0.378712,-0.217773,-0.663273,-0.631943
-0.164280,0.389954,0.612896,0.329807,-0.236881,-0.643085,-0.582596
-0.096786,0.471516,0.702526,0.412766,-0.179096,-0.621002,-0.592949
-0.125618,0.437080,0.668396,0.376022,-0.220390,-0.664833,-0.631477
-0.151077,0.428482,0.676514,0.402641,-0.176407,-0.611465,-0.586403
-0.152306,0.344261,0.508110,0.197731,-0.353981,-0.716034,-0.604942
-0.079735,0.506119,0.732048,0.422607,-0.192673,-0.649956,-0.622498
-0.142067,0.437508,0.684578,0.401947,-0.192619,-0.640129,-0.612747
-0.137283,0.439331,0.689316,0.420319,-0.154877,-0.589058,-0.561172
-0.099869,0.455872,0.685181,0.398621,-0.187141,-0.623978,-0.590900
-0.120541,0.443199,0.673599,0.381287,-0.216034,-0.660404,-0.625034
-0.144577,0.435032,0.684082,0.412205,-0.164871,-0.597984,-0.569038
-0.105705,0.452049,0.684330,0.401688,-0.182144,-0.618038,-0.586967
-0.120548,0.440266,0.667767,0.373558,-0.222706,-0.666035,-0.629623
-0.147163,0.431499,0.676685,0.395119,-0.198391,-0.644848,-0.616428
-0.141884,0.432838,0.679985,0.404259,-0.178577,-0.619347,-0.593105
-0.125610,0.437244,0.671654,0.384289,-0.210083,-0.654461,-0.622028
-0.144485,0.432236,0.675499,0.392025,-0.202393,-0.649754,-0.629066
-0.194405,0.293930,0.445732,0.133186,-0.403084,-0.736156,-0.602207
-0.098297,0.402981,0.525595,0.166542,-0.408009,-0.760452,-0.614447
-0.047805,0.568357,0.804781,0.489120,-0.139161,-0.608363,-0.583931
-0.101627,0.486641,0.742314,0.471127,-0.112109,-0.553283,-0.527453
-0.062327,0.498170,0.731208,0.445406,-0.143517,-0.582510,-0.550610
-0.077509,0.488937,0.721037,0.427469,-0.172075,-0.617682,-0.583540
-0.101379,0.477957,0.723803,0.441906,-0.152912,-0.600674,-0.573555
-0.099331,0.476048,0.723835,0.453621,-0.123760,-0.558155,-0.530495
-0.068432,0.486099,0.711273,0.417683,-0.176022,-0.617798,-0.582787
-0.104649,0.469727,0.708706,0.420979,-0.173752,-0.619473,-0.589348
-0.112141,0.464237,0.713017,0.441837,-0.135525,-0.568920,-0.540268
-0.078197,0.477318,0.705421,0.417667,-0.169281,-0.607292,-0.574409
-0.103268,0.461243,0.692406,0.399868,-0.196697,-0.641304,-0.607143
-0.125935,0.452457,0.699329,0.418449,-0.173405,-0.619202,-0.605755
-0.198788,0.235744,0.329357,-0.013481,-0.532871,-0.814041,-0.609123
-0.010475,0.607121,0.828362,0.491791,-0.151348,-0.625507,-0.598171
-0.109081,0.483959,0.740456,0.463245,-0.130836,-0.581779,-0.558792
-0.088661,0.483639,0.730316,0.458038,-0.118469,-0.551994,-0.523468
-0.060555,0.494820,0.719849,0.426117,-0.168709,-0.610619,-0.576714
-0.097725,0.475540,0.715370,0.427513,-0.168327,-0.614174,-0.584167
-0.107086,0.469170,0.715874,0.436783,-0.152332,-0.598347,-0.572422
-0.103291,0.464115,0.704002,0.424011,-0.159149,-0.595360,-0.562649
-0.092655,0.469738,0.697826,0.404194,-0.193459,-0.636208,-0.601189
-0.119129,0.459129,0.703915,0.421944,-0.170017,-0.616898,-0.589878
-0.117702,0.453693,0.697540,0.422451,-0.157810,-0.592121,-0.562412
-0.096371,0.461136,0.687309,0.391781,-0.205795,-0.647495,-0.611427
-0.129307,0.449013,0.692886,0.408058,-0.185757,-0.632515,-0.603420
-0.129185,0.447182,0.694977,0.420872,-0.163292,-0.607332,-0.583359
-0.118111,0.442518,0.673740,0.380289,-0.217182,-0.661701,-0.627453
-0.143227,0.437183,0.682152,0.397434,-0.199196,-0.647768,-0.618515
-0.140217,0.439205,0.688072,0.411127,-0.178782,-0.624605,-0.599466
-0.129152,0.440401,0.682421,0.403573,-0.180407,-0.616448,-0.583571
-0.113405,0.450140,0.678392,0.384927,-0.212557,-0.655139,-0.618971
-0.136750,0.442650,0.687590,0.405776,-0.186026,-0.632747,-0.604590
-0.131287,0.443184,0.693981,0.425783,-0.152532,-0.591753,-0.568866
-0.110554,0.441245,0.661766,0.362596,-0.234680,-0.673144,-0.630940
-0.142737,0.439661,0.683667,0.397998,-0.197622,-0.645196,-0.615929
-0.138593,0.437921,0.686837,0.411892,-0.173104,-0.616990,-0.591885
-0.125514,0.437203,0.669521,0.381062,-0.211463,-0.650106,-0.611990
-0.131746,0.441788,0.679939,0.391399,-0.204134,-0.648691,-0.615459
-0.137123,0.440380,0.685394,0.405607,-0.184185,-0.628918,-0.600742
-0.130350,0.439281,0.679424,0.398720,-0.186125,-0.621069,-0.587103
-0.115858,0.447781,0.677103,0.382744,-0.214649,-0.657141,-0.619905
-0.137604,0.440901,0.685930,0.403227,-0.188478,-0.634127,-0.605883
-0.132494,0.443039,0.692936,0.422867,-0.157299,-0.599329,-0.577272
-0.117830,0.437044,0.661589,0.366407,-0.226917,-0.663422,-0.621231
-0.135971,0.443510,0.685602,0.399012,-0.196545,-0.642101,-0.610838
-0.134453,0.442093,0.689089,0.414194,-0.170753,-0.613615,-0.588472
-0.123039,0.438747,0.670141,0.380766,-0.210711,-0.648317,-0.609173
-0.128889,0.445663,0.682869,0.394367,-0.201128,-0.645649,-0.612379
-0.134008,0.442553,0.688587,0.407858,-0.181894,-0.625608,-0.597403
-0.126005,0.446577,0.695503,0.426424,-0.153738,-0.595764,-0.573706
-0.115236,0.438671,0.663237,0.368073,-0.225233,-0.660742,-0.618542
-0.132298,0.446205,0.689281,0.403666,-0.189951,-0.634562,-0.604315
-0.128939,0.445631,0.694572,0.422583,-0.158510,-0.599508,-0.576427
-0.114994,0.440876,0.665432,0.370258,-0.223057,-0.660530,-0.618322
-0.132071,0.446441,0.688546,0.400994,-0.193564,-0.639109,-0.607832
-0.130460,0.446089,0.692110,0.416248,-0.168681,-0.611525,-0.585387
-0.117994,0.450617,0.695608,0.423609,-0.156518,-0.596558,-0.573503
-0.113074,0.440825,0.665379,0.368251,-0.228953,-0.670279,-0.629933
-0.142596,0.441875,0.689888,0.408187,-0.184480,-0.632057,-0.603772
-0.130342,0.446206,0.697110,0.427062,-0.154061,-0.596065,-0.574958
-0.115480,0.440405,0.665952,0.371761,-0.221558,-0.658058,-0.615863
-0.129625,0.449850,0.691933,0.406310,-0.188289,-0.632899,-0.602650
-0.127273,0.450227,0.699143,0.428102,-0.154005,-0.595031,-0.574908
-0.129101,0.401522,0.608880,0.323040,-0.240511,-0.643607,-0.581010
-0.092138,0.475291,0.698598,0.394371,-0.209873,-0.654270,-0.615018
-0.127788,0.455596,0.704484,0.425601,-0.163300,-0.608126,-0.586884
-0.138989,0.383938,0.576837,0.280581,-0.280589,-0.668624,-0.584264
-0.076757,0.500345,0.724445,0.416116,-0.194149,-0.641583,-0.603391
-0.116238,0.467072,0.713930,0.432056,-0.159807,-0.605618,-0.577538
-0.104315,0.468119,0.715918,0.443768,-0.137489,-0.578651,-0.557688
-0.109098,0.422325,0.618755,0.309391,-0.275517,-0.685118,-0.610407
-0.099762,0.490219,0.731964,0.438189,-0.165472,-0.616133,-0.586998
-0.109800,0.468525,0.719234,0.448013,-0.133297,-0.574516,-0.551655
-0.089470,0.473003,0.714836,0.445568,-0.129906,-0.566315,-0.544552
-0.089314,0.459442,0.677917,0.380625,-0.212837,-0.647530,-0.603544
-0.118464,0.460840,0.704704,0.422798,-0.167145,-0.610075,-0.582069
-0.111849,0.457609,0.701487,0.426428,-0.155752,-0.595875,-0.573881
-0.129148,0.389668,0.572632,0.257744,-0.320908,-0.716492,-0.625935
-0.103493,0.492321,0.733007,0.436232,-0.169426,-0.622065,-0.600750
-0.159616,0.343918,0.510771,0.201414,-0.348312,-0.712301,-0.630476
-0.208485,0.204803,0.286163,-0.037563,-0.519459,-0.764450,-0.540295
0.057869,0.663261,0.867516,0.519966,-0.126244,-0.593681,-0.559689
-0.065964,0.527756,0.784920,0.512272,-0.074368,-0.521854,-0.502285
-0.041409,0.520737,0.763214,0.492615,-0.082222,-0.518990,-0.495636
-0.040771,0.505638,0.722771,0.422180,-0.172600,-0.607628,-0.563980
-0.078262,0.499710,0.742249,0.458046,-0.132225,-0.576454,-0.547791
-0.077904,0.490242,0.732811,0.456459,-0.125061,-0.564529,-0.538956
-0.077019,0.486176,0.730686,0.464062,-0.108791,-0.546516,-0.527035
-0.076988,0.466618,0.681946,0.383484,-0.212112,-0.648918,-0.607029
-0.120117,0.461002,0.709595,0.432369,-0.155865,-0.601006,-0.581055
-0.137371,0.385288,0.582809,0.295036,-0.258709,-0.645248,-0.567223
-0.071854,0.494198,0.710278,0.399862,-0.208559,-0.652212,-0.612225
-0.123291,0.459829,0.708454,0.431265,-0.155960,-0.599127,-0.581125
-0.147182,0.351177,0.519739,0.215002,-0.333078,-0.694462,-0.590527
-0.099756,0.419751,0.580935,0.256185,-0.312710,-0.689838,-0.585879
-0.060906,0.526666,0.755276,0.446527,-0.165133,-0.616884,-0.584927
-0.103952,0.476160,0.724731,0.447486,-0.138819,-0.583030,-0.558253
-0.093188,0.474090,0.720686,0.453202,-0.120501,-0.559064,-0.538460
-0.086322,0.459357,0.676740,0.379341,-0.212274,-0.645135,-0.600312
-0.115378,0.461824,0.704585,0.424514,-0.163610,-0.605715,-0.582752
-0.130224,0.404129,0.615182,0.330074,-0.229825,-0.630278,-0.573854
-0.115515,0.387484,0.539150,0.203024,-0.376158,-0.752729,-0.636490
-0.092505,0.514887,0.760208,0.464111,-0.142828,-0.599670,-0.577642
-0.110416,0.456076,0.698967,0.427816,-0.146589,-0.579983,-0.556208
-0.120455,0.384579,0.563654,0.264444,-0.286955,-0.663353,-0.572348
-0.065094,0.507851,0.726852,0.418356,-0.188169,-0.632879,-0.601751
-0.150894,0.356417,0.523102,0.207716,-0.349937,-0.713968,-0.608747
-0.127441,0.359253,0.479145,0.135956,-0.412128,-0.739325,-0.581976
-0.028515,0.549192,0.742636,0.402948,-0.214945,-0.648455,-0.583766
-0.072314,0.525298,0.776554,0.493171,-0.103128,-0.554319,-0.532555
-0.066573,0.501608,0.749096,0.481515,-0.092289,-0.529003,-0.508524
-0.055539,0.497811,0.734509,0.463075,-0.110637,-0.545305,-0.522797
-0.069750,0.476826,0.698026,0.406359,-0.178605,-0.608787,-0.570104
-0.097117,0.464338,0.695401,0.410576,-0.170537,-0.600810,-0.570033
-0.127340,0.376759,0.549047,0.244095,-0.308109,-0.678467,-0.578543
-0.062450,0.513390,0.732332,0.420845,-0.188644,-0.635311,-0.597336
-0.112350,0.466856,0.711601,0.431541,-0.156572,-0.598665,-0.573742
-0.123177,0.408253,0.614456,0.327471,-0.231356,-0.628796,-0.565479
-0.096405,0.431877,0.621284,0.318634,-0.248878,-0.645157,-0.570921
-0.074425,0.495674,0.718695,0.413202,-0.192297,-0.638918,-0.610659
-0.157763,0.359381,0.540693,0.238823,-0.313255,-0.682510,-0.583448
-0.076998,0.481478,0.686150,0.381037,-0.202599,-0.620718,-0.564220
-0.075537,0.494633,0.723583,0.427872,-0.166962,-0.606922,-0.572071
-0.096046,0.475258,0.717052,0.438951,-0.143314,-0.580595,-0.552856
-0.089741,0.471699,0.709579,0.435417,-0.141973,-0.578325,-0.554554
-0.095367,0.462181,0.700111,0.426003,-0.151337,-0.588612,-0.565750
-0.108444,0.443336,0.666771,0.375366,-0.213238,-0.646046,-0.610931
-0.161011,0.350258,0.524769,0.219097,-0.334797,-0.703892,-0.606621
-0.125381,0.376873,0.519016,0.186150,-0.373196,-0.727184,-0.598339
-0.055538,0.539932,0.767578,0.453964,-0.160564,-0.614182,-0.587002
-0.130295,0.398432,0.593170,0.297760,-0.259647,-0.642004,-0.554951
-0.048685,0.529135,0.763708,0.474539,-0.117725,-0.563938,-0.541147
-0.080982,0.473625,0.697901,0.406351,-0.181425,-0.614393,-0.572611
-0.093622,0.476707,0.716562,0.436541,-0.146654,-0.584852,-0.556070
-0.090944,0.470535,0.709433,0.434322,-0.143028,-0.579344,-0.554554
-0.095339,0.462238,0.699223,0.425148,-0.152151,-0.589390,-0.565516
-0.107204,0.444595,0.669998,0.381525,-0.202225,-0.632175,-0.593262
-0.117111,0.452364,0.693327,0.417339,-0.162836,-0.599014,-0.573109
-0.111809,0.445881,0.683956,0.409992,-0.165245,-0.600441,-0.574539
-0.117146,0.432770,0.653378,0.360153,-0.226345,-0.657063,-0.617928
-0.160114,0.364834,0.553879,0.253811,-0.305275,-0.687336,-0.608772
-0.145092,0.337814,0.467625,0.131336,-0.417721,-0.755646,-0.626503
-0.154694,0.272789,0.313515,-0.076843,-0.613037,-0.876665,-0.641659
-0.040539,0.530685,0.685479,0.321178,-0.283009,-0.671675,-0.565479
-0.055870,0.476437,0.638577,0.308904,-0.261944,-0.631251,-0.516623
0.018914,0.615963,0.854927,0.559355,-0.045128,-0.501507,-0.484892
-0.024994,0.533245,0.763065,0.476025,-0.110229,-0.544624,-0.508179
-0.033508,0.535465,0.775921,0.498436,-0.081280,-0.518967,-0.494572
-0.034779,0.522385,0.757000,0.481541,-0.095184,-0.530884,-0.506474
-0.048615,0.504681,0.732536,0.447456,-0.140751,-0.581966,-0.553242
-0.084267,0.481022,0.718811,0.437721,-0.146534,-0.584808,-0.555122
-0.086170,0.479095,0.719795,0.444511,-0.136917,-0.575317,-0.549671
-0.088627,0.470760,0.706608,0.427502,-0.155766,-0.595985,-0.570179
-0.106049,0.454449,0.688465,0.407551,-0.172623,-0.602940,-0.572201
-0.123692,0.394962,0.582645,0.281223,-0.280184,-0.667477,-0.592148
-0.131676,0.351957,0.481508,0.144962,-0.407284,-0.748371,-0.603807
-0.049339,0.552805,0.783157,0.468321,-0.153284,-0.612940,-0.591742
-0.145842,0.361437,0.530043,0.218515,-0.334343,-0.694601,-0.576855
-0.042128,0.552176,0.788429,0.490181,-0.114990,-0.569109,-0.547316
-0.081301,0.484961,0.724689,0.442589,-0.146574,-0.590685,-0.564831
-0.096745,0.469620,0.710430,0.434284,-0.143116,-0.575573,-0.543056
-0.078138,0.480204,0.714037,0.433908,-0.145485,-0.579917,-0.551310
-0.089287,0.468141,0.700093,0.418104,-0.167038,-0.606186,-0.578342
-0.112188,0.447383,0.678534,0.394776,-0.186256,-0.616445,-0.577769
-0.105765,0.458625,0.693572,0.412597,-0.169585,-0.605801,-0.577003
-0.112835,0.447698,0.684685,0.406709,-0.173478,-0.611621,-0.584734
-0.123432,0.434259,0.662575,0.372105,-0.221434,-0.664011,-0.634674
-0.179726,0.347265,0.539314,0.242224,-0.313911,-0.692066,-0.606705
-0.133356,0.364985,0.508135,0.175291,-0.384033,-0.737995,-0.615957
-0.111151,0.401758,0.541758,0.193092,-0.384842,-0.749430,-0.618389
-0.064623,0.545620,0.785950,0.484903,-0.124014,-0.576962,-0.552053
-0.089788,0.462996,0.686441,0.402862,-0.169206,-0.586609,-0.538198
-0.061437,0.502776,0.733637,0.445676,-0.144409,-0.585530,-0.556714
-0.089600,0.471895,0.702020,0.408452,-0.189138,-0.634757,-0.601602
-0.120417,0.459909,0.709670,0.438489,-0.138877,-0.574230,-0.546536
-0.084443,0.473053,0.707027,0.428992,-0.151256,-0.585558,-0.556821
-0.094668,0.460935,0.686199,0.392701,-0.201887,-0.644531,-0.610378
-0.131134,0.445316,0.691242,0.417236,-0.160969,-0.595198,-0.568340
-0.119768,0.403828,0.600317,0.305662,-0.257833,-0.652081,-0.581692
-0.101700,0.438375,0.633608,0.322081,-0.263994,-0.676708,-0.608013
-0.106260,0.476866,0.712797,0.414240,-0.192200,-0.645613,-0.624084
-0.184689,0.309317,0.464779,0.148046,-0.397259,-0.741236,-0.614187
-0.115159,0.381284,0.499111,0.141178,-0.425422,-0.766080,-0.608394
-0.034088,0.584784,0.820962,0.501149,-0.133202,-0.607444,-0.590934
-0.136986,0.389009,0.578110,0.280046,-0.270222,-0.635736,-0.529065
-0.006297,0.579081,0.811369,0.514069,-0.088209,-0.538492,-0.515829
-0.049938,0.512293,0.743141,0.452238,-0.144672,-0.590601,-0.559713
-0.082733,0.493420,0.736111,0.454990,-0.131248,-0.570513,-0.538883
-0.068005,0.498188,0.734921,0.452778,-0.132523,-0.570854,-0.540257
-0.073330,0.488953,0.720833,0.432905,-0.159098,-0.602118,-0.571272
-0.098240,0.470098,0.706026,0.415277,-0.182449,-0.628204,-0.600067
-0.139481,0.397978,0.602343,0.311584,-0.247072,-0.635551,-0.563354
-0.105991,0.377485,0.505905,0.164324,-0.393888,-0.737959,-0.594402
-0.037025,0.567022,0.796329,0.476547,-0.152887,-0.619324,-0.593126
-0.108095,0.479946,0.735397,0.463989,-0.117512,-0.555986,-0.537251
-0.114305,0.358503,0.496864,0.173923,-0.369726,-0.709137,-0.570730
-0.023346,0.572752,0.797112,0.477310,-0.148239,-0.611801,-0.584709
-0.100746,0.483303,0.733822,0.452644,-0.143414,-0.593384,-0.567474
-0.094452,0.479733,0.729271,0.458838,-0.116812,-0.551445,-0.524017
-0.064144,0.490171,0.717087,0.429125,-0.159006,-0.598186,-0.566469
-0.095505,0.469809,0.701761,0.409031,-0.187731,-0.631552,-0.598570
-0.118532,0.458702,0.705400,0.432162,-0.147241,-0.580706,-0.551140
-0.088167,0.469225,0.699189,0.413276,-0.172822,-0.609989,-0.579203
-0.110134,0.452324,0.681453,0.386901,-0.210683,-0.654341,-0.619239
-0.138074,0.440279,0.685160,0.403287,-0.190526,-0.636311,-0.621872
-0.215871,0.213800,0.300648,-0.044007,-0.559337,-0.833548,-0.622706
-0.031860,0.566291,0.761433,0.412684,-0.221026,-0.670206,-0.615183
-0.105491,0.495266,0.748665,0.462527,-0.141380,-0.597173,-0.575080
-0.108767,0.454868,0.690044,0.414179,-0.156104,-0.574671,-0.530345
-0.057633,0.502569,0.727500,0.433666,-0.160285,-0.601326,-0.568523
-0.094527,0.472811,0.706771,0.415051,-0.181685,-0.627437,-0.595390
-0.115304,0.461978,0.707747,0.426750,-0.165222,-0.612115,-0.585107
-0.114899,0.455526,0.697431,0.415536,-0.173418,-0.616342,-0.586378
-0.115192,0.452293,0.686403,0.394835,-0.204679,-0.651226,-0.617033
-0.134819,0.446529,0.694376,0.413488,-0.180328,-0.629045,-0.602867
-0.129572,0.444891,0.693727,0.421633,-0.155659,-0.589960,-0.562199
-0.099058,0.456547,0.680840,0.385401,-0.210133,-0.651756,-0.615620
-0.133427,0.443012,0.685020,0.399326,-0.196323,-0.642944,-0.612736
-0.136425,0.439079,0.686993,0.412029,-0.171032,-0.610069,-0.599693
-0.218231,0.160763,0.191544,-0.186192,-0.697166,-0.932861,-0.667240
-0.016247,0.634661,0.864492,0.519827,-0.139153,-0.626078,-0.606506
-0.117298,0.480743,0.743172,0.470865,-0.121292,-0.573257,-0.553234
-0.086046,0.482358,0.725186,0.449086,-0.132178,-0.568467,-0.537794
-0.069820,0.489594,0.715701,0.420103,-0.178523,-0.621264,-0.584283
-0.102239,0.476005,0.719795,0.436835,-0.157083,-0.603951,-0.576922
-0.103763,0.469583,0.714380,0.440232,-0.137143,-0.571529,-0.541902
-0.078869,0.476627,0.699830,0.404287,-0.192329,-0.635031,-0.598007
-0.117872,0.459459,0.700394,0.414608,-0.181130,-0.627847,-0.597733
-0.122490,0.453899,0.699762,0.422766,-0.165242,-0.609183,-0.584135
-0.115867,0.450681,0.689722,0.407920,-0.177033,-0.615017,-0.583088
-0.111908,0.453619,0.683834,0.391335,-0.204216,-0.647812,-0.612652
-0.131430,0.446981,0.691916,0.410097,-0.181713,-0.627464,-0.620808
-0.255720,0.089470,0.080908,-0.307468,-0.788935,-0.969984,-0.651187
0.034914,0.694237,0.912864,0.549278,-0.124547,-0.619349,-0.597820
-0.103741,0.498147,0.763408,0.490976,-0.103262,-0.556316,-0.537374
-0.070283,0.501928,0.749503,0.477126,-0.104360,-0.546731,-0.524042
-0.062028,0.495386,0.721462,0.424858,-0.174767,-0.619474,-0.582489
-0.098488,0.483648,0.729340,0.444357,-0.152544,-0.602369,-0.574362
-0.098282,0.478935,0.726589,0.449409,-0.139759,-0.585831,-0.560944
-0.092838,0.474520,0.712408,0.429461,-0.157608,-0.595737,-0.562979
-0.090006,0.475344,0.707333,0.414635,-0.182095,-0.626862,-0.591885
-0.111828,0.466402,0.711157,0.429155,-0.163815,-0.609741,-0.582755
-0.110614,0.464655,0.715263,0.445897,-0.134553,-0.577847,-0.558020
-0.100790,0.451889,0.674257,0.376915,-0.222456,-0.664954,-0.624794
-0.136664,0.448591,0.695426,0.411582,-0.184186,-0.633861,-0.605700
-0.130439,0.447923,0.697694,0.425547,-0.158632,-0.602687,-0.579705
-0.116416,0.443247,0.671560,0.378155,-0.217316,-0.655949,-0.614891
-0.130755,0.447612,0.688599,0.399937,-0.196697,-0.642344,-0.611169
-0.132920,0.444497,0.690403,0.412474,-0.176456,-0.620333,-0.593266
-0.123973,0.442616,0.678768,0.395082,-0.192713,-0.629602,-0.594635
-0.120443,0.447092,0.678324,0.385857,-0.211617,-0.654186,-0.618984
-0.136744,0.441700,0.686670,0.403908,-0.186880,-0.632595,-0.604420
-0.132072,0.442425,0.692274,0.423136,-0.155132,-0.596260,-0.575262
-0.117846,0.435997,0.658545,0.362360,-0.231958,-0.667492,-0.625313
-0.139091,0.440369,0.682438,0.395824,-0.198772,-0.644360,-0.614101
-0.137733,0.438793,0.686749,0.411831,-0.171188,-0.613117,-0.588024
-0.124596,0.434227,0.661713,0.368465,-0.224895,-0.662415,-0.622204
-0.136951,0.439590,0.679749,0.391243,-0.205235,-0.649750,-0.618427
-0.140034,0.437531,0.683582,0.404819,-0.182003,-0.625744,-0.598541
-0.128136,0.442486,0.688492,0.416523,-0.164551,-0.605526,-0.583397
-0.122910,0.433006,0.658581,0.364418,-0.228870,-0.665337,-0.623112
-0.137817,0.440723,0.682861,0.398266,-0.195309,-0.639885,-0.610573
-0.137100,0.433628,0.677792,0.403999,-0.175949,-0.611900,-0.582844
-0.117439,0.439434,0.664009,0.366901,-0.229305,-0.666714,-0.624439
-0.137146,0.443375,0.685516,0.399956,-0.194580,-0.640102,-0.609783
-0.133356,0.443230,0.690268,0.416388,-0.166576,-0.607473,-0.581362
-0.115946,0.449728,0.691809,0.418880,-0.161190,-0.601175,-0.577087
-0.116611,0.438311,0.661928,0.364847,-0.233286,-0.673578,-0.633184
-0.145800,0.437742,0.685812,0.406122,-0.186504,-0.632092,-0.604761
-0.132278,0.443333,0.692329,0.422348,-0.159685,-0.601614,-0.580433
-0.118927,0.437017,0.663597,0.369455,-0.223816,-0.660269,-0.618025
-0.132715,0.446815,0.689932,0.404357,-0.189219,-0.633790,-0.604480
-0.128079,0.448482,0.697444,0.426450,-0.153658,-0.595633,-0.573520
-0.117929,0.434106,0.665604,0.393910,-0.173213,-0.596459,-0.560672
-0.095439,0.456379,0.673989,0.370954,-0.229174,-0.669491,-0.628146
-0.139818,0.445634,0.696572,0.419721,-0.168141,-0.613891,-0.588681
-0.121229,0.447441,0.692492,0.420551,-0.160493,-0.601442,-0.577335
-0.114885,0.441993,0.666570,0.372394,-0.220910,-0.657396,-0.615187
-0.129910,0.449587,0.693646,0.409981,-0.181702,-0.625377,-0.595179
-0.121807,0.450776,0.697749,0.423807,-0.158244,-0.599215,-0.575130
-0.112700,0.443178,0.667742,0.370623,-0.224620,-0.660097,-0.616887
-0.128667,0.451795,0.694856,0.409225,-0.185383,-0.630002,-0.598784
-0.123426,0.453077,0.701006,0.428988,-0.152136,-0.592188,-0.569145
-0.106775,0.456856,0.699842,0.431717,-0.142622,-0.578880,-0.555014
-0.099640,0.448271,0.666891,0.369741,-0.223577,-0.658125,-0.613995
-0.127792,0.451647,0.696623,0.416798,-0.171083,-0.612946,-0.588766
-0.137959,0.389807,0.588474,0.294027,-0.268282,-0.662331,-0.592718
-0.128145,0.366385,0.501850,0.155535,-0.418112,-0.775517,-0.636377
-0.073610,0.543602,0.786930,0.481045,-0.136574,-0.599121,-0.575905
-0.099689,0.480591,0.732258,0.461983,-0.120346,-0.562576,-0.541695
-0.079517,0.483921,0.730618,0.466160,-0.105522,-0.542084,-0.522430
-0.071236,0.472530,0.688992,0.390678,-0.199894,-0.632698,-0.588799
-0.103802,0.474434,0.719196,0.440128,-0.147003,-0.589104,-0.565166
-0.111671,0.430473,0.647289,0.364956,-0.199036,-0.607456,-0.552090
-0.073322,0.485073,0.701378,0.395096,-0.207279,-0.645916,-0.602913
-0.115875,0.466343,0.711143,0.431137,-0.157898,-0.599930,-0.572990
-0.103828,0.463604,0.705471,0.431355,-0.148922,-0.586178,-0.563301
-0.118671,0.403950,0.604351,0.316505,-0.239269,-0.631729,-0.561527
-0.071957,0.491280,0.707500,0.398201,-0.208138,-0.652657,-0.616459
-0.142017,0.414047,0.633919,0.343872,-0.231663,-0.645657,-0.594837
-0.143021,0.350586,0.501743,0.185627,-0.359081,-0.703445,-0.573856
-0.036182,0.551273,0.769024,0.446583,-0.174740,-0.628250,-0.591198
-0.102245,0.485771,0.738266,0.462955,-0.123386,-0.567638,-0.544857
-0.080795,0.483532,0.727203,0.456821,-0.117798,-0.553368,-0.529797
-0.072765,0.482639,0.720402,0.449047,-0.126537,-0.562080,-0.539459
-0.085323,0.463310,0.683620,0.390099,-0.201584,-0.637440,-0.597542
-0.116512,0.458778,0.703548,0.425468,-0.161659,-0.605705,-0.579784
-0.113583,0.454823,0.701565,0.434227,-0.140305,-0.578709,-0.557945
-0.103691,0.444086,0.663549,0.368216,-0.222330,-0.654127,-0.610205
-0.125183,0.451132,0.693989,0.413040,-0.174976,-0.616972,-0.594877
-0.151018,0.364982,0.554925,0.260628,-0.290786,-0.669152,-0.588884
-0.124494,0.361065,0.483736,0.128653,-0.442936,-0.793416,-0.644483
-0.073960,0.546051,0.792154,0.489015,-0.126860,-0.588654,-0.573485
-0.126728,0.398976,0.596577,0.305956,-0.247684,-0.630214,-0.551147
-0.069400,0.464600,0.652834,0.346085,-0.226471,-0.624817,-0.550682
-0.052336,0.519592,0.743446,0.441706,-0.159103,-0.602058,-0.566269
-0.087360,0.486797,0.728489,0.447357,-0.138893,-0.581097,-0.553354
-0.087305,0.479969,0.724609,0.456163,-0.118494,-0.555073,-0.533480
-0.080362,0.464332,0.680740,0.382374,-0.208248,-0.640124,-0.594327
-0.109405,0.465833,0.706645,0.423666,-0.165386,-0.607432,-0.582459
-0.132822,0.392808,0.592290,0.302555,-0.253134,-0.641601,-0.569392
-0.093460,0.436734,0.624130,0.319485,-0.249027,-0.644341,-0.569151
-0.071710,0.499324,0.724248,0.424547,-0.174238,-0.616163,-0.583255
-0.117942,0.430053,0.645831,0.358563,-0.211291,-0.620636,-0.570094
-0.118561,0.378672,0.536346,0.220819,-0.332094,-0.693385,-0.589357
-0.116073,0.350954,0.443546,0.073310,-0.486914,-0.803668,-0.625220
-0.061589,0.500811,0.668351,0.321565,-0.276010,-0.670819,-0.577548
-0.087580,0.423319,0.570112,0.238916,-0.317806,-0.666273,-0.531963
0.015261,0.617058,0.855843,0.559114,-0.047487,-0.506941,-0.494350
-0.036486,0.519741,0.749519,0.462440,-0.122868,-0.557308,-0.524803
-0.072594,0.449715,0.639061,0.340252,-0.219551,-0.605263,-0.522518
-0.026386,0.536507,0.755314,0.460285,-0.125084,-0.555676,-0.517406
-0.045815,0.513271,0.737099,0.443146,-0.147995,-0.583324,-0.545841
-0.070141,0.499859,0.739384,0.460983,-0.120609,-0.558199,-0.533701
-0.083565,0.450363,0.659035,0.371561,-0.195570,-0.603195,-0.549000
-0.079199,0.461517,0.667149,0.370800,-0.207077,-0.622419,-0.570007
-0.099043,0.437948,0.632079,0.320436,-0.263802,-0.671765,-0.606174
-0.132889,0.384924,0.551269,0.234567,-0.325372,-0.692648,-0.587717
-0.089122,0.437159,0.602122,0.277207,-0.293807,-0.672061,-0.569221
-0.044382,0.543053,0.771527,0.464594,-0.143317,-0.592335,-0.563530
-0.108145,0.419270,0.612703,0.315020,-0.242688,-0.627298,-0.542480
-0.038433,0.539142,0.774447,0.486002,-0.106523,-0.552020,-0.530474
-0.071545,0.485743,0.721462,0.444178,-0.138259,-0.576684,-0.551058
-0.089058,0.467368,0.697354,0.413415,-0.169751,-0.603035,-0.568403
-0.097479,0.467793,0.704590,0.425446,-0.156879,-0.594212,-0.567501
-0.104425,0.455999,0.692881,0.415773,-0.165508,-0.604736,-0.579899
-0.117702,0.438923,0.668133,0.383430,-0.199509,-0.629639,-0.597733
-0.151966,0.357132,0.531452,0.224609,-0.329468,-0.700703,-0.606525
-0.120537,0.396187,0.557545,0.231995,-0.334759,-0.708786,-0.601749
-0.076656,0.509083,0.733929,0.423409,-0.186100,-0.633766,-0.604588
-0.158596,0.342918,0.506794,0.196442,-0.350368,-0.702675,-0.586815
-0.080326,0.454758,0.626484,0.302410,-0.274612,-0.663704,-0.573559
-0.068134,0.494209,0.704666,0.396488,-0.196041,-0.622978,-0.576191
-0.108849,0.419674,0.605415,0.297180,-0.267071,-0.650349,-0.562256
-0.067657,0.474197,0.663372,0.349743,-0.228653,-0.628880,-0.552704
-0.049400,0.531342,0.768810,0.480556,-0.114708,-0.562916,-0.541126
-0.080002,0.477512,0.704666,0.415966,-0.168987,-0.601112,-0.563381
-0.101105,0.438999,0.646954,0.354866,-0.212929,-0.617306,-0.554028
-0.064484,0.505558,0.740242,0.456066,-0.131245,-0.572552,-0.548801
-0.088661,0.467876,0.697971,0.411209,-0.179634,-0.622478,-0.598293
-0.154316,0.357895,0.535297,0.231503,-0.318573,-0.684864,-0.586773
-0.104721,0.397358,0.537369,0.200436,-0.361969,-0.717030,-0.597065
-0.102127,0.392212,0.508934,0.151852,-0.414879,-0.756647,-0.608850
-0.075594,0.458664,0.607115,0.259977,-0.319382,-0.684416,-0.562615
-0.048287,0.485765,0.645726,0.309989,-0.265894,-0.641165,-0.529513
0.003074,0.600133,0.839109,0.541597,-0.063827,-0.521134,-0.502508
-0.040616,0.521557,0.753322,0.463325,-0.133664,-0.578697,-0.547898
-0.070034,0.506018,0.751537,0.473217,-0.112206,-0.553591,-0.526997
-0.060135,0.505013,0.745584,0.469200,-0.112349,-0.551851,-0.527296
-0.066362,0.490959,0.722805,0.434845,-0.158169,-0.602188,-0.572334
-0.099308,0.472929,0.715651,0.439446,-0.138989,-0.571498,-0.540985
-0.076099,0.483186,0.716977,0.437784,-0.141661,-0.576144,-0.547588
-0.086593,0.469814,0.699781,0.414846,-0.171260,-0.611363,-0.581534
-0.113414,0.449082,0.680202,0.387623,-0.209959,-0.654592,-0.629244
-0.188019,0.306825,0.460188,0.142355,-0.405996,-0.752012,-0.628935
-0.140676,0.332405,0.427091,0.060887,-0.494365,-0.808144,-0.622840
-0.029956,0.597558,0.831556,0.504698,-0.135658,-0.612920,-0.597449
-0.141599,0.389211,0.582107,0.286825,-0.263616,-0.633210,-0.531559
-0.013764,0.568641,0.799938,0.503611,-0.095750,-0.544115,-0.520530
-0.055676,0.505528,0.738288,0.451233,-0.141862,-0.584990,-0.556208
-0.085222,0.484015,0.723762,0.446561,-0.132864,-0.566352,-0.532905
-0.067066,0.492186,0.725943,0.446714,-0.132767,-0.567288,-0.538770
-0.077815,0.477576,0.707510,0.422542,-0.162621,-0.600815,-0.571050
-0.103970,0.457494,0.686613,0.393027,-0.204577,-0.649232,-0.617073
-0.142731,0.422028,0.654417,0.374819,-0.198180,-0.616504,-0.568999
-0.091179,0.474090,0.706975,0.422003,-0.164143,-0.603308,-0.575483
-0.110323,0.448261,0.675505,0.381039,-0.215481,-0.658085,-0.622915
-0.142658,0.435772,0.682684,0.407705,-0.171463,-0.606647,-0.583660
-0.159431,0.313683,0.452351,0.129726,-0.411655,-0.747833,-0.611103
-0.082951,0.472618,0.654881,0.321705,-0.281914,-0.699314,-0.623539
-0.106956,0.488911,0.732582,0.437786,-0.171768,-0.628269,-0.602966
-0.124680,0.456680,0.710400,0.443138,-0.132298,-0.566715,-0.541027
-0.081898,0.471684,0.700806,0.416008,-0.168987,-0.606033,-0.574154
-0.104980,0.456604,0.684868,0.391411,-0.207043,-0.651562,-0.616337
-0.135052,0.445377,0.694263,0.421242,-0.157948,-0.592171,-0.562382
-0.099182,0.460384,0.693485,0.412632,-0.168453,-0.604557,-0.574673
-0.110405,0.447296,0.672688,0.378345,-0.218060,-0.661522,-0.625248
-0.143898,0.434639,0.678726,0.394115,-0.199482,-0.646023,-0.618664
-0.145172,0.425579,0.666836,0.390167,-0.190678,-0.625565,-0.592522
-0.121208,0.444450,0.678703,0.390205,-0.204308,-0.648834,-0.618496
-0.142052,0.431622,0.672848,0.386375,-0.210037,-0.656445,-0.632851
-0.188484,0.316311,0.484417,0.179234,-0.364403,-0.714539,-0.601410
-0.124966,0.343239,0.436024,0.069885,-0.487251,-0.804855,-0.623343
-0.033237,0.590548,0.822803,0.496174,-0.142977,-0.616114,-0.592649
-0.107396,0.483794,0.741388,0.466244,-0.126771,-0.576655,-0.554572
-0.085340,0.485089,0.728945,0.450934,-0.135154,-0.576220,-0.548328
-0.080179,0.484294,0.715414,0.421854,-0.176706,-0.622312,-0.588169
-0.105031,0.475275,0.722084,0.439186,-0.156624,-0.605369,-0.578244
-0.103037,0.473315,0.723042,0.452803,-0.123632,-0.558065,-0.531416
-0.069384,0.485121,0.712223,0.421518,-0.170307,-0.610218,-0.577269
-0.102150,0.467278,0.702333,0.412676,-0.182993,-0.628662,-0.595558
-0.117355,0.460993,0.707817,0.435678,-0.142635,-0.575996,-0.549259
-0.103737,0.417809,0.606405,0.301977,-0.269249,-0.667250,-0.588858
-0.083359,0.496639,0.725561,0.422010,-0.187426,-0.638926,-0.607689
-0.124498,0.457815,0.705641,0.425705,-0.167170,-0.613977,-0.596653
-0.171192,0.302166,0.437172,0.114824,-0.420418,-0.743677,-0.588285
-0.027975,0.571169,0.791708,0.466167,-0.165062,-0.629372,-0.598135
-0.110062,0.478064,0.729692,0.449615,-0.146332,-0.595213,-0.570179
-0.098022,0.475307,0.722042,0.450787,-0.125675,-0.558182,-0.527672
-0.065720,0.488705,0.712795,0.420086,-0.172752,-0.612686,-0.577808
-0.101757,0.469574,0.705540,0.414829,-0.180908,-0.626644,-0.594585
-0.116440,0.460873,0.706673,0.425709,-0.165257,-0.611151,-0.584129
-0.113909,0.456528,0.698444,0.419491,-0.163620,-0.598803,-0.567030
-0.097961,0.463518,0.689722,0.394224,-0.203321,-0.645966,-0.608885
-0.125761,0.453556,0.697435,0.414570,-0.178276,-0.624081,-0.603806
-0.166632,0.328098,0.487207,0.174086,-0.370577,-0.717829,-0.588167
-0.048468,0.540998,0.762695,0.443188,-0.180107,-0.639482,-0.606283
-0.120171,0.466013,0.714743,0.432772,-0.162119,-0.609951,-0.583876
-0.109707,0.464642,0.711407,0.435305,-0.149866,-0.591974,-0.567066
-0.100893,0.461626,0.694717,0.405067,-0.189615,-0.633331,-0.601219
-0.122044,0.453360,0.694338,0.406645,-0.190007,-0.637627,-0.606452
-0.127230,0.452129,0.699956,0.421977,-0.169934,-0.616765,-0.590673
-0.120394,0.451078,0.694021,0.417062,-0.165048,-0.601192,-0.569395
-0.101279,0.459257,0.686480,0.391016,-0.206496,-0.649107,-0.612968
-0.129801,0.450536,0.695428,0.412587,-0.179257,-0.626020,-0.597907
-0.124646,0.449780,0.698580,0.427424,-0.153820,-0.595945,-0.573004
-0.112686,0.443055,0.667482,0.370228,-0.229056,-0.672441,-0.632185
-0.144934,0.439452,0.686403,0.402676,-0.193952,-0.642524,-0.614246
-0.137891,0.440580,0.690460,0.414516,-0.171471,-0.616339,-0.592207
-0.123870,0.441772,0.677962,0.394314,-0.195395,-0.634183,-0.600118
-0.123890,0.445663,0.680847,0.390343,-0.205185,-0.648759,-0.614552
-0.134274,0.444177,0.689153,0.408350,-0.183427,-0.628170,-0.600984
-0.128642,0.440968,0.682067,0.402308,-0.181600,-0.617568,-0.584620
-0.113405,0.449225,0.677549,0.382201,-0.215197,-0.657690,-0.620459
-0.137184,0.442284,0.687290,0.404566,-0.188137,-0.633799,-0.605566
-0.131212,0.444298,0.693197,0.422140,-0.159006,-0.600054,-0.577024
-0.116615,0.439215,0.663731,0.368517,-0.225813,-0.662338,-0.620167
-0.133953,0.444523,0.685617,0.399015,-0.196554,-0.642122,-0.610868
-0.133518,0.443007,0.689007,0.411171,-0.175714,-0.618540,-0.591410
-0.124006,0.440708,0.674028,0.386562,-0.204002,-0.641682,-0.604565
-0.126289,0.445295,0.681513,0.390081,-0.205389,-0.648907,-0.614643
-0.134310,0.443220,0.688259,0.406544,-0.184185,-0.628866,-0.600641
-0.127270,0.446289,0.696184,0.426113,-0.153078,-0.594147,-0.572111
-0.112692,0.440207,0.662792,0.366646,-0.227634,-0.664110,-0.620913
-0.133680,0.445805,0.688873,0.402275,-0.191338,-0.635944,-0.604717
-0.129347,0.446196,0.693171,0.420208,-0.162827,-0.603792,-0.579702
-0.116291,0.440561,0.666090,0.370905,-0.223400,-0.659899,-0.617704
-0.131464,0.448011,0.688143,0.400587,-0.194950,-0.639511,-0.607261
-0.129900,0.445660,0.691678,0.414837,-0.171062,-0.613889,-0.586760
-0.118382,0.450227,0.695217,0.423216,-0.156912,-0.597930,-0.573892
-0.114440,0.440443,0.664997,0.367868,-0.229337,-0.669687,-0.629352
-0.142024,0.441461,0.688497,0.406804,-0.186831,-0.633414,-0.606097
-0.131672,0.444886,0.695799,0.426736,-0.154386,-0.596389,-0.575282
-0.114827,0.440073,0.665621,0.369478,-0.223823,-0.660304,-0.617113
-0.130864,0.449597,0.691681,0.406060,-0.188538,-0.633146,-0.602895
-0.126541,0.448999,0.697926,0.424942,-0.157136,-0.598133,-0.574074
-0.110696,0.453937,0.697915,0.426864,-0.149393,-0.587553,-0.564592
-0.107184,0.443719,0.664329,0.365245,-0.231944,-0.671300,-0.629980
-0.141677,0.442774,0.691744,0.411968,-0.178792,-0.624482,-0.598234
-0.126823,0.445772,0.693734,0.422725,-0.158373,-0.600351,-0.577265
-0.116802,0.440059,0.664620,0.370429,-0.222890,-0.659390,-0.616218
-0.129988,0.448501,0.690585,0.404963,-0.188658,-0.632299,-0.602066
-0.125730,0.449792,0.698701,0.427653,-0.154461,-0.596471,-0.573416
-0.112009,0.442859,0.665444,0.368317,-0.227910,-0.663384,-0.619195
-0.130004,0.450443,0.693490,0.406869,-0.187743,-0.633342,-0.602120
-0.125780,0.450723,0.698649,0.424675,-0.157408,-0.598410,-0.573380
-0.109038,0.455571,0.697574,0.425541,-0.153642,-0.591770,-0.566823
-0.107449,0.445404,0.667945,0.371751,-0.222575,-0.658120,-0.614979
-0.128779,0.450656,0.694654,0.411904,-0.178872,-0.622625,-0.594459
-0.128960,0.428012,0.657567,0.377113,-0.198688,-0.623693,-0.587691
-0.146656,0.339201,0.478774,0.140438,-0.424322,-0.777805,-0.638687
-0.077888,0.535416,0.775852,0.468077,-0.151413,-0.613855,-0.588583
-0.110327,0.472954,0.728571,0.458305,-0.123039,-0.567219,-0.548273
-0.096798,0.447245,0.669849,0.394222,-0.168983,-0.582489,-0.536076
-0.065205,0.489273,0.704624,0.401302,-0.198139,-0.636803,-0.593822
-0.106812,0.473423,0.719189,0.440140,-0.147953,-0.590027,-0.563129
-0.095966,0.469490,0.711346,0.436241,-0.144035,-0.582272,-0.556458
-0.094273,0.459412,0.680820,0.382523,-0.212910,-0.648575,-0.605556
-0.118504,0.461781,0.704659,0.420799,-0.170097,-0.613976,-0.583981
-0.111786,0.459629,0.704464,0.428406,-0.153793,-0.592957,-0.569035
-0.114578,0.431446,0.656010,0.379406,-0.184772,-0.599239,-0.554752
-0.084805,0.468754,0.684177,0.378977,-0.223299,-0.664768,-0.623589
-0.134449,0.450829,0.702570,0.427492,-0.159592,-0.604572,-0.585436
-0.140604,0.383194,0.582813,0.295172,-0.259418,-0.647774,-0.570570
-0.075039,0.492149,0.708382,0.397141,-0.210146,-0.653652,-0.611565
-0.122503,0.461721,0.710463,0.432409,-0.154692,-0.597738,-0.571804
-0.105589,0.460875,0.701784,0.426716,-0.152546,-0.588799,-0.563948
-0.107599,0.441278,0.669649,0.393879,-0.174355,-0.596748,-0.558163
-0.093088,0.459553,0.677974,0.377697,-0.219700,-0.659264,-0.618153
-0.132986,0.448356,0.695219,0.417261,-0.171697,-0.615602,-0.591495
-0.126111,0.49,0.706583,0.425647,-0.154546,-0.586839,-0.552204
-0.082256,0.477163,0.698394,0.396992,-0.201524,-0.640246,-0.596350
-0.108428,0.470757,0.711575,0.422743,-0.173087,-0.617943,-0.586962
-0.111839,0.461502,0.705317,0.428246,-0.153978,-0.592190,-0.572210
-0.140215,0.350355,0.512175,0.205641,-0.338358,-0.694721,-0.600460
-0.162241,0.248564,0.289366,-0.099934,-0.638008,-0.911304,-0.714196
-0.200419,0.257914,0.339953,-0.009472,-0.519768,-0.789974,-0.627905
-0.185971,0.198244,0.244937,-0.084812,-0.535559,-0.730156,-0.453136
0.181770,0.801086,0.997635,0.631691,-0.030815,-0.507576,-0.473068
0.024086,0.621185,0.875824,0.593826,-0.002090,-0.453896,-0.431778
0.035515,0.603027,0.844955,0.567940,-0.015221,-0.457314,-0.440224
-0.006226,0.499001,0.679222,0.382118,-0.168198,-0.544510,-0.455399
0.047035,0.612259,0.820663,0.499695,-0.118217,-0.569336,-0.536766
-0.075691,0.447586,0.628128,0.318642,-0.243927,-0.621628,-0.529968
-0.062111,0.410271,0.517929,0.167488,-0.378990,-0.697769,-0.526230
0.048126,0.655312,0.873070,0.538895,-0.096992,-0.562019,-0.529556
-0.039291,0.549034,0.800850,0.521927,-0.068985,-0.515816,-0.499504
-0.067245,0.427475,0.589493,0.277283,-0.273323,-0.634300,-0.531914
-0.058319,0.412918,0.518463,0.163979,-0.389442,-0.715096,-0.562080
-0.039284,0.471909,0.593597,0.225800,-0.359375,-0.721375,-0.618050
-0.170845,0.263512,0.357925,0.035408,-0.454094,-0.718353,-0.561142
-0.125992,0.252472,0.297371,-0.031242,-0.482819,-0.681183,-0.412781
0.210648,0.819565,1.011673,0.645218,-0.014862,-0.490189,-0.456223
0.039413,0.634033,0.889145,0.611511,0.017975,-0.432449,-0.421677
0.008011,0.505066,0.674271,0.371109,-0.176407,-0.542130,-0.447403
0.028366,0.525162,0.664810,0.328476,-0.238235,-0.602463,-0.483795
0.050873,0.640198,0.862732,0.545990,-0.072632,-0.528358,-0.503288
-0.049660,0.470146,0.652122,0.345039,-0.217102,-0.597321,-0.512070
-0.045677,0.435020,0.556763,0.214424,-0.337715,-0.672844,-0.522392
0.035942,0.633125,0.850731,0.522278,-0.105988,-0.566399,-0.534233
-0.052078,0.523331,0.761375,0.476624,-0.111267,-0.548264,-0.521225
-0.082245,0.412312,0.573185,0.262779,-0.286045,-0.644268,-0.546970
-0.102825,0.308960,0.348774,-0.036633,-0.565975,-0.833565,-0.630810
-0.101685,0.385513,0.489300,0.132101,-0.415215,-0.735788,-0.608988
-0.172709,0.228365,0.294687,-0.030268,-0.494827,-0.712881,-0.466923
0.121586,0.677357,0.823654,0.454819,-0.159737,-0.566513,-0.472416
0.055466,0.650780,0.884117,0.576126,-0.036758,-0.490719,-0.462921
0.011959,0.583088,0.822741,0.538595,-0.049677,-0.491943,-0.470139
-0.030491,0.480341,0.660265,0.358952,-0.199429,-0.580805,-0.499626
-0.026536,0.478372,0.620198,0.272353,-0.311613,-0.687075,-0.570723
-0.046168,0.511690,0.697189,0.368194,-0.225431,-0.630985,-0.557154
-0.087427,0.405367,0.540083,0.203762,-0.347294,-0.686232,-0.553223
-0.060991,0.408199,0.496090,0.126072,-0.429062,-0.740784,-0.559307
0.015125,0.601887,0.792576,0.450153,-0.170464,-0.601788,-0.545689
-0.077908,0.426628,0.576885,0.249119,-0.305187,-0.655163,-0.534069
-0.048771,0.423317,0.518959,0.152714,-0.404549,-0.724236,-0.570194
-0.100090,0.274918,0.236301,-0.208248,-0.732689,-0.927036,-0.600914
0.078766,0.697540,0.862320,0.476631,-0.166348,-0.593468,-0.512695
-0.017540,0.504345,0.660061,0.329880,-0.232689,-0.589890,-0.470108
0.032444,0.547977,0.691532,0.348320,-0.225208,-0.594246,-0.476425
0.053478,0.629314,0.834560,0.511444,-0.097866,-0.533627,-0.488766
-0.030178,0.475986,0.635658,0.315262,-0.241516,-0.602745,-0.492805
0.002918,0.519508,0.668995,0.331665,-0.241890,-0.615837,-0.512646
-0.029457,0.458115,0.570068,0.207279,-0.362186,-0.700813,-0.546982
-0.001896,0.553841,0.722580,0.381855,-0.210697,-0.605423,-0.517937
-0.040546,0.452995,0.580639,0.235344,-0.324604,-0.667477,-0.537388
-0.062706,0.366638,0.405285,0.007973,-0.533176,-0.800747,-0.567707
0.026573,0.584171,0.719601,0.342937,-0.262756,-0.642178,-0.523899
-0.020874,0.476582,0.590515,0.230663,-0.330040,-0.659985,-0.512207
-0.026836,0.394539,0.417473,0.010445,-0.527630,-0.780441,-0.528870
0.082788,0.653692,0.795456,0.411390,-0.210442,-0.608789,-0.515127
-0.043335,0.426109,0.532803,0.192152,-0.334870,-0.629490,-0.449644
0.084097,0.589512,0.698622,0.325185,-0.255829,-0.605913,-0.469309
0.037211,0.524453,0.623376,0.249622,-0.318999,-0.648981,-0.489523
0.033788,0.525947,0.618025,0.236511,-0.331007,-0.651105,-0.476971
0.059903,0.565499,0.668932,0.290850,-0.286951,-0.625053,-0.468765
0.064096,0.585247,0.713856,0.350946,-0.232336,-0.593458,-0.456076
0.101995,0.709644,0.938587,0.620377,-0.003614,-0.464682,-0.448811
-0.022861,0.444124,0.569862,0.237337,-0.301174,-0.624760,-0.480452
0.015148,0.476925,0.550623,0.167511,-0.391817,-0.699883,-0.516748
0.026119,0.532776,0.633358,0.247574,-0.341755,-0.688347,-0.533623
0.003559,0.528023,0.656013,0.294457,-0.279663,-0.626819,-0.491218
-0.003264,0.441172,0.491833,0.098598,-0.447310,-0.725471,-0.522467
-0.022408,0.349064,0.287403,-0.178036,-0.708532,-0.895210,-0.554657
0.130526,0.733261,0.870419,0.468107,-0.165953,-0.564705,-0.451920
0.060295,0.575638,0.706303,0.352272,-0.218307,-0.565872,-0.430683
0.076382,0.566113,0.669449,0.298107,-0.272041,-0.608421,-0.444569
0.132893,0.749008,0.978523,0.650131,0.008232,-0.469601,-0.461555
-0.033592,0.441250,0.572819,0.245094,-0.291588,-0.611412,-0.460449
0.054440,0.553875,0.663902,0.295284,-0.283880,-0.633104,-0.485878
0.068281,0.654476,0.857292,0.523945,-0.098429,-0.543229,-0.492675
0.005734,0.594318,0.838570,0.553120,-0.041329,-0.486790,-0.473031
-0.067724,0.366118,0.459030,0.112546,-0.418289,-0.716677,-0.550316
-0.067032,0.332748,0.323553,-0.107483,-0.648821,-0.884338,-0.596088
0.080246,0.746487,0.979771,0.625816,-0.047268,-0.547203,-0.549328
-0.128498,0.328548,0.437618,0.100315,-0.422398,-0.711761,-0.538410
-0.066761,0.295128,0.237648,-0.214848,-0.738377,-0.924980,-0.598999
0.035622,0.545300,0.581490,0.128983,-0.481522,-0.794388,-0.568142
0.063351,0.689064,0.893921,0.547947,-0.075226,-0.506176,-0.448734
0.006683,0.475525,0.581612,0.228634,-0.319397,-0.634838,-0.467808
0.064953,0.578194,0.694080,0.316616,-0.276199,-0.638950,-0.493408
0.077637,0.699120,0.938847,0.622528,-0.010330,-0.485065,-0.478828
-0.052654,0.424324,0.559967,0.234329,-0.304195,-0.630722,-0.486397
0.020939,0.512897,0.616497,0.241520,-0.338081,-0.682842,-0.524357
0.052689,0.671326,0.902382,0.576500,-0.061920,-0.537277,-0.516022
-0.035900,0.548241,0.797867,0.517746,-0.070442,-0.512627,-0.504402
-0.133873,0.225479,0.233864,-0.154358,-0.658142,-0.875000,-0.596588
0.031914,0.613663,0.759338,0.369385,-0.269012,-0.684746,-0.579979
-0.025879,0.599335,0.857414,0.559303,-0.059418,-0.530869,-0.529190
-0.117294,0.334808,0.445816,0.109451,-0.421120,-0.724129,-0.549652
-0.004616,0.529587,0.667229,0.297653,-0.306870,-0.693916,-0.573418
-0.018379,0.597015,0.839516,0.530846,-0.094421,-0.562599,-0.552780
-0.124023,0.352592,0.486923,0.158997,-0.380783,-0.705627,-0.560608
-0.064270,0.395309,0.461960,0.070892,-0.493362,-0.797516,-0.591919
0.022034,0.658707,0.891998,0.557587,-0.091232,-0.573944,-0.555115
-0.070526,0.519974,0.778854,0.504959,-0.085831,-0.537430,-0.529755
-0.121658,0.326660,0.435867,0.093826,-0.444321,-0.756790,-0.579956
-0.000351,0.613007,0.835922,0.502960,-0.137589,-0.608200,-0.581268
-0.093536,0.496185,0.749390,0.468933,-0.126434,-0.577652,-0.569595
-0.175797,0.231049,0.291367,-0.071762,-0.587799,-0.846130,-0.621490
-0.057983,0.444702,0.523804,0.118698,-0.475113,-0.808533,-0.621216
-0.010712,0.635239,0.882599,0.562149,-0.078690,-0.559387,-0.545364
-0.067520,0.518280,0.775391,0.502716,-0.084946,-0.533432,-0.536331
-0.189514,0.126816,0.086716,-0.327042,-0.816086,-0.987061,-0.647522
0.044472,0.680336,0.859116,0.472664,-0.191589,-0.645638,-0.574944
-0.039955,0.583900,0.850410,0.567474,-0.040100,-0.505409,-0.501549
-0.075768,0.410583,0.560402,0.237091,-0.316704,-0.666176,-0.530907
0.019218,0.619003,0.843102,0.520111,-0.109589,-0.573357,-0.544525
-0.056892,0.529808,0.780998,0.500481,-0.093956,-0.544281,-0.521667
-0.053864,0.517105,0.761482,0.486916,-0.095764,-0.537369,-0.514893
-0.056030,0.497292,0.718338,0.418694,-0.180031,-0.620918,-0.582092
-0.096275,0.481804,0.720543,0.429649,-0.169197,-0.617043,-0.586098
-0.108078,0.469109,0.714783,0.435638,-0.152542,-0.597633,-0.592278
-0.231415,0.106651,0.090057,-0.312141,-0.806320,-0.994110,-0.671249
0.023766,0.692902,0.918327,0.556587,-0.119316,-0.616173,-0.596687
-0.103653,0.499153,0.765327,0.494774,-0.095654,-0.546883,-0.530041
-0.067963,0.492447,0.723446,0.432693,-0.159180,-0.596210,-0.557480
-0.077610,0.492615,0.722595,0.424000,-0.178574,-0.624252,-0.588223
-0.103218,0.477959,0.722702,0.438736,-0.155205,-0.601120,-0.573147
-0.101006,0.472309,0.718052,0.443859,-0.138439,-0.579659,-0.562660
-0.139481,0.335522,0.469219,0.131897,-0.429901,-0.778500,-0.634537
-0.071873,0.540356,0.776791,0.462124,-0.163219,-0.626575,-0.599277
-0.117062,0.469170,0.721851,0.446724,-0.140411,-0.586422,-0.570263
-0.141079,0.343781,0.488220,0.157631,-0.402382,-0.754093,-0.617130
-0.062378,0.543961,0.775536,0.458004,-0.167244,-0.629528,-0.599216
-0.113035,0.474192,0.726883,0.449814,-0.140224,-0.587156,-0.563124
-0.094887,0.475533,0.722311,0.452080,-0.126301,-0.565590,-0.557423
-0.173269,0.220097,0.266088,-0.112209,-0.640355,-0.901863,-0.662799
-0.043005,0.564299,0.755816,0.401524,-0.227914,-0.661139,-0.591285
-0.077643,0.508469,0.743447,0.451755,-0.135195,-0.566374,-0.522826
-0.042097,0.524094,0.749096,0.446539,-0.156057,-0.598829,-0.558950
-0.073065,0.506054,0.744846,0.454975,-0.143841,-0.588726,-0.556805
-0.077824,0.498356,0.744003,0.464832,-0.122406,-0.565590,-0.539795
-0.072750,0.495506,0.740143,0.469738,-0.108814,-0.548283,-0.526619
-0.071480,0.476189,0.690662,0.386475,-0.213825,-0.654316,-0.609238
-0.117214,0.468967,0.716717,0.434753,-0.159153,-0.606014,-0.578976
-0.106781,0.467560,0.715298,0.445038,-0.135319,-0.575588,-0.552769
-0.094528,0.457203,0.675697,0.373543,-0.224739,-0.661274,-0.615208
-0.124153,0.459114,0.701046,0.413322,-0.182384,-0.627117,-0.596016
-0.118816,0.456581,0.703415,0.428356,-0.153828,-0.594925,-0.571949
-0.124287,0.406216,0.610527,0.319714,-0.247787,-0.652843,-0.598049
-0.154987,0.310413,0.418983,0.061649,-0.498482,-0.825886,-0.657009
-0.096996,0.471588,0.648190,0.306480,-0.290947,-0.690491,-0.599953
-0.104877,0.419876,0.581367,0.255951,-0.306770,-0.668015,-0.547340
-0.010696,0.580612,0.799255,0.476715,-0.147644,-0.603188,-0.565224
-0.073418,0.515472,0.764915,0.483650,-0.109573,-0.556740,-0.530014
-0.059113,0.511986,0.757484,0.484024,-0.095612,-0.535164,-0.516525
-0.081970,0.416023,0.574440,0.244995,-0.330505,-0.708313,-0.595261
-0.054436,0.549812,0.789093,0.485046,-0.128799,-0.585648,-0.558746
-0.079857,0.500145,0.749573,0.475128,-0.108406,-0.550850,-0.530190
-0.084831,0.440453,0.640564,0.349495,-0.212410,-0.608017,-0.537025
-0.044731,0.520226,0.735214,0.423721,-0.184799,-0.627579,-0.584778
-0.095009,0.487953,0.733490,0.451286,-0.139938,-0.584137,-0.558372
-0.098190,0.450584,0.672005,0.389359,-0.180817,-0.596336,-0.554840
-0.117165,0.353645,0.472443,0.118408,-0.450188,-0.793793,-0.647812
-0.126122,0.382042,0.495857,0.129066,-0.442398,-0.776161,-0.613594
-0.067650,0.473320,0.621574,0.272293,-0.306259,-0.675385,-0.571312
-0.102867,0.363274,0.473534,0.139359,-0.384171,-0.681175,-0.499786
0.076515,0.678787,0.891663,0.554611,-0.081207,-0.545181,-0.510696
-0.020401,0.566986,0.818832,0.540924,-0.048004,-0.492874,-0.476578
-0.046295,0.445480,0.607513,0.296310,-0.253326,-0.613327,-0.501205
0.023056,0.603088,0.816391,0.494415,-0.126434,-0.577545,-0.539108
-0.048782,0.536682,0.784698,0.501999,-0.089722,-0.535385,-0.512070
-0.053329,0.494965,0.716904,0.434738,-0.135925,-0.552917,-0.514847
-0.078598,0.400543,0.542236,0.220642,-0.324600,-0.669510,-0.538513
-0.001404,0.583534,0.797806,0.472893,-0.152832,-0.610718,-0.576042
-0.086517,0.502060,0.756088,0.482292,-0.105484,-0.551155,-0.535645
-0.102226,0.399513,0.573372,0.269974,-0.281677,-0.651489,-0.559814
-0.096825,0.364883,0.454155,0.080627,-0.484818,-0.805763,-0.628532
-0.068069,0.484360,0.638115,0.283539,-0.308083,-0.689178,-0.586212
-0.101295,0.390930,0.520210,0.183380,-0.363289,-0.696907,-0.582054
-0.141022,0.275505,0.352242,0.022957,-0.461533,-0.706177,-0.477768
0.123619,0.730240,0.933746,0.581551,-0.069283,-0.542282,-0.513817
-0.034355,0.531548,0.758224,0.471970,-0.103729,-0.521812,-0.477020
-0.035103,0.445755,0.583290,0.257568,-0.289833,-0.631020,-0.494385
0.050255,0.639725,0.854568,0.528259,-0.096909,-0.554237,-0.519028
-0.030937,0.553284,0.801033,0.521988,-0.067093,-0.512108,-0.495956
-0.063858,0.430710,0.595505,0.285072,-0.266716,-0.630806,-0.531509
-0.059998,0.416008,0.527252,0.174515,-0.382065,-0.713776,-0.556023
0.011505,0.618774,0.844429,0.521015,-0.107140,-0.570362,-0.544891
-0.083050,0.456619,0.658283,0.358986,-0.211075,-0.608906,-0.541096
-0.080269,0.406635,0.541378,0.208984,-0.343060,-0.685909,-0.551891
-0.031319,0.503059,0.655525,0.300644,-0.297136,-0.687263,-0.586422
-0.088949,0.431337,0.585478,0.251795,-0.312277,-0.677792,-0.591623
-0.167286,0.248320,0.331968,0.009527,-0.472078,-0.717770,-0.501148
0.054390,0.569693,0.671999,0.276199,-0.330870,-0.698948,-0.550865
0.027592,0.656424,0.906368,0.601160,-0.019712,-0.486475,-0.476246
-0.030489,0.497137,0.696629,0.402981,-0.159529,-0.552816,-0.485397
-0.027895,0.462543,0.603705,0.272785,-0.283671,-0.638714,-0.513854
0.023027,0.611645,0.831512,0.513114,-0.104212,-0.557683,-0.530365
-0.076459,0.443627,0.622958,0.313253,-0.250508,-0.631347,-0.543770
-0.076051,0.404010,0.522204,0.176349,-0.374381,-0.704207,-0.561186
-0.067825,0.383932,0.437950,0.036331,-0.526663,-0.819790,-0.600349
0.012684,0.627932,0.835121,0.495371,-0.129436,-0.571762,-0.526564
-0.068613,0.428137,0.575558,0.251820,-0.295565,-0.638685,-0.515686
-0.036308,0.420141,0.496382,0.121656,-0.429354,-0.736984,-0.559273
-0.006147,0.552671,0.731302,0.400379,-0.189301,-0.594856,-0.554235
-0.166246,0.231897,0.320705,0.016077,-0.446905,-0.687819,-0.498694
-0.014346,0.415777,0.480580,0.122845,-0.394728,-0.666305,-0.460690
0.100537,0.633188,0.755604,0.371906,-0.237837,-0.617366,-0.490406
0.054413,0.636241,0.840590,0.516579,-0.085802,-0.510795,-0.456243
0.001201,0.494505,0.637527,0.311373,-0.237435,-0.582954,-0.463316
0.013699,0.468778,0.548535,0.176311,-0.374183,-0.681312,-0.499205
0.053387,0.590179,0.725498,0.356541,-0.242498,-0.620213,-0.506100
-0.010141,0.477383,0.582455,0.221634,-0.333191,-0.653406,-0.494036
0.010633,0.464794,0.520205,0.124836,-0.430025,-0.718039,-0.523819
-0.030514,0.336222,0.269871,-0.196308,-0.720699,-0.894487,-0.542143
0.149841,0.755405,0.895367,0.494850,-0.143295,-0.550007,-0.447060
0.049545,0.546490,0.662838,0.306347,-0.251041,-0.586502,-0.480335
-0.101627,0.169144,0.075115,-0.340332,-0.772446,-0.873344,-0.534714
0.020630,0.434181,0.449364,0.068825,-0.420547,-0.636841,-0.421371
0.048058,0.428230,0.458183,0.115723,-0.336899,-0.525589,-0.253479
0.340393,0.875092,0.987778,0.596359,-0.017166,-0.405365,-0.300690
0.186859,0.669937,0.769592,0.395554,-0.176285,-0.509491,-0.348358
0.192215,0.724884,0.864899,0.506424,-0.080307,-0.454620,-0.344009
0.150406,0.648102,0.771042,0.418121,-0.150375,-0.499802,-0.372330
0.118301,0.589783,0.677963,0.303314,-0.260345,-0.584427,-0.416214
0.134323,0.679810,0.829575,0.471024,-0.128464,-0.517380,-0.420242
0.059845,0.537506,0.639633,0.277832,-0.278954,-0.603065,-0.458305
-0.006210,0.341179,0.280067,-0.166275,-0.675896,-0.849701,-0.526680
0.063004,0.472496,0.399651,-0.100319,-0.662117,-0.862236,-0.520355
0.165154,0.761375,0.889145,0.484360,-0.143356,-0.530952,-0.404182
0.129700,0.682114,0.854385,0.518120,-0.069061,-0.462395,-0.379402
0.087646,0.563118,0.671852,0.313675,-0.249290,-0.586372,-0.437859
0.098030,0.643658,0.805302,0.460464,-0.130318,-0.522324,-0.429226
0.065430,0.592667,0.755625,0.422840,-0.156969,-0.542983,-0.453711
0.022510,0.514887,0.642338,0.292942,-0.277918,-0.632584,-0.497587
0.053244,0.653723,0.878504,0.559107,-0.063122,-0.522434,-0.505791
-0.082977,0.376030,0.492897,0.157455,-0.379051,-0.694786,-0.539757
-0.027657,0.464142,0.566612,0.195404,-0.378494,-0.719559,-0.562286
0.003799,0.604744,0.821213,0.492615,-0.137756,-0.599258,-0.575989
-0.136826,0.346207,0.481979,0.153564,-0.386719,-0.714005,-0.576279
-0.103775,0.311676,0.334625,-0.070419,-0.608475,-0.863205,-0.633057
-0.113907,0.266739,0.204422,-0.267532,-0.804459,-0.994568,-0.653488
0.031250,0.633560,0.770325,0.369568,-0.259995,-0.653290,-0.536072
-0.025314,0.484695,0.609116,0.252808,-0.312180,-0.650299,-0.511597
-0.029358,0.401611,0.436005,0.032516,-0.513763,-0.781555,-0.542877
0.077499,0.685364,0.872528,0.508041,-0.138336,-0.589340,-0.538086
-0.069260,0.430450,0.569092,0.235687,-0.311523,-0.642746,-0.497208
0.014267,0.510315,0.619934,0.251877,-0.320847,-0.663696,-0.513077
0.037628,0.610626,0.796463,0.453140,-0.165436,-0.596695,-0.528809
-0.015182,0.581665,0.828232,0.540192,-0.057785,-0.506744,-0.493515
-0.083847,0.360168,0.465118,0.124710,-0.407928,-0.715912,-0.554184
-0.041306,0.435654,0.516571,0.127945,-0.446625,-0.771729,-0.586914
0.010361,0.640274,0.874680,0.545303,-0.100494,-0.581207,-0.575989
-0.162521,0.278442,0.371582,0.028275,-0.488663,-0.763504,-0.576736
-0.099594,0.253098,0.182602,-0.279861,-0.800552,-0.976532,-0.632187
0.028427,0.572662,0.642120,0.200104,-0.426392,-0.774643,-0.580521
0.047455,0.712646,0.974213,0.663910,0.031128,-0.445480,-0.445007
-0.023590,0.452591,0.594269,0.274612,-0.266785,-0.602997,-0.466324
0.065659,0.631821,0.822617,0.487137,-0.128571,-0.566757,-0.510620
-0.008636,0.580566,0.821533,0.525986,-0.082367,-0.539642,-0.520981
-0.073700,0.443726,0.625305,0.321732,-0.233994,-0.605911,-0.507538
-0.005692,0.544312,0.734711,0.410568,-0.188019,-0.608246,-0.543121
-0.041977,0.539566,0.770004,0.465027,-0.146820,-0.601685,-0.571823
-0.090012,0.489944,0.735443,0.457108,-0.127365,-0.565842,-0.550049
-0.157349,0.246429,0.304688,-0.059494,-0.579544,-0.843765,-0.616196
0.001968,0.630127,0.851074,0.506393,-0.146744,-0.628845,-0.604492
-0.114456,0.480499,0.737915,0.458694,-0.138367,-0.591278,-0.593674
-0.248306,0.057816,0.007629,-0.398560,-0.861526,-0.999817,-0.654282
-0.050064,0.377731,0.323044,-0.171616,-0.749619,-0.978500,-0.657272
0.039047,0.680176,0.861237,0.477043,-0.175201,-0.612473,-0.540779
-0.069267,0.400879,0.492645,0.133308,-0.399529,-0.681351,-0.490761
0.002850,0.384525,0.339809,-0.113731,-0.649048,-0.851254,-0.523167
0.186771,0.869691,1.101905,0.738083,0.053252,-0.453457,-0.443753
0.044447,0.644391,0.909659,0.638186,0.043901,-0.412151,-0.414757
-0.035442,0.354088,0.397232,0.025860,-0.490562,-0.742428,-0.495785
0.131489,0.754967,0.958576,0.600616,-0.054955,-0.524841,-0.482544
0.025261,0.629990,0.888275,0.604034,-0.000946,-0.461731,-0.458282
-0.057327,0.370247,0.456947,0.110161,-0.409248,-0.686546,-0.481720
0.099236,0.675858,0.848663,0.487541,-0.143791,-0.575981,-0.502190
0.021210,0.625755,0.873131,0.575142,-0.039551,-0.502136,-0.480934
-0.005745,0.570572,0.816345,0.535332,-0.057640,-0.506523,-0.507874
-0.165382,0.132996,0.073151,-0.345528,-0.818924,-0.960724,-0.610855
0.009354,0.461792,0.429550,-0.059486,-0.649521,-0.900078,-0.610130
0.025887,0.565292,0.642639,0.220154,-0.380127,-0.705353,-0.505035
0.089035,0.671799,0.840958,0.485962,-0.117813,-0.511948,-0.404358
0.133942,0.734695,0.964615,0.648346,0.021393,-0.444580,-0.419891
0.058746,0.639435,0.884659,0.601135,0.003693,-0.447662,-0.426071
0.041672,0.609634,0.851028,0.573486,-0.013138,-0.458664,-0.443985
-0.015320,0.476822,0.630417,0.302032,-0.267532,-0.639465,-0.523544
0.015228,0.612564,0.843018,0.528275,-0.095200,-0.556717,-0.528580
-0.046524,0.534653,0.782318,0.500259,-0.092773,-0.542686,-0.533325
-0.138229,0.272804,0.338257,-0.022728,-0.542519,-0.807480,-0.579666
0.036781,0.663216,0.881493,0.534157,-0.118675,-0.598541,-0.572952
-0.082664,0.511551,0.766281,0.487312,-0.108513,-0.561180,-0.540886
-0.079285,0.477718,0.709251,0.429775,-0.147995,-0.575935,-0.543827
-0.097870,0.406536,0.567402,0.236481,-0.342432,-0.724600,-0.615862
-0.078339,0.523625,0.760638,0.453379,-0.163643,-0.622662,-0.594973
-0.115299,0.464505,0.713748,0.435217,-0.153337,-0.598797,-0.581114
-0.149443,0.340809,0.491571,0.162369,-0.401161,-0.762215,-0.634506
-0.085991,0.517097,0.749367,0.435455,-0.187180,-0.648827,-0.618855
-0.135937,0.448059,0.696579,0.416355,-0.176804,-0.623894,-0.600990
-0.144608,0.394547,0.606445,0.317299,-0.251480,-0.657806,-0.595474
-0.105888,0.461273,0.680412,0.369133,-0.242104,-0.691467,-0.652245
-0.160164,0.427063,0.675858,0.391998,-0.204758,-0.654434,-0.626266
-0.151970,0.425430,0.674263,0.401184,-0.181969,-0.624992,-0.600983
-0.139618,0.416199,0.638748,0.339645,-0.256592,-0.694016,-0.649811
-0.161560,0.418915,0.659088,0.368622,-0.228790,-0.674255,-0.641891
-0.162476,0.414154,0.659271,0.380585,-0.207153,-0.649841,-0.626465
-0.183289,0.325195,0.493057,0.172012,-0.400040,-0.778336,-0.668686
-0.131210,0.469727,0.705734,0.397476,-0.218567,-0.675629,-0.644043
-0.158539,0.425079,0.674210,0.394608,-0.196960,-0.642487,-0.620941
-0.180557,0.325165,0.498108,0.192825,-0.357758,-0.722580,-0.612274
-0.087860,0.495255,0.714584,0.395660,-0.222168,-0.673187,-0.633652
-0.141266,0.445282,0.692413,0.408875,-0.186584,-0.633041,-0.604614
-0.132019,0.436874,0.677261,0.400696,-0.178101,-0.611923,-0.586609
-0.158127,0.315300,0.445480,0.104691,-0.455666,-0.798927,-0.647713
-0.079819,0.536613,0.773315,0.458908,-0.166176,-0.629272,-0.602699
-0.120216,0.465294,0.717270,0.442413,-0.145424,-0.589195,-0.569847
-0.131645,0.374840,0.551453,0.248833,-0.304001,-0.673996,-0.572739
-0.054359,0.524734,0.743965,0.427876,-0.187149,-0.636372,-0.597019
-0.106766,0.477657,0.723667,0.438999,-0.154659,-0.600292,-0.573017
-0.110359,0.437935,0.656940,0.371891,-0.199677,-0.611694,-0.564779
-0.120747,0.355383,0.477501,0.127728,-0.437620,-0.779966,-0.623951
-0.048367,0.572749,0.812130,0.498421,-0.127928,-0.593265,-0.568912
-0.089616,0.491762,0.742561,0.469472,-0.111740,-0.550909,-0.531881
-0.104746,0.379053,0.532204,0.220985,-0.319847,-0.667213,-0.541584
-0.008812,0.573780,0.787685,0.463383,-0.157829,-0.610260,-0.574093
-0.098717,0.455341,0.667358,0.370502,-0.205925,-0.613976,-0.554337
-0.102577,0.376320,0.502151,0.164848,-0.382294,-0.713440,-0.558060
0.006142,0.609138,0.829582,0.501984,-0.129333,-0.589828,-0.554817
-0.063011,0.525879,0.776299,0.495018,-0.098221,-0.545403,-0.522598
-0.069260,0.465889,0.671860,0.380737,-0.185135,-0.586632,-0.526367
-0.075935,0.405540,0.541733,0.215668,-0.328156,-0.665787,-0.525635
0.019577,0.608627,0.822083,0.491486,-0.138901,-0.599457,-0.563522
-0.070801,0.520950,0.777145,0.502548,-0.086990,-0.534409,-0.520645
-0.091873,0.399399,0.558960,0.249222,-0.296982,-0.651627,-0.532242
-0.000778,0.583450,0.798981,0.475296,-0.146271,-0.599060,-0.560318
-0.068710,0.518005,0.766296,0.483887,-0.108536,-0.553909,-0.535187
-0.103470,0.383896,0.535706,0.218262,-0.329697,-0.678284,-0.559708
-0.074951,0.401489,0.505356,0.151169,-0.397079,-0.715652,-0.543900
0.030670,0.637085,0.856033,0.522079,-0.116531,-0.584244,-0.556381
-0.082413,0.474152,0.693542,0.403976,-0.168152,-0.575851,-0.520767
-0.070587,0.412598,0.549515,0.223175,-0.320908,-0.658813,-0.517944
0.028946,0.619659,0.833786,0.505814,-0.121994,-0.579010,-0.542496
-0.052139,0.535309,0.787231,0.508423,-0.080414,-0.526184,-0.506851
-0.056961,0.476730,0.682220,0.391602,-0.176697,-0.580612,-0.522736
-0.069794,0.425888,0.577133,0.255249,-0.301056,-0.661804,-0.546509
-0.024948,0.540680,0.738770,0.411484,-0.196075,-0.626175,-0.572769
-0.112534,0.382584,0.522537,0.188461,-0.366211,-0.708740,-0.575363
-0.077896,0.398438,0.492432,0.128464,-0.422623,-0.733261,-0.548767
0.039383,0.654404,0.875031,0.539795,-0.099091,-0.565155,-0.536621
-0.059067,0.504974,0.729782,0.439758,-0.138718,-0.557587,-0.512589
-0.066559,0.420334,0.564819,0.243057,-0.301376,-0.645493,-0.521515
-0.024582,0.468811,0.580658,0.208008,-0.378075,-0.730225,-0.578079
-0.009262,0.598305,0.823280,0.507019,-0.107216,-0.552742,-0.520485
-0.077301,0.411644,0.556221,0.232597,-0.314674,-0.655724,-0.527740
-0.034637,0.449089,0.556259,0.198502,-0.359146,-0.688019,-0.527451
0.033096,0.620750,0.821098,0.484344,-0.137497,-0.577858,-0.531685
-0.073746,0.422012,0.565529,0.234009,-0.319122,-0.663055,-0.534019
-0.042801,0.428314,0.518112,0.150955,-0.398422,-0.706390,-0.533905
-0.014275,0.454712,0.513092,0.105049,-0.470192,-0.774475,-0.560242
0.063255,0.706436,0.944229,0.619156,-0.017494,-0.490128,-0.477898
-0.036026,0.471161,0.642586,0.337738,-0.209496,-0.570061,-0.474113
-0.025459,0.402496,0.461250,0.085808,-0.449310,-0.729469,-0.522591
0.042831,0.574768,0.695511,0.315041,-0.284660,-0.652275,-0.521317
-0.004761,0.507080,0.632339,0.276863,-0.290253,-0.632416,-0.488945
0.030251,0.544693,0.677414,0.323456,-0.249969,-0.606201,-0.481560
0.019951,0.513954,0.621529,0.249512,-0.328133,-0.669983,-0.512520
0.043983,0.615898,0.798706,0.460197,-0.143845,-0.556801,-0.485435
-0.016212,0.478027,0.613190,0.279251,-0.271408,-0.609962,-0.477562
0.023819,0.517685,0.633919,0.276337,-0.288956,-0.633224,-0.492805
0.031166,0.558167,0.699409,0.341209,-0.250099,-0.626991,-0.515961
-0.024040,0.462418,0.572296,0.214287,-0.340683,-0.662994,-0.505699
0.000824,0.466587,0.536427,0.150467,-0.406796,-0.708908,-0.527683
-0.027721,0.376858,0.357761,-0.083088,-0.622437,-0.843292,-0.545399
0.102394,0.686638,0.825993,0.437580,-0.183681,-0.578533,-0.471649
0.023003,0.511181,0.619823,0.259609,-0.295601,-0.618156,-0.468922
-0.005547,0.364727,0.330200,-0.102501,-0.618149,-0.815521,-0.502174
0.153111,0.738918,0.871017,0.469551,-0.165627,-0.568413,-0.460602
0.043762,0.547417,0.669434,0.315620,-0.243980,-0.574814,-0.426949
0.074127,0.539360,0.613548,0.230911,-0.326004,-0.630714,-0.454025
0.048264,0.465881,0.464569,0.031570,-0.516632,-0.759941,-0.486259
0.151199,0.746689,0.908890,0.539200,-0.082085,-0.493576,-0.411003
0.074203,0.579376,0.720474,0.382637,-0.179710,-0.533772,-0.417725
0.048889,0.481941,0.532055,0.142181,-0.406265,-0.690853,-0.483479
0.074615,0.582676,0.671947,0.278858,-0.305996,-0.638393,-0.474491
0.049309,0.531212,0.608242,0.220608,-0.343204,-0.651817,-0.475090
0.027241,0.443928,0.446587,0.022392,-0.517071,-0.755627,-0.493847
0.091789,0.581242,0.622780,0.189236,-0.399559,-0.700691,-0.483341
0.099285,0.634583,0.748882,0.366905,-0.222576,-0.573242,-0.436245
0.037460,0.442379,0.445095,0.029753,-0.498991,-0.729860,-0.474138
0.063501,0.452667,0.388992,-0.087246,-0.633343,-0.832558,-0.501509
0.170345,0.752052,0.869347,0.461029,-0.160431,-0.535954,-0.401131
0.121193,0.633846,0.755001,0.392517,-0.180588,-0.526749,-0.392132
0.087997,0.517828,0.552055,0.147409,-0.401026,-0.672907,-0.434391
0.199474,0.840216,1.066776,0.720793,0.065361,-0.419058,-0.410707
0.027317,0.520906,0.670067,0.344131,-0.211303,-0.562414,-0.442460
0.041700,0.510690,0.599343,0.226160,-0.336035,-0.655739,-0.484142
0.067797,0.614683,0.761951,0.394089,-0.218521,-0.618469,-0.522488
-0.037655,0.442757,0.544689,0.183697,-0.366409,-0.675110,-0.504326
0.002861,0.446823,0.484329,0.077072,-0.476860,-0.754181,-0.540573
-0.020241,0.384987,0.356773,-0.095070,-0.640419,-0.861366,-0.550858
0.143608,0.818047,1.046745,0.685303,0.004799,-0.498596,-0.504158
-0.101387,0.316277,0.380470,0.019211,-0.493050,-0.745667,-0.526146
-0.020462,0.351707,0.284866,-0.185692,-0.720291,-0.909081,-0.577454
0.054947,0.545822,0.554588,0.084679,-0.517677,-0.804878,-0.550270
0.085884,0.681053,0.837097,0.466202,-0.143570,-0.530960,-0.420586
0.074593,0.565231,0.674347,0.312645,-0.249908,-0.580719,-0.424049
0.109184,0.636551,0.768387,0.397926,-0.205544,-0.590576,-0.468102
0.087898,0.704231,0.946671,0.636948,0.009644,-0.464462,-0.463486
-0.060089,0.374786,0.464813,0.116440,-0.410400,-0.698975,-0.514099
0.006073,0.462906,0.508270,0.097092,-0.473450,-0.769165,-0.547409
0.083527,0.732132,0.968445,0.629227,-0.029266,-0.521591,-0.525925
-0.131714,0.273560,0.326477,-0.034241,-0.536179,-0.770767,-0.538254
-0.027496,0.339920,0.266434,-0.209747,-0.746002,-0.932510,-0.591797
0.080872,0.651672,0.749390,0.319733,-0.318939,-0.695877,-0.535080
0.068665,0.723526,0.984604,0.674789,0.037613,-0.449203,-0.469604
-0.127441,0.182327,0.136703,-0.272797,-0.746872,-0.897156,-0.562546
0.030807,0.441986,0.368881,-0.135254,-0.708984,-0.921906,-0.595627
0.041229,0.531647,0.537033,0.069626,-0.521439,-0.789658,-0.509399
0.174629,0.846519,1.081482,0.740891,0.095688,-0.375679,-0.348534
0.131531,0.707787,0.946640,0.657776,0.059929,-0.390869,-0.370689
0.091743,0.649544,0.875984,0.579712,-0.021553,-0.470840,-0.443298
0.029366,0.600258,0.838692,0.552361,-0.043938,-0.494156,-0.487076
-0.097168,0.305801,0.361298,-0.007599,-0.532318,-0.799225,-0.566498
0.057739,0.692871,0.915833,0.569260,-0.090652,-0.578506,-0.557922
-0.068680,0.527435,0.785980,0.506912,-0.091965,-0.547668,-0.552826
-0.202393,0.119492,0.087814,-0.310760,-0.784744,-0.945709,-0.619690
-0.002625,0.483826,0.502853,0.044098,-0.560867,-0.863342,-0.621918
0.038300,0.712997,0.965393,0.632339,-0.026855,-0.523804,-0.517090
-0.039673,0.549622,0.810196,0.539948,-0.049210,-0.502106,-0.509384
-0.168869,0.139252,0.093979,-0.318100,-0.801559,-0.964081,-0.621063
0.063644,0.679596,0.836685,0.436554,-0.223663,-0.662964,-0.572769
-0.022385,0.606979,0.871124,0.579987,-0.036713,-0.509094,-0.505402
-0.073944,0.422928,0.586105,0.274063,-0.276382,-0.632309,-0.510269
0.024780,0.611588,0.829666,0.504608,-0.123215,-0.586121,-0.554459
-0.067932,0.517670,0.765823,0.481323,-0.117065,-0.569336,-0.545731
-0.074966,0.496964,0.740356,0.462860,-0.121750,-0.564285,-0.544678
-0.111099,0.383957,0.539474,0.210098,-0.363373,-0.737228,-0.622192
-0.080383,0.523865,0.760223,0.450363,-0.170227,-0.632767,-0.606613
-0.125534,0.456635,0.706284,0.427170,-0.164886,-0.613815,-0.613235
-0.269806,0.029526,-0.029358,-0.446106,-0.917557,-1.056442,-0.694885
-0.028900,0.518692,0.589539,0.147934,-0.482056,-0.835709,-0.653778
-0.064240,0.525803,0.707047,0.358215,-0.249222,-0.652817,-0.558487
-0.052826,0.480453,0.642578,0.307022,-0.268661,-0.637894,-0.522202
-0.010025,0.521881,0.674835,0.321396,-0.275925,-0.663651,-0.548706
0.000816,0.615631,0.861458,0.558029,-0.062042,-0.527031,-0.510155
-0.049019,0.503616,0.725937,0.440254,-0.132927,-0.549484,-0.497307
-0.012917,0.552986,0.776726,0.471939,-0.132866,-0.578812,-0.541107
-0.058357,0.518631,0.757271,0.465286,-0.133667,-0.581627,-0.550797
-0.073875,0.501244,0.743881,0.460762,-0.130394,-0.575508,-0.561394
-0.153770,0.278481,0.366898,0.015972,-0.513390,-0.801514,-0.598602
0.000008,0.621471,0.844585,0.506943,-0.138241,-0.611496,-0.584240
-0.095234,0.496742,0.752186,0.472954,-0.122158,-0.573147,-0.553131
-0.099625,0.437649,0.647686,0.357658,-0.209072,-0.611416,-0.557846
-0.128700,0.305332,0.375980,0.000614,-0.548082,-0.843639,-0.636368
-0.036364,0.566957,0.764292,0.417718,-0.208959,-0.645310,-0.580509
-0.076759,0.498574,0.720922,0.422575,-0.163149,-0.584321,-0.545504
-0.141724,0.244718,0.264314,-0.129396,-0.650352,-0.885201,-0.608981
0.054457,0.711826,0.942186,0.594131,-0.068222,-0.556545,-0.536419
-0.047646,0.548000,0.809021,0.536289,-0.055325,-0.505787,-0.492096
-0.054626,0.456978,0.640602,0.341007,-0.215672,-0.596336,-0.504684
0.005157,0.580650,0.796310,0.476677,-0.143822,-0.598480,-0.560608
-0.068901,0.520866,0.770210,0.485916,-0.111290,-0.562401,-0.541534
-0.090118,0.437279,0.633614,0.336853,-0.225807,-0.616295,-0.533409
-0.028336,0.546341,0.766075,0.451469,-0.162094,-0.611832,-0.571037
-0.081306,0.503571,0.748070,0.459946,-0.139084,-0.587128,-0.558327
-0.081459,0.493599,0.738136,0.458847,-0.128510,-0.571808,-0.550034
-0.101624,0.422791,0.618126,0.322334,-0.240341,-0.633774,-0.570396
-0.142281,0.275116,0.324402,-0.063339,-0.609634,-0.887184,-0.664009
-0.077545,0.467445,0.591377,0.209198,-0.388268,-0.748772,-0.603928
-0.069679,0.458717,0.596481,0.244614,-0.328682,-0.680878,-0.534637
0.030273,0.641777,0.870651,0.545540,-0.086258,-0.551132,-0.519501
-0.032013,0.556488,0.806519,0.524857,-0.069748,-0.519257,-0.494858
-0.025299,0.545456,0.789612,0.514832,-0.068069,-0.509903,-0.492538
-0.068039,0.412170,0.551025,0.213913,-0.352585,-0.708771,-0.573318
-0.017136,0.592575,0.828445,0.515167,-0.107819,-0.570816,-0.545120
-0.065475,0.513321,0.760574,0.482025,-0.104614,-0.547195,-0.527649
-0.100967,0.378464,0.523392,0.204010,-0.340012,-0.683701,-0.548569
-0.005402,0.585541,0.802826,0.477966,-0.148682,-0.605515,-0.569824
-0.079269,0.507385,0.754623,0.471176,-0.123230,-0.571571,-0.552841
-0.119156,0.371132,0.525833,0.210297,-0.336777,-0.687386,-0.571800
-0.093910,0.365967,0.440727,0.052818,-0.515144,-0.825890,-0.626839
-0.034004,0.561241,0.749596,0.401932,-0.217026,-0.639870,-0.565590
-0.070030,0.471794,0.655083,0.339531,-0.231003,-0.613678,-0.524010
-0.050316,0.436638,0.561646,0.221573,-0.329300,-0.663177,-0.512466
0.044189,0.641632,0.858536,0.529373,-0.102509,-0.563583,-0.530121
-0.040833,0.545563,0.795456,0.514633,-0.077179,-0.523926,-0.504608
-0.063507,0.448761,0.629150,0.324387,-0.235451,-0.617294,-0.524849
-0.012268,0.564964,0.783333,0.466377,-0.148537,-0.598625,-0.560143
-0.071732,0.511841,0.755043,0.468567,-0.126884,-0.573326,-0.551735
-0.113274,0.386642,0.550873,0.238914,-0.313400,-0.675072,-0.570450
-0.095604,0.375893,0.479752,0.128487,-0.417831,-0.733513,-0.560844
0.012665,0.618057,0.835007,0.498093,-0.142456,-0.611122,-0.580299
-0.091667,0.497017,0.749191,0.473564,-0.112122,-0.553772,-0.534271
-0.104713,0.381485,0.535057,0.221336,-0.321983,-0.670837,-0.549614
-0.029991,0.521996,0.700703,0.359116,-0.249916,-0.668777,-0.592503
-0.086166,0.483913,0.697155,0.390762,-0.199020,-0.617374,-0.563065
-0.105843,0.388233,0.531059,0.200821,-0.352993,-0.699551,-0.573109
-0.076641,0.412373,0.525764,0.173203,-0.381248,-0.710854,-0.550034
0.017605,0.622047,0.840992,0.509964,-0.125740,-0.592533,-0.567669
-0.107399,0.421925,0.611393,0.306847,-0.254726,-0.635353,-0.548542
-0.081577,0.394802,0.510330,0.166718,-0.378860,-0.701630,-0.539894
0.026691,0.628143,0.845097,0.513069,-0.120693,-0.583611,-0.554909
-0.089859,0.446152,0.640285,0.337433,-0.227352,-0.614098,-0.536278
-0.077251,0.392242,0.500942,0.152523,-0.393913,-0.713619,-0.557640
-0.047531,0.431557,0.520462,0.147541,-0.411449,-0.726017,-0.543461
0.045715,0.663681,0.888210,0.556843,-0.082130,-0.554123,-0.534416
-0.079262,0.444988,0.630402,0.323792,-0.236904,-0.613731,-0.523159
-0.052475,0.430519,0.550640,0.207668,-0.343140,-0.675003,-0.520332
0.040230,0.639614,0.856476,0.527279,-0.102699,-0.562851,-0.533360
-0.066559,0.473137,0.671898,0.371670,-0.198334,-0.594154,-0.523384
-0.065483,0.415592,0.542599,0.207428,-0.337606,-0.670580,-0.532637
-0.032593,0.451170,0.554472,0.191902,-0.371487,-0.704088,-0.547218
-0.001074,0.552778,0.717701,0.368315,-0.233797,-0.634087,-0.546249
-0.065577,0.425365,0.546526,0.197746,-0.356863,-0.685650,-0.534769
-0.018974,0.476490,0.583569,0.217899,-0.347588,-0.681293,-0.517712
0.056564,0.668560,0.893024,0.567455,-0.063820,-0.528187,-0.506790
-0.061684,0.439915,0.599953,0.282852,-0.269680,-0.624737,-0.511620
-0.033241,0.436863,0.535423,0.174995,-0.374554,-0.691486,-0.530811
-0.028748,0.417950,0.458164,0.044819,-0.520035,-0.803284,-0.571133
0.045708,0.647141,0.831852,0.476665,-0.145859,-0.570293,-0.502483
-0.029945,0.467583,0.604046,0.270428,-0.276985,-0.612328,-0.481621
-0.007313,0.422630,0.466747,0.076794,-0.460976,-0.732044,-0.506390
0.089352,0.665970,0.826088,0.458252,-0.163132,-0.574711,-0.491238
-0.005135,0.499973,0.636131,0.297325,-0.260124,-0.601494,-0.467987
0.030594,0.514839,0.618614,0.254555,-0.307396,-0.637604,-0.489113
0.004776,0.445320,0.482368,0.071732,-0.485550,-0.761307,-0.531494
0.056641,0.593506,0.705460,0.317253,-0.278389,-0.633202,-0.489555
0.024918,0.512230,0.606346,0.235634,-0.320198,-0.632622,-0.455772
0.086723,0.609596,0.736000,0.373840,-0.207726,-0.569115,-0.438828
0.090729,0.643745,0.816620,0.474121,-0.128014,-0.534203,-0.457115
0.017784,0.513725,0.645691,0.306625,-0.249115,-0.590759,-0.459465
0.032997,0.503387,0.591469,0.220650,-0.337242,-0.653664,-0.492485
-0.002625,0.413422,0.423271,0.005226,-0.534004,-0.779167,-0.517082
0.098145,0.661850,0.791595,0.404404,-0.210754,-0.595650,-0.476944
0.034302,0.547714,0.679405,0.328339,-0.240273,-0.588814,-0.459465
0.024231,0.471283,0.530396,0.142593,-0.405746,-0.693161,-0.486633
0.084297,0.620697,0.742928,0.360023,-0.243073,-0.612106,-0.483543
0.026741,0.524544,0.634903,0.272484,-0.288811,-0.615448,-0.457565
0.064186,0.562599,0.669662,0.300060,-0.272270,-0.611790,-0.464722
0.052170,0.550663,0.658775,0.287289,-0.291790,-0.637997,-0.491688
0.030315,0.537777,0.651855,0.282368,-0.293747,-0.637993,-0.490719
0.030285,0.535786,0.648891,0.283325,-0.288902,-0.630276,-0.486015
0.016376,0.483906,0.557442,0.170261,-0.391142,-0.697361,-0.503607
0.068336,0.624306,0.774712,0.410931,-0.191776,-0.578991,-0.475277
0.017212,0.512035,0.630192,0.274518,-0.287910,-0.624454,-0.486153
-0.006266,0.417481,0.445694,0.042917,-0.496812,-0.756148,-0.517883
0.070823,0.605314,0.711005,0.310741,-0.303690,-0.673205,-0.532408
-0.001215,0.518291,0.642350,0.278852,-0.296214,-0.639421,-0.497952
-0.009066,0.423598,0.457717,0.054931,-0.487741,-0.749014,-0.523415
-0.004873,0.378075,0.317038,-0.154623,-0.695195,-0.889905,-0.554381
0.118981,0.696334,0.807371,0.395788,-0.224010,-0.591045,-0.441943
0.101372,0.641663,0.788252,0.436312,-0.147831,-0.518610,-0.403503
0.093427,0.591664,0.712215,0.352065,-0.222623,-0.575232,-0.431370
0.129212,0.736413,0.964911,0.640396,0.003317,-0.472672,-0.464748
-0.043742,0.415417,0.529501,0.189339,-0.347942,-0.659559,-0.497530
0.012705,0.477264,0.543951,0.150967,-0.413258,-0.717388,-0.513744
0.090458,0.711590,0.928505,0.587635,-0.057827,-0.529419,-0.509319
-0.069405,0.412403,0.545021,0.215408,-0.323139,-0.643837,-0.501541
-0.035271,0.357407,0.352890,-0.067657,-0.597633,-0.827751,-0.568344
-0.026062,0.364784,0.301811,-0.177620,-0.723938,-0.921402,-0.586655
0.090828,0.676170,0.791222,0.370926,-0.269226,-0.658371,-0.522377
0.017731,0.556801,0.699272,0.344238,-0.234169,-0.589485,-0.461975
0.018936,0.454430,0.494286,0.094238,-0.453529,-0.725716,-0.484573
0.153862,0.801086,1.031151,0.684738,0.021072,-0.474426,-0.469231
-0.022614,0.493172,0.667267,0.360168,-0.189285,-0.547180,-0.436874
0.059204,0.574188,0.721092,0.377296,-0.203659,-0.581032,-0.470490
0.061958,0.653984,0.880157,0.563118,-0.062630,-0.529343,-0.507332
-0.030373,0.548683,0.792290,0.506210,-0.093742,-0.545624,-0.530403
-0.101181,0.383698,0.529144,0.205399,-0.344894,-0.691895,-0.563919
-0.053253,0.466431,0.606308,0.251648,-0.337112,-0.713425,-0.591064
-0.040054,0.570389,0.807983,0.494461,-0.133667,-0.603683,-0.599594
-0.204834,0.197098,0.249634,-0.112411,-0.612732,-0.848633,-0.616425
-0.105988,0.262131,0.189331,-0.284180,-0.818771,-1.002655,-0.661255
0.001343,0.545578,0.612106,0.170120,-0.454376,-0.797714,-0.602631
0.007736,0.624268,0.828812,0.485474,-0.138016,-0.571213,-0.509155
-0.026688,0.496292,0.657974,0.329803,-0.240540,-0.609344,-0.490311
0.051529,0.649933,0.878525,0.559967,-0.069229,-0.537399,-0.513916
-0.031586,0.553772,0.803619,0.520798,-0.076920,-0.531464,-0.513992
-0.063995,0.466873,0.666641,0.372299,-0.189926,-0.580963,-0.506439
-0.026260,0.505203,0.685059,0.361206,-0.229263,-0.637558,-0.560577
-0.049652,0.535721,0.768021,0.462921,-0.150986,-0.607910,-0.580078
-0.099304,0.479630,0.727051,0.450607,-0.132950,-0.571518,-0.558716
-0.174850,0.211380,0.250320,-0.122284,-0.635986,-0.883179,-0.632874
0.000015,0.636871,0.857681,0.508957,-0.150146,-0.634247,-0.611893
-0.121872,0.475021,0.735336,0.458984,-0.136200,-0.589203,-0.594635
-0.252258,0.049911,-0.002243,-0.409393,-0.872345,-1.009628,-0.657227
-0.018890,0.478851,0.499329,0.035172,-0.576126,-0.882935,-0.642853
0.019943,0.700104,0.956970,0.628342,-0.029419,-0.524918,-0.517776
-0.041855,0.546906,0.805984,0.538177,-0.041733,-0.481567,-0.464203
-0.036758,0.448318,0.597839,0.272263,-0.289642,-0.653976,-0.534424
0.003067,0.597176,0.823456,0.507515,-0.115196,-0.576927,-0.549004
-0.066170,0.516754,0.766151,0.484833,-0.108444,-0.558586,-0.537735
-0.082428,0.457603,0.665482,0.371368,-0.201370,-0.606735,-0.540543
-0.046150,0.524780,0.746674,0.438103,-0.172401,-0.622025,-0.586014
-0.101021,0.480148,0.725861,0.439919,-0.155983,-0.603836,-0.576805
-0.104622,0.466782,0.707703,0.427757,-0.157310,-0.593460,-0.561668
-0.097458,0.455292,0.671875,0.369781,-0.225517,-0.660065,-0.613007
-0.122932,0.458397,0.698402,0.407799,-0.191742,-0.640266,-0.610970
-0.133606,0.443916,0.689919,0.410133,-0.178680,-0.623413,-0.620636
-0.275993,0.023552,-0.035110,-0.450653,-0.921906,-1.061562,-0.704674
-0.055031,0.455872,0.487434,0.029373,-0.581741,-0.891281,-0.664658
-0.055237,0.515423,0.655991,0.279549,-0.322990,-0.693417,-0.556448
-0.015373,0.538342,0.703131,0.360448,-0.223300,-0.599536,-0.480057
0.064184,0.663993,0.892988,0.573860,-0.052011,-0.515909,-0.488188
-0.003616,0.580050,0.828217,0.544697,-0.051746,-0.502110,-0.477581
-0.005939,0.565887,0.811119,0.534458,-0.051281,-0.495922,-0.472557
-0.011837,0.544281,0.767120,0.467300,-0.135513,-0.580467,-0.542747
-0.056076,0.524796,0.768257,0.479103,-0.120964,-0.571976,-0.543198
-0.065384,0.511597,0.758034,0.477692,-0.113640,-0.559898,-0.546928
-0.140434,0.293617,0.382835,0.031738,-0.498779,-0.789032,-0.586273
0.015114,0.639328,0.864182,0.528267,-0.115211,-0.590683,-0.564659
-0.075890,0.515846,0.771042,0.492546,-0.101845,-0.553093,-0.533340
-0.076195,0.468597,0.686066,0.400475,-0.168701,-0.580315,-0.524208
-0.038849,0.525085,0.743950,0.434341,-0.174271,-0.621040,-0.580246
-0.090515,0.493393,0.738884,0.450775,-0.147278,-0.596291,-0.567474
-0.090599,0.485451,0.731949,0.454605,-0.131798,-0.576111,-0.551437
-0.086472,0.472885,0.698944,0.402328,-0.194374,-0.633263,-0.592453
-0.106621,0.470497,0.709267,0.418404,-0.180412,-0.626274,-0.594330
-0.115326,0.461853,0.705574,0.424500,-0.165596,-0.609650,-0.581787
-0.110725,0.454681,0.688683,0.400909,-0.189957,-0.628914,-0.592087
-0.115082,0.453289,0.685349,0.389793,-0.208782,-0.651474,-0.614437
-0.131355,0.447918,0.690781,0.407883,-0.185966,-0.630814,-0.602753
-0.128567,0.445801,0.693565,0.421387,-0.159897,-0.602058,-0.585987
-0.163727,0.308414,0.440262,0.101109,-0.458591,-0.803154,-0.654213
-0.087585,0.527588,0.765972,0.453236,-0.170189,-0.633598,-0.609283
-0.135880,0.432831,0.668159,0.386589,-0.192272,-0.617382,-0.582462
-0.148361,0.321838,0.441017,0.091270,-0.469170,-0.803715,-0.651684
-0.128872,0.372581,0.476822,0.099567,-0.476402,-0.806808,-0.634071
-0.071217,0.490414,0.653290,0.302856,-0.292465,-0.679184,-0.577896
-0.082909,0.427101,0.571060,0.236076,-0.320488,-0.665871,-0.523621
0.031471,0.634216,0.857346,0.533386,-0.094337,-0.555183,-0.521500
-0.033951,0.552673,0.801826,0.520264,-0.074242,-0.521706,-0.497223
-0.028557,0.541298,0.785561,0.511841,-0.069016,-0.509804,-0.487495
-0.028801,0.522392,0.739372,0.437660,-0.160194,-0.597290,-0.552773
-0.064232,0.514580,0.753067,0.461914,-0.136215,-0.582375,-0.550743
-0.074005,0.500931,0.744370,0.464966,-0.121529,-0.563980,-0.542336
-0.099915,0.411720,0.594406,0.292908,-0.265640,-0.645226,-0.552490
-0.041580,0.533035,0.750755,0.433174,-0.184303,-0.637917,-0.599983
-0.108208,0.479683,0.730095,0.448822,-0.145386,-0.593521,-0.571655
-0.124115,0.397476,0.588074,0.288567,-0.272903,-0.658302,-0.569382
-0.059319,0.519348,0.740105,0.426514,-0.187012,-0.635735,-0.595879
-0.106110,0.478813,0.723366,0.437256,-0.158813,-0.604881,-0.579010
-0.120674,0.420418,0.629349,0.338226,-0.229576,-0.632011,-0.574612
-0.125076,0.354553,0.486973,0.156197,-0.389355,-0.726738,-0.583393
-0.031113,0.564957,0.783424,0.457790,-0.169628,-0.629181,-0.593235
-0.103424,0.486423,0.738781,0.460400,-0.128986,-0.575275,-0.554508
-0.108070,0.415367,0.609737,0.312988,-0.250633,-0.643055,-0.564018
-0.060818,0.512993,0.732857,0.421303,-0.189228,-0.635952,-0.595104
-0.105316,0.477669,0.721275,0.436180,-0.156925,-0.602013,-0.576149
-0.122696,0.407688,0.606018,0.309280,-0.257256,-0.652563,-0.583223
-0.126734,0.350019,0.462992,0.103184,-0.463316,-0.799963,-0.634392
-0.051291,0.574345,0.814297,0.498224,-0.131445,-0.600069,-0.580925
-0.120462,0.419798,0.624985,0.332108,-0.231581,-0.625050,-0.556822
-0.102415,0.372272,0.495890,0.161270,-0.382231,-0.708796,-0.554735
0.003277,0.600140,0.815483,0.484795,-0.145687,-0.605347,-0.569508
-0.078831,0.509918,0.762154,0.484631,-0.104885,-0.551304,-0.531654
-0.088272,0.430176,0.619606,0.318932,-0.243694,-0.632202,-0.555149
-0.090046,0.395237,0.517632,0.160313,-0.412514,-0.760323,-0.607769
-0.033669,0.586956,0.828777,0.516506,-0.107445,-0.573338,-0.550514
-0.073715,0.507137,0.758396,0.484779,-0.100864,-0.545399,-0.529739
-0.097153,0.404743,0.579731,0.280373,-0.266293,-0.634098,-0.534580
-0.021828,0.549721,0.763428,0.443819,-0.170790,-0.619606,-0.580830
-0.098961,0.469343,0.700356,0.413527,-0.168596,-0.594011,-0.557444
-0.115852,0.370552,0.518475,0.199148,-0.345810,-0.692379,-0.562044
-0.023636,0.563570,0.777164,0.451580,-0.173832,-0.628468,-0.589600
-0.098848,0.488024,0.735476,0.453215,-0.138062,-0.581339,-0.561496
-0.131593,0.351045,0.496214,0.175138,-0.370570,-0.713974,-0.588314
-0.093595,0.395644,0.511215,0.159833,-0.396372,-0.726735,-0.568620
-0.001706,0.602023,0.823195,0.494370,-0.139143,-0.604741,-0.578691
-0.112361,0.430781,0.632962,0.334177,-0.234391,-0.629764,-0.558538
-0.096278,0.390095,0.521381,0.188501,-0.359142,-0.693722,-0.545650
0.009356,0.606167,0.823412,0.494604,-0.134987,-0.593767,-0.561943
-0.088917,0.460857,0.670582,0.374382,-0.197489,-0.601023,-0.538866
-0.086571,0.391882,0.518248,0.183422,-0.362242,-0.692907,-0.553650
-0.054255,0.424965,0.521814,0.155787,-0.401258,-0.722687,-0.547909
0.033560,0.647800,0.872547,0.542374,-0.093464,-0.562344,-0.541508
-0.083279,0.447926,0.639252,0.337521,-0.224197,-0.605949,-0.522213
-0.049511,0.445251,0.581909,0.248482,-0.307522,-0.655277,-0.520267
0.026672,0.619400,0.838451,0.514362,-0.110554,-0.567638,-0.538040
-0.081875,0.436543,0.613247,0.300941,-0.261490,-0.635151,-0.539482
-0.066677,0.410610,0.523125,0.174572,-0.371994,-0.694763,-0.535965
-0.003536,0.528912,0.677513,0.331493,-0.249702,-0.626331,-0.515053
0.010330,0.583645,0.787376,0.463741,-0.147049,-0.582317,-0.535984
-0.074955,0.431683,0.588902,0.267056,-0.287243,-0.642101,-0.525848
-0.034599,0.458027,0.577923,0.226910,-0.335777,-0.676479,-0.526661
0.035931,0.641232,0.866882,0.544445,-0.080795,-0.541134,-0.514763
-0.052036,0.487530,0.690067,0.392601,-0.177601,-0.576550,-0.510834
-0.054039,0.430820,0.565483,0.233990,-0.317169,-0.661102,-0.537926
-0.066181,0.371967,0.428127,0.046211,-0.493355,-0.773041,-0.557865
0.029453,0.601639,0.762257,0.395901,-0.224979,-0.635078,-0.548172
-0.058659,0.447880,0.585468,0.248077,-0.305996,-0.645004,-0.505230
0.011272,0.530869,0.671616,0.323669,-0.251614,-0.617504,-0.493633
0.047150,0.640606,0.863312,0.547722,-0.068783,-0.521446,-0.496262
-0.048378,0.457920,0.626518,0.315945,-0.235985,-0.599243,-0.496201
-0.008286,0.497639,0.641445,0.303371,-0.265057,-0.630016,-0.516933
-0.012230,0.510330,0.656944,0.305050,-0.283909,-0.662373,-0.547043
-0.016666,0.555744,0.756630,0.435059,-0.162935,-0.583570,-0.525667
-0.063917,0.434643,0.582880,0.257021,-0.297348,-0.647390,-0.527342
-0.033310,0.460123,0.580816,0.227663,-0.336168,-0.679955,-0.533195
0.022461,0.618940,0.834876,0.510630,-0.111515,-0.563899,-0.531598
-0.075683,0.438580,0.611166,0.301615,-0.254178,-0.620287,-0.525927
-0.067116,0.381657,0.462016,0.096259,-0.446837,-0.746625,-0.576765
-0.109541,0.242105,0.171558,-0.288996,-0.803894,-0.970219,-0.612417
0.079124,0.681331,0.816020,0.414201,-0.220341,-0.619562,-0.507231
0.011377,0.545756,0.701149,0.361852,-0.210728,-0.577854,-0.462046
0.046328,0.574467,0.733438,0.395729,-0.185049,-0.567137,-0.466156
0.042175,0.588827,0.767115,0.435848,-0.157108,-0.559080,-0.481709
-0.005558,0.498470,0.642355,0.308264,-0.251339,-0.604620,-0.483881
0.016687,0.522448,0.654369,0.304520,-0.265814,-0.623869,-0.497112
0.024067,0.562946,0.720842,0.372305,-0.224085,-0.614796,-0.519426
-0.027388,0.481647,0.621701,0.280891,-0.280482,-0.630632,-0.506785
-0.020713,0.442370,0.525181,0.152078,-0.400258,-0.707256,-0.537710
-0.048342,0.350627,0.336720,-0.096057,-0.633265,-0.858831,-0.570489
0.067845,0.643701,0.774746,0.385921,-0.227924,-0.608591,-0.484715
0.029707,0.544310,0.674246,0.320473,-0.248867,-0.597151,-0.466579
0.016388,0.462715,0.518179,0.129698,-0.418343,-0.703501,-0.489857
0.099842,0.670467,0.828556,0.459682,-0.157845,-0.564629,-0.473476
0.013405,0.511459,0.636726,0.288094,-0.269310,-0.603809,-0.453716
0.086674,0.643600,0.821320,0.486553,-0.109882,-0.518234,-0.441334
0.067547,0.651848,0.885012,0.584663,-0.026506,-0.486586,-0.476568
-0.050554,0.429193,0.572466,0.250474,-0.292247,-0.629773,-0.498302
-0.001743,0.488327,0.598848,0.236590,-0.331380,-0.672434,-0.531757
-0.034861,0.428205,0.499283,0.111629,-0.449262,-0.754961,-0.551895
0.056626,0.689856,0.923643,0.597539,-0.037202,-0.506960,-0.499695
-0.089102,0.349983,0.444183,0.099958,-0.425709,-0.716045,-0.544636
-0.072948,0.293854,0.246128,-0.200611,-0.723320,-0.916927,-0.595932
0.057182,0.620338,0.722206,0.301548,-0.331135,-0.708965,-0.562729
-0.012472,0.535692,0.687168,0.338135,-0.237257,-0.594465,-0.468832
0.026821,0.505247,0.599344,0.228626,-0.331125,-0.649387,-0.481245
0.046762,0.543573,0.639280,0.253550,-0.330847,-0.670599,-0.501287
0.087454,0.715725,0.957293,0.642799,0.016626,-0.449533,-0.436760
0.005651,0.521170,0.704752,0.402178,-0.155506,-0.537176,-0.453367
0.026234,0.545391,0.709141,0.379105,-0.203838,-0.595882,-0.503784
0.014309,0.600906,0.829521,0.517834,-0.101631,-0.563080,-0.545620
-0.106361,0.389442,0.544731,0.227814,-0.317696,-0.662857,-0.539925
-0.052795,0.422081,0.517555,0.148209,-0.416023,-0.742622,-0.570030
0.012199,0.629158,0.857567,0.527122,-0.114838,-0.589783,-0.568115
-0.083672,0.503792,0.757675,0.483749,-0.101234,-0.542191,-0.535667
-0.170738,0.179176,0.182114,-0.202705,-0.695297,-0.900085,-0.630203
-0.081451,0.324615,0.278671,-0.192673,-0.749527,-0.969147,-0.647560
0.063774,0.751022,0.989494,0.631897,-0.046753,-0.549278,-0.543228
-0.091835,0.428696,0.608467,0.305054,-0.240746,-0.595001,-0.482063
0.018585,0.539070,0.690468,0.345261,-0.241966,-0.627502,-0.520164
0.014008,0.610680,0.841461,0.528008,-0.096130,-0.560265,-0.534714
-0.054245,0.527313,0.776337,0.498550,-0.085373,-0.525269,-0.505020
-0.081558,0.391769,0.527687,0.198441,-0.351486,-0.695145,-0.557053
-0.009995,0.585800,0.806915,0.481949,-0.148727,-0.613449,-0.584595
-0.098862,0.487900,0.736221,0.452881,-0.146301,-0.597427,-0.586319
-0.177765,0.259308,0.354446,0.012161,-0.507675,-0.790268,-0.596527
-0.046051,0.475952,0.594681,0.214188,-0.385513,-0.755081,-0.613342
-0.043106,0.580505,0.823349,0.509155,-0.121582,-0.593231,-0.584885
-0.168320,0.280594,0.385529,0.048035,-0.470963,-0.756622,-0.580582
-0.104294,0.266083,0.219955,-0.229095,-0.757019,-0.953842,-0.624313
0.079269,0.746132,0.961479,0.589752,-0.087257,-0.576439,-0.545433
-0.041977,0.566269,0.830978,0.555061,-0.044594,-0.503998,-0.493309
-0.052963,0.463455,0.646957,0.339432,-0.227058,-0.612556,-0.519836
-0.001122,0.585121,0.812401,0.500381,-0.119415,-0.579239,-0.549423
-0.063744,0.521027,0.769325,0.483986,-0.115219,-0.567337,-0.549423
-0.110687,0.389481,0.553001,0.242287,-0.304893,-0.656593,-0.535255
-0.007721,0.567734,0.776520,0.453979,-0.160599,-0.606461,-0.563782
-0.072182,0.510635,0.751137,0.458084,-0.144867,-0.596779,-0.568886
-0.090965,0.486115,0.731682,0.449509,-0.143639,-0.591698,-0.590263
-0.244019,0.057098,-0.000008,-0.417915,-0.893471,-1.037399,-0.667168
0.058189,0.734917,0.948326,0.568825,-0.118824,-0.616581,-0.589191
-0.082474,0.529987,0.800831,0.527092,-0.072353,-0.531548,-0.534317
-0.161983,0.210880,0.236557,-0.137447,-0.633018,-0.848576,-0.574734
0.044352,0.608950,0.737635,0.339643,-0.292070,-0.691409,-0.567465
0.001722,0.635048,0.892376,0.591556,-0.032778,-0.505899,-0.493177
-0.021512,0.555223,0.805319,0.531525,-0.048443,-0.485413,-0.458357
0.003092,0.557981,0.780572,0.485386,-0.110888,-0.552287,-0.518868
-0.042316,0.527546,0.763023,0.471820,-0.126365,-0.573561,-0.543929
-0.068197,0.505739,0.748187,0.464869,-0.128431,-0.575669,-0.553892
-0.110355,0.400437,0.575450,0.264402,-0.297751,-0.671132,-0.566393
-0.040649,0.546705,0.770216,0.454459,-0.165123,-0.622774,-0.589822
-0.102980,0.481970,0.730452,0.447257,-0.147873,-0.597898,-0.572043
-0.100048,0.471167,0.710923,0.428851,-0.157351,-0.594621,-0.569801
-0.136918,0.343791,0.480214,0.141685,-0.421311,-0.773049,-0.632200
-0.070666,0.543367,0.782571,0.470644,-0.153936,-0.620445,-0.596272
-0.115199,0.469897,0.722431,0.448135,-0.140129,-0.587258,-0.566349
-0.109021,0.439851,0.656494,0.362271,-0.220334,-0.641337,-0.586720
-0.096964,0.478178,0.709127,0.410517,-0.193045,-0.640676,-0.605608
-0.123501,0.455784,0.700607,0.417700,-0.175188,-0.621033,-0.593964
-0.121738,0.448730,0.687752,0.404955,-0.180008,-0.616047,-0.581215
-0.109114,0.453421,0.678719,0.379393,-0.220966,-0.663464,-0.624283
-0.139076,0.441330,0.685314,0.400600,-0.194073,-0.640709,-0.611492
-0.136158,0.439346,0.687263,0.413284,-0.170761,-0.612724,-0.588646
-0.125244,0.431602,0.656147,0.359013,-0.237221,-0.674656,-0.631432
-0.144165,0.436325,0.676487,0.386036,-0.211395,-0.656849,-0.624508
-0.145100,0.433468,0.678562,0.399830,-0.188915,-0.632610,-0.627819
-0.275322,0.037865,-0.006306,-0.419212,-0.899574,-1.056076,-0.707085
-0.029142,0.558630,0.680014,0.266981,-0.373764,-0.769344,-0.634828
-0.069804,0.534993,0.752350,0.432453,-0.173652,-0.601344,-0.542617
-0.065398,0.461182,0.637180,0.322220,-0.239916,-0.613287,-0.505615
0.021067,0.608372,0.828888,0.508205,-0.116264,-0.576813,-0.541859
-0.050110,0.540672,0.793945,0.512562,-0.084694,-0.536827,-0.513077
-0.041222,0.533752,0.781128,0.506599,-0.077026,-0.520546,-0.498016
-0.036171,0.520096,0.743080,0.444389,-0.153404,-0.592392,-0.550720
-0.064034,0.514900,0.753502,0.462471,-0.136513,-0.584503,-0.552734
-0.074875,0.502144,0.747650,0.466385,-0.122932,-0.567200,-0.541504
-0.072601,0.491638,0.721558,0.429726,-0.165161,-0.604210,-0.566490
-0.085678,0.487442,0.723213,0.430367,-0.168472,-0.613373,-0.579514
-0.098610,0.478500,0.721169,0.437103,-0.154984,-0.601021,-0.576096
-0.117714,0.424393,0.636284,0.348099,-0.219734,-0.625122,-0.565773
-0.095749,0.426636,0.597511,0.265755,-0.322777,-0.717407,-0.619072
-0.085991,0.517433,0.760773,0.459778,-0.152008,-0.608772,-0.583733
-0.113518,0.448120,0.677414,0.394745,-0.182281,-0.604591,-0.565926
-0.131042,0.337975,0.454033,0.104111,-0.455521,-0.787315,-0.621826
-0.041733,0.579948,0.815971,0.496010,-0.134575,-0.603142,-0.578072
-0.095139,0.491791,0.745171,0.469749,-0.118652,-0.565926,-0.542229
-0.076279,0.491867,0.735413,0.461006,-0.121521,-0.562965,-0.538376
-0.077408,0.477020,0.699165,0.400620,-0.195068,-0.631966,-0.589188
-0.103355,0.475716,0.716419,0.428448,-0.167507,-0.612488,-0.582607
-0.106621,0.468548,0.716129,0.440834,-0.142563,-0.584866,-0.561131
-0.100025,0.455517,0.676815,0.377438,-0.220047,-0.656765,-0.612839
-0.122929,0.457253,0.698082,0.409264,-0.187527,-0.633331,-0.601334
-0.124229,0.453033,0.699757,0.422642,-0.161581,-0.602749,-0.582764
-0.143929,0.363186,0.540421,0.239391,-0.313807,-0.686125,-0.588142
-0.073973,0.502893,0.719925,0.402639,-0.211615,-0.661047,-0.619949
-0.128935,0.457222,0.704950,0.422966,-0.169984,-0.615891,-0.594744
-0.158660,0.336942,0.497890,0.184635,-0.365044,-0.721172,-0.599329
-0.063470,0.526100,0.746925,0.426558,-0.194658,-0.649040,-0.609917
-0.118910,0.468217,0.715928,0.430994,-0.164879,-0.611732,-0.582730
-0.107617,0.467666,0.714382,0.440183,-0.142126,-0.583354,-0.564409
-0.123677,0.390198,0.578032,0.283593,-0.269917,-0.650363,-0.564347
-0.061061,0.506973,0.721111,0.404864,-0.210314,-0.660663,-0.620471
-0.128404,0.461728,0.714370,0.436276,-0.152821,-0.599796,-0.577754
-0.125164,0.411204,0.619370,0.329446,-0.237176,-0.641361,-0.575938
-0.083292,0.485924,0.707094,0.398794,-0.207532,-0.651063,-0.609001
-0.119964,0.463257,0.709051,0.425150,-0.168723,-0.613593,-0.584580
-0.115315,0.447339,0.682521,0.400804,-0.180158,-0.612234,-0.582263
-0.143299,0.346366,0.489711,0.153156,-0.414723,-0.771299,-0.635244
-0.076507,0.535733,0.775113,0.465315,-0.155201,-0.616707,-0.592460
-0.124985,0.430037,0.651800,0.365580,-0.206167,-0.617389,-0.567730
-0.120978,0.363704,0.506015,0.184058,-0.359594,-0.699986,-0.562555
-0.020043,0.569276,0.784962,0.458521,-0.165789,-0.621286,-0.583275
-0.092396,0.495579,0.746077,0.466829,-0.123415,-0.567625,-0.546755
-0.101189,0.420404,0.610996,0.311474,-0.250984,-0.638346,-0.561136
-0.091970,0.403200,0.534412,0.182901,-0.393946,-0.751596,-0.609774
-0.044348,0.573536,0.815575,0.507427,-0.113411,-0.576221,-0.557178
-0.101700,0.434593,0.636826,0.341019,-0.224602,-0.619980,-0.550720
-0.091381,0.394047,0.528305,0.198368,-0.347340,-0.684883,-0.541702
0.007477,0.600471,0.816864,0.490143,-0.137379,-0.594112,-0.558304
-0.069611,0.515213,0.765518,0.489006,-0.097553,-0.540070,-0.522408
-0.091743,0.400433,0.561882,0.254974,-0.288425,-0.643227,-0.536686
-0.059940,0.416367,0.516193,0.142372,-0.432159,-0.768955,-0.599632
-0.011841,0.617455,0.861031,0.548546,-0.077576,-0.545631,-0.531784
-0.082436,0.440941,0.631348,0.332619,-0.225151,-0.606895,-0.523155
-0.046539,0.459915,0.614990,0.289063,-0.272209,-0.636909,-0.522598
0.006760,0.591835,0.812103,0.495079,-0.120880,-0.572998,-0.538475
-0.060829,0.507195,0.737915,0.450798,-0.132591,-0.563171,-0.529778
-0.087425,0.407539,0.565887,0.252983,-0.293434,-0.647316,-0.528145
-0.000793,0.579353,0.791809,0.467049,-0.153641,-0.605560,-0.565948
-0.076424,0.508255,0.756462,0.476898,-0.112682,-0.557217,-0.538624
-0.106056,0.388008,0.552307,0.244316,-0.301128,-0.656982,-0.551476
-0.070873,0.418049,0.543064,0.198105,-0.361504,-0.705990,-0.563820
-0.009781,0.589005,0.812115,0.491077,-0.134724,-0.595612,-0.570751
-0.114391,0.411057,0.598640,0.295162,-0.264381,-0.643967,-0.558075
-0.091049,0.386375,0.503910,0.159363,-0.391048,-0.719582,-0.562580
-0.011417,0.563030,0.751289,0.410374,-0.203861,-0.630814,-0.567444
-0.092461,0.421173,0.575558,0.245045,-0.317833,-0.677284,-0.558743
-0.067173,0.420895,0.533348,0.179848,-0.372597,-0.696312,-0.535515
0.007679,0.560562,0.730385,0.393658,-0.195911,-0.593540,-0.504055
0.013405,0.599377,0.826393,0.518005,-0.095257,-0.549587,-0.521172
-0.046646,0.522186,0.761528,0.483917,-0.094940,-0.525921,-0.493900
-0.026550,0.534191,0.769421,0.489685,-0.093227,-0.532135,-0.507969
-0.048401,0.503658,0.724430,0.430380,-0.159880,-0.593357,-0.558918
-0.112600,0.389229,0.549501,0.231667,-0.327442,-0.690967,-0.584270
-0.101505,0.385655,0.504051,0.154492,-0.400883,-0.734328,-0.588055
-0.076818,0.419021,0.528431,0.166060,-0.399081,-0.734393,-0.578250
-0.034774,0.515464,0.673880,0.319029,-0.283607,-0.676595,-0.578587
-0.085879,0.416991,0.548995,0.204125,-0.352470,-0.689086,-0.552798
-0.078803,0.339118,0.364499,-0.036187,-0.567976,-0.816502,-0.563611
0.045454,0.609888,0.746223,0.361671,-0.254778,-0.642900,-0.527384
-0.019287,0.491011,0.619619,0.269421,-0.291489,-0.629456,-0.483776
0.035648,0.546417,0.671581,0.314053,-0.259007,-0.610973,-0.484047
0.003120,0.454590,0.514172,0.119030,-0.436584,-0.725338,-0.510372
0.082592,0.657440,0.821655,0.460815,-0.151680,-0.556419,-0.467133
0.024719,0.542358,0.694832,0.364357,-0.197525,-0.556976,-0.439430
0.074570,0.618042,0.797081,0.473389,-0.112061,-0.514420,-0.441345
0.042259,0.575157,0.750565,0.422295,-0.164757,-0.563805,-0.485489
-0.012306,0.483902,0.619057,0.280228,-0.277229,-0.622520,-0.491913
0.013557,0.517342,0.643394,0.290665,-0.279594,-0.631714,-0.503952
-0.005219,0.479195,0.576309,0.198807,-0.371567,-0.700340,-0.530891
0.018921,0.560783,0.707970,0.354675,-0.231773,-0.605801,-0.497803
-0.017670,0.449291,0.538872,0.171501,-0.379066,-0.687244,-0.523750
-0.056988,0.299080,0.239738,-0.209721,-0.724380,-0.902199,-0.562634
0.108879,0.691231,0.808205,0.397621,-0.230957,-0.612549,-0.480797
0.044357,0.561783,0.689629,0.332802,-0.236633,-0.580132,-0.441887
0.055511,0.521988,0.599365,0.219887,-0.336823,-0.642296,-0.458565
0.083916,0.587250,0.680626,0.288666,-0.297997,-0.636093,-0.471008
0.080338,0.623711,0.773346,0.421509,-0.162537,-0.535172,-0.421898
0.091774,0.633942,0.807785,0.478935,-0.103813,-0.499588,-0.418037
0.070053,0.601532,0.776505,0.450737,-0.135796,-0.537262,-0.462334
0.014336,0.523750,0.673950,0.340248,-0.226784,-0.590359,-0.477871
0.016472,0.518021,0.647724,0.297626,-0.271973,-0.627346,-0.502819
-0.010208,0.469112,0.567034,0.198156,-0.364651,-0.690817,-0.519758
0.060949,0.677359,0.905226,0.575211,-0.067307,-0.545745,-0.536333
-0.104074,0.378941,0.516668,0.189192,-0.354074,-0.684316,-0.546595
-0.062392,0.374428,0.419508,0.023684,-0.522827,-0.797665,-0.577686
-0.015879,0.479277,0.547962,0.136448,-0.452972,-0.776196,-0.585609
-0.016796,0.522415,0.650375,0.280972,-0.300922,-0.648941,-0.512234
-0.029045,0.396023,0.421646,0.015327,-0.522049,-0.778069,-0.565815
-0.088810,0.243225,0.158131,-0.292423,-0.778858,-0.912098,-0.533243
0.150827,0.708511,0.782478,0.341982,-0.285952,-0.638577,-0.462492
0.116349,0.693794,0.868400,0.522725,-0.076709,-0.476320,-0.383929
0.125645,0.685234,0.886093,0.570336,-0.022897,-0.444694,-0.387962
0.101904,0.673219,0.899370,0.593047,-0.019161,-0.476362,-0.455684
-0.003485,0.520758,0.709080,0.405338,-0.156431,-0.539219,-0.458469
0.008331,0.495285,0.623222,0.279194,-0.284393,-0.635757,-0.504326
0.021492,0.570824,0.741028,0.397850,-0.208858,-0.622494,-0.539093
-0.015945,0.582504,0.822868,0.523796,-0.085114,-0.540024,-0.531708
-0.138626,0.261635,0.313477,-0.054153,-0.568810,-0.822823,-0.602707
-0.090561,0.297775,0.251854,-0.207741,-0.749054,-0.956200,-0.627136
0.085739,0.773537,1.010597,0.647690,-0.037201,-0.546890,-0.553787
-0.139648,0.303940,0.397728,0.056030,-0.456383,-0.724792,-0.531662
-0.051147,0.303886,0.232788,-0.232231,-0.755463,-0.932007,-0.597038
0.028915,0.499725,0.487656,0.008820,-0.585762,-0.852562,-0.577736
0.064789,0.643822,0.774109,0.385506,-0.218353,-0.582291,-0.436951
0.113373,0.680138,0.861740,0.524956,-0.072510,-0.478958,-0.396271
0.116386,0.701492,0.931534,0.625160,0.009972,-0.452148,-0.431465
0.039299,0.610245,0.848732,0.561478,-0.035736,-0.486862,-0.471886
-0.041939,0.444641,0.594673,0.276451,-0.269371,-0.613884,-0.492264
-0.000587,0.488548,0.600098,0.233978,-0.341721,-0.689461,-0.539780
0.027565,0.639526,0.868851,0.543213,-0.093010,-0.565201,-0.542763
-0.061462,0.523849,0.775612,0.500542,-0.084595,-0.524719,-0.516403
-0.139938,0.233124,0.260941,-0.116806,-0.623901,-0.857712,-0.597076
0.044083,0.682312,0.899567,0.546341,-0.117203,-0.605743,-0.584839
-0.095291,0.500168,0.759033,0.480286,-0.117294,-0.571686,-0.574600
-0.219955,0.107056,0.083420,-0.311127,-0.785019,-0.949768,-0.635345
-0.053177,0.367416,0.319290,-0.165955,-0.737564,-0.966934,-0.652069
0.042847,0.693314,0.887527,0.511490,-0.147324,-0.601868,-0.534576
-0.005920,0.611679,0.874893,0.594559,-0.002625,-0.456680,-0.449478
-0.037979,0.421524,0.542786,0.206802,-0.340012,-0.670837,-0.517105
0.044495,0.646851,0.869583,0.541321,-0.093597,-0.562546,-0.535919
-0.051437,0.535065,0.786057,0.503387,-0.093185,-0.545624,-0.533890
-0.118851,0.336349,0.451401,0.115158,-0.419220,-0.729904,-0.556183
0.018372,0.624786,0.843719,0.508789,-0.131760,-0.602386,-0.573502
-0.084824,0.504868,0.757065,0.474609,-0.123688,-0.575882,-0.565842
-0.163239,0.264023,0.347519,-0.000473,-0.517166,-0.790771,-0.585205
-0.018143,0.525192,0.662109,0.285965,-0.327011,-0.719513,-0.600510
-0.044998,0.574783,0.820663,0.513382,-0.110504,-0.578293,-0.558304
-0.081406,0.500534,0.750916,0.472534,-0.118820,-0.568024,-0.568710
-0.226532,0.072525,0.012375,-0.407562,-0.885132,-1.031052,-0.672562
-0.003761,0.550529,0.627998,0.189041,-0.442230,-0.800087,-0.621353
-0.023262,0.588905,0.794029,0.456139,-0.159988,-0.587837,-0.519508
-0.027901,0.510010,0.687462,0.367088,-0.203339,-0.581024,-0.474709
0.054539,0.643398,0.866428,0.548233,-0.075737,-0.536770,-0.506207
-0.021744,0.561813,0.808899,0.524311,-0.073185,-0.524590,-0.501091
-0.030464,0.541336,0.785572,0.506947,-0.080734,-0.525337,-0.501938
-0.039223,0.519859,0.745636,0.447750,-0.154125,-0.600086,-0.564346
-0.080608,0.498337,0.739887,0.449825,-0.150158,-0.601086,-0.572216
-0.094307,0.484722,0.730263,0.449039,-0.143162,-0.591259,-0.577168
-0.163708,0.285069,0.390835,0.049286,-0.484463,-0.786701,-0.600708
-0.013981,0.600594,0.822746,0.488060,-0.153217,-0.625526,-0.597336
-0.107399,0.484528,0.738945,0.459675,-0.136448,-0.587460,-0.564537
-0.094475,0.474827,0.713661,0.429703,-0.158371,-0.596519,-0.568665
-0.124958,0.379166,0.539761,0.212482,-0.360867,-0.736538,-0.622341
-0.080383,0.525974,0.766361,0.461472,-0.155159,-0.616718,-0.591549
-0.112419,0.468800,0.719444,0.444252,-0.142948,-0.589020,-0.566086
-0.100895,0.460651,0.691803,0.400234,-0.193420,-0.633190,-0.596191
-0.116077,0.457321,0.693386,0.400822,-0.196747,-0.641369,-0.607224
-0.127010,0.450401,0.693367,0.409599,-0.182190,-0.627922,-0.603664
-0.152782,0.368225,0.552387,0.243572,-0.322224,-0.705070,-0.608730
-0.088367,0.498539,0.724548,0.413223,-0.202938,-0.656216,-0.621853
-0.134586,0.449810,0.698727,0.416943,-0.177757,-0.625401,-0.599136
-0.131615,0.430294,0.664738,0.386196,-0.190639,-0.618622,-0.579716
-0.105526,0.455166,0.677662,0.375565,-0.224613,-0.664982,-0.621735
-0.133472,0.448002,0.689140,0.400631,-0.196831,-0.643299,-0.610985
-0.131603,0.444981,0.691036,0.412281,-0.175518,-0.618271,-0.607670
-0.225979,0.154213,0.181301,-0.200090,-0.712734,-0.945196,-0.671488
-0.013458,0.641495,0.871424,0.524902,-0.134940,-0.620768,-0.599135
-0.107883,0.489251,0.749804,0.475637,-0.116411,-0.566316,-0.549136
-0.110156,0.400029,0.579322,0.277398,-0.275717,-0.646981,-0.546986
-0.028873,0.550919,0.767908,0.448624,-0.173479,-0.628740,-0.590492
-0.097427,0.493690,0.745350,0.463348,-0.133530,-0.584312,-0.559208
-0.089916,0.473740,0.709908,0.430141,-0.147915,-0.576141,-0.537479
-0.064518,0.496910,0.720127,0.417755,-0.183674,-0.623333,-0.581341
-0.092384,0.488804,0.729652,0.439865,-0.157883,-0.603668,-0.572632
-0.094528,0.481758,0.727516,0.447487,-0.140602,-0.584633,-0.563576
-0.129539,0.364998,0.525871,0.214485,-0.336273,-0.694450,-0.574638
-0.041779,0.546768,0.767555,0.448128,-0.174118,-0.629524,-0.592392
-0.101410,0.486671,0.736298,0.453255,-0.141716,-0.589638,-0.562675
-0.090561,0.480774,0.725525,0.450356,-0.131935,-0.570221,-0.542503
-0.078438,0.478088,0.699379,0.399010,-0.199455,-0.637154,-0.592239
-0.103310,0.477844,0.718666,0.430801,-0.166016,-0.610870,-0.579895
-0.102821,0.473419,0.720116,0.444916,-0.137413,-0.578651,-0.559731
-0.129753,0.356857,0.503036,0.170258,-0.395828,-0.755516,-0.623520
-0.068810,0.540413,0.777786,0.465988,-0.154549,-0.616074,-0.587944
-0.104897,0.478241,0.729813,0.453583,-0.134644,-0.579788,-0.555931
-0.094704,0.459976,0.689209,0.408432,-0.167694,-0.594002,-0.552460
-0.078598,0.481773,0.703941,0.402489,-0.198021,-0.637749,-0.594849
-0.106941,0.473213,0.714981,0.428078,-0.166824,-0.611740,-0.588631
-0.149628,0.346916,0.506836,0.193542,-0.355194,-0.708443,-0.596451
-0.119171,0.341072,0.418152,0.033524,-0.531189,-0.839684,-0.636444
-0.020905,0.622215,0.864845,0.539696,-0.099953,-0.576515,-0.556450
-0.074570,0.513268,0.770470,0.500793,-0.082909,-0.527473,-0.513802
-0.088066,0.398254,0.556824,0.247070,-0.297203,-0.649933,-0.531570
-0.002106,0.579170,0.793724,0.471039,-0.150528,-0.602325,-0.563591
-0.072968,0.512794,0.760117,0.477730,-0.113678,-0.560020,-0.537361
-0.090019,0.431374,0.620796,0.320114,-0.242523,-0.630066,-0.544243
-0.036270,0.539330,0.759010,0.445320,-0.167328,-0.615181,-0.574471
-0.084831,0.498001,0.741463,0.455238,-0.140945,-0.586151,-0.556496
-0.081718,0.491280,0.736694,0.460236,-0.124321,-0.565819,-0.547150
-0.111580,0.391327,0.567314,0.267967,-0.278679,-0.645485,-0.545959
-0.035141,0.535461,0.747261,0.424789,-0.193634,-0.645248,-0.605331
-0.112572,0.477272,0.729630,0.452225,-0.137161,-0.584435,-0.567566
-0.137688,0.351768,0.507591,0.194153,-0.352791,-0.704254,-0.579742
-0.043190,0.545105,0.762711,0.440125,-0.183289,-0.636925,-0.599007
-0.107254,0.480621,0.730042,0.447777,-0.144478,-0.590679,-0.570801
-0.137932,0.350578,0.503517,0.186234,-0.361580,-0.711952,-0.594173
-0.110195,0.365479,0.469563,0.113640,-0.437290,-0.757538,-0.584511
-0.006729,0.605820,0.828892,0.498047,-0.137470,-0.603104,-0.578060
-0.119568,0.404091,0.585995,0.278843,-0.281406,-0.653877,-0.558006
-0.086952,0.388607,0.499413,0.151119,-0.394207,-0.712818,-0.544033
0.027588,0.633049,0.850067,0.516151,-0.118500,-0.582306,-0.548622
-0.057152,0.532372,0.786354,0.511536,-0.076286,-0.522003,-0.503609
-0.058556,0.467407,0.666229,0.371925,-0.192211,-0.589054,-0.524178
-0.061378,0.437244,0.577732,0.230522,-0.348904,-0.717911,-0.590271
-0.035976,0.575764,0.816597,0.511162,-0.106018,-0.566174,-0.547436
-0.098122,0.423279,0.609772,0.307167,-0.254440,-0.636074,-0.553192
-0.087193,0.394096,0.518391,0.179558,-0.368122,-0.698830,-0.546921
0.010910,0.608566,0.825676,0.496731,-0.132019,-0.591923,-0.561211
-0.096123,0.439930,0.635082,0.332264,-0.234444,-0.624062,-0.547142
-0.085094,0.394226,0.515598,0.176796,-0.368896,-0.696659,-0.555508
-0.066925,0.378143,0.425537,0.019306,-0.543373,-0.831303,-0.603779
0.025078,0.662834,0.891350,0.559048,-0.075966,-0.540134,-0.515602
-0.070320,0.428520,0.585831,0.270912,-0.273594,-0.620705,-0.501659
-0.013508,0.473114,0.589989,0.238911,-0.319935,-0.657810,-0.507145
0.052372,0.653648,0.874336,0.548931,-0.078274,-0.538605,-0.515160
-0.069977,0.431702,0.589863,0.270905,-0.282486,-0.637417,-0.524174
-0.042740,0.431374,0.531952,0.174500,-0.375027,-0.691940,-0.527340
-0.001858,0.497341,0.593468,0.205231,-0.382618,-0.724804,-0.557899
0.012840,0.599854,0.794693,0.460289,-0.147499,-0.567093,-0.503281
-0.038612,0.453079,0.586685,0.254150,-0.294144,-0.630356,-0.493668
0.008049,0.496399,0.604233,0.242241,-0.319603,-0.653610,-0.496193
0.065140,0.658447,0.867325,0.538033,-0.082275,-0.527962,-0.490990
-0.038254,0.462105,0.615051,0.293846,-0.259811,-0.612091,-0.497192
-0.016083,0.453804,0.550190,0.187603,-0.366035,-0.686047,-0.531353
-0.049870,0.353008,0.344929,-0.086960,-0.627197,-0.857716,-0.569397
0.087463,0.706093,0.885368,0.515022,-0.124481,-0.559883,-0.493179
-0.012947,0.497078,0.646912,0.319687,-0.233116,-0.579659,-0.454201
0.048103,0.554611,0.687263,0.339111,-0.232475,-0.591774,-0.467239
0.053696,0.598183,0.765541,0.423439,-0.173416,-0.574364,-0.491096
-0.014961,0.478317,0.607643,0.264992,-0.289417,-0.625824,-0.486412
0.023872,0.526566,0.647633,0.289959,-0.281292,-0.629509,-0.496910
0.005646,0.489937,0.584969,0.206390,-0.366032,-0.694889,-0.527473
0.014469,0.539742,0.666584,0.300953,-0.281113,-0.637112,-0.504417
-0.001762,0.484585,0.584579,0.219707,-0.337181,-0.658463,-0.498196
0.011272,0.477997,0.547810,0.160847,-0.396435,-0.699543,-0.501732
0.082047,0.667313,0.846748,0.493164,-0.127773,-0.551613,-0.484196
-0.007164,0.499691,0.647350,0.316025,-0.242792,-0.594320,-0.478682
-0.014418,0.412405,0.457340,0.068201,-0.469738,-0.740000,-0.532095
-0.034016,0.332567,0.260204,-0.209972,-0.738325,-0.914085,-0.564665
0.114658,0.691080,0.800220,0.386761,-0.234901,-0.605728,-0.463314
0.076309,0.615871,0.765652,0.418831,-0.160240,-0.529896,-0.415627
0.086334,0.601276,0.743259,0.396530,-0.181469,-0.552990,-0.441544
0.062508,0.580502,0.723560,0.374969,-0.204872,-0.571377,-0.455935
0.045242,0.550623,0.681189,0.330967,-0.237785,-0.589396,-0.462118
0.043949,0.549295,0.677872,0.324703,-0.246968,-0.603421,-0.468246
0.080803,0.678538,0.900594,0.578495,-0.044462,-0.502544,-0.483710
-0.056772,0.407292,0.528189,0.195754,-0.338754,-0.656414,-0.507208
-0.008701,0.454981,0.531548,0.151278,-0.408157,-0.718281,-0.544994
-0.030437,0.423763,0.469456,0.063488,-0.497963,-0.785656,-0.567677
0.016567,0.563244,0.692734,0.318008,-0.275024,-0.638966,-0.512184
-0.022224,0.434944,0.501156,0.117466,-0.431686,-0.719894,-0.530754
-0.043457,0.322212,0.260662,-0.198799,-0.723373,-0.906132,-0.567554
0.106884,0.688232,0.805183,0.394581,-0.232059,-0.610756,-0.475163
0.059658,0.597401,0.746349,0.397732,-0.181160,-0.548683,-0.428391
0.092236,0.642269,0.822929,0.494976,-0.094704,-0.500275,-0.423550
0.082226,0.661495,0.889671,0.584377,-0.029739,-0.490780,-0.477810
-0.044968,0.445457,0.598320,0.280952,-0.265984,-0.611588,-0.488136
0.019035,0.541107,0.692116,0.350426,-0.232338,-0.612473,-0.513466
-0.018791,0.500656,0.652985,0.312614,-0.269814,-0.648643,-0.537590
-0.001678,0.595741,0.829216,0.525276,-0.083588,-0.536484,-0.522270
-0.112602,0.325577,0.421799,0.077637,-0.451874,-0.748947,-0.581284
-0.095718,0.305359,0.299393,-0.128433,-0.666595,-0.901886,-0.617325
0.054398,0.717041,0.945786,0.591248,-0.081436,-0.579025,-0.575867
-0.141022,0.341629,0.479004,0.156052,-0.374893,-0.689026,-0.542175
-0.071381,0.325775,0.323746,-0.096268,-0.628647,-0.861160,-0.594330
-0.004669,0.486847,0.531418,0.097946,-0.497574,-0.808304,-0.593597
0.003998,0.572693,0.721069,0.356262,-0.237686,-0.609375,-0.482468
0.048645,0.603195,0.782486,0.451233,-0.136826,-0.535904,-0.453720
0.043808,0.593414,0.787323,0.467636,-0.128510,-0.547302,-0.483688
0.016922,0.596939,0.828812,0.525223,-0.087189,-0.543610,-0.523117
-0.077942,0.430573,0.599426,0.285187,-0.274261,-0.641068,-0.538605
-0.056137,0.431702,0.547836,0.190155,-0.377167,-0.719528,-0.564499
0.006180,0.621445,0.853073,0.527771,-0.110077,-0.584839,-0.575699
-0.153473,0.303986,0.413483,0.077576,-0.446686,-0.739532,-0.563766
-0.063354,0.365112,0.386307,-0.029297,-0.577805,-0.838013,-0.591812
0.006714,0.550949,0.663376,0.265884,-0.348709,-0.719376,-0.568954
0.017670,0.655579,0.908661,0.597763,-0.036552,-0.514687,-0.513763
-0.094795,0.371132,0.495842,0.165230,-0.370392,-0.686218,-0.532265
-0.035889,0.409088,0.455406,0.052017,-0.506882,-0.793015,-0.563728
0.070786,0.719994,0.955940,0.617325,-0.039581,-0.529350,-0.522377
-0.073006,0.446487,0.627182,0.323715,-0.224098,-0.583282,-0.476212
0.009842,0.509033,0.639328,0.287865,-0.286987,-0.647568,-0.514526
0.037308,0.640732,0.870392,0.549965,-0.080116,-0.548187,-0.525566
-0.044090,0.539436,0.790413,0.509674,-0.085953,-0.537460,-0.526756
-0.112755,0.340462,0.453545,0.115334,-0.422935,-0.737473,-0.564651
0.012932,0.625267,0.850090,0.519020,-0.120636,-0.593292,-0.568382
-0.081703,0.508949,0.761124,0.477669,-0.122597,-0.576744,-0.572556
-0.200150,0.161072,0.172287,-0.207245,-0.692657,-0.889351,-0.614395
-0.071342,0.312462,0.238617,-0.245728,-0.792015,-0.982609,-0.635181
0.061710,0.677032,0.820812,0.413349,-0.239475,-0.655838,-0.540951
0.029020,0.666048,0.928995,0.632759,0.011007,-0.462490,-0.463820
-0.055887,0.388368,0.490616,0.145567,-0.389712,-0.692506,-0.503171
0.088807,0.708570,0.933893,0.598424,-0.048525,-0.526473,-0.502906
-0.014635,0.577578,0.834217,0.554207,-0.043642,-0.498330,-0.487853
-0.068219,0.400329,0.532507,0.206364,-0.330698,-0.654797,-0.499275
0.060175,0.657475,0.875198,0.544903,-0.090075,-0.558109,-0.530573
-0.044224,0.541204,0.790152,0.505457,-0.093122,-0.545595,-0.522175
-0.050646,0.521075,0.764256,0.485568,-0.100218,-0.540991,-0.524533
-0.121426,0.304385,0.385440,0.026245,-0.510339,-0.802687,-0.600057
0.003157,0.630159,0.856809,0.520713,-0.126846,-0.603434,-0.579484
-0.090821,0.501791,0.757861,0.479252,-0.116222,-0.569522,-0.572307
-0.228300,0.074513,0.020059,-0.392301,-0.860405,-0.999886,-0.640871
0.024532,0.574480,0.651546,0.212185,-0.421439,-0.784564,-0.606169
0.011119,0.671596,0.934339,0.623251,-0.015168,-0.499317,-0.492641
-0.023062,0.555515,0.806459,0.533504,-0.047585,-0.485666,-0.459711
0.002600,0.557367,0.778860,0.479656,-0.119621,-0.563993,-0.528637
-0.048210,0.525492,0.764774,0.474413,-0.122940,-0.571264,-0.542752
-0.068129,0.504709,0.747046,0.465570,-0.125905,-0.571334,-0.552649
-0.119011,0.372208,0.525877,0.204431,-0.351416,-0.706821,-0.579381
-0.037003,0.558046,0.782343,0.461504,-0.163116,-0.623804,-0.591910
-0.106115,0.479751,0.729140,0.446845,-0.148371,-0.597502,-0.572716
-0.106663,0.451830,0.678982,0.388332,-0.195620,-0.623819,-0.577311
-0.094618,0.474503,0.701441,0.400808,-0.203777,-0.649490,-0.612522
-0.127556,0.452610,0.696354,0.410423,-0.184479,-0.631344,-0.603333
-0.128216,0.446095,0.691853,0.414753,-0.171406,-0.614487,-0.610069
-0.255013,0.070469,0.038479,-0.370178,-0.860012,-1.035667,-0.709564
-0.061138,0.489582,0.578167,0.155113,-0.465275,-0.821136,-0.651161
-0.076393,0.496067,0.663815,0.313324,-0.283031,-0.674685,-0.589024
-0.129057,0.338448,0.454952,0.125988,-0.394326,-0.686196,-0.496783
0.086484,0.695662,0.910500,0.573434,-0.068259,-0.539042,-0.509351
-0.020869,0.569599,0.822558,0.542810,-0.051847,-0.502396,-0.481956
-0.017296,0.547617,0.787952,0.512300,-0.067551,-0.505377,-0.479170
-0.018559,0.533552,0.751442,0.448669,-0.150232,-0.589344,-0.545843
-0.059299,0.519493,0.757961,0.466789,-0.132338,-0.579489,-0.547861
-0.071127,0.502827,0.747246,0.467834,-0.120619,-0.564032,-0.552139
-0.158436,0.248299,0.305578,-0.066423,-0.595175,-0.863146,-0.628540
0.001478,0.644297,0.874901,0.536858,-0.113605,-0.595028,-0.571964
-0.085159,0.506588,0.763756,0.487209,-0.104267,-0.552635,-0.537838
-0.103172,0.395901,0.563202,0.255264,-0.295998,-0.658588,-0.547062
-0.021435,0.561897,0.778492,0.454899,-0.169514,-0.628044,-0.591084
-0.098312,0.492512,0.743877,0.461590,-0.135574,-0.586639,-0.560841
-0.087927,0.487127,0.735567,0.462095,-0.120472,-0.562935,-0.540335
-0.080360,0.474058,0.696196,0.396666,-0.199991,-0.637852,-0.595053
-0.107243,0.471832,0.711563,0.421655,-0.175241,-0.622129,-0.590233
-0.113226,0.461982,0.706672,0.428512,-0.158696,-0.600869,-0.579928
-0.139170,0.370827,0.548962,0.244918,-0.313222,-0.691413,-0.595342
-0.079161,0.501655,0.723575,0.409180,-0.206118,-0.657562,-0.619432
-0.129409,0.455769,0.703502,0.420547,-0.173365,-0.620226,-0.591232
-0.118077,0.455266,0.701039,0.426885,-0.156355,-0.598502,-0.577538
-0.126013,0.407345,0.604717,0.294334,-0.291578,-0.703150,-0.630390
-0.119720,0.470287,0.710108,0.415407,-0.188190,-0.638786,-0.610561
-0.145000,0.406174,0.626080,0.339003,-0.231638,-0.643713,-0.593920
-0.150936,0.321228,0.437469,0.083834,-0.478500,-0.813946,-0.650112
-0.069708,0.554235,0.792515,0.474787,-0.155542,-0.622864,-0.597542
-0.114355,0.471861,0.725502,0.451328,-0.134865,-0.579943,-0.556023
-0.090832,0.474617,0.716471,0.440383,-0.141844,-0.582014,-0.556163
-0.093940,0.461733,0.684136,0.385851,-0.209574,-0.646209,-0.603173
-0.116104,0.463215,0.704166,0.417419,-0.177319,-0.621091,-0.592943
-0.130393,0.415844,0.629882,0.340893,-0.231642,-0.641686,-0.588904
-0.141008,0.337976,0.461948,0.111086,-0.455338,-0.797772,-0.641841
-0.066338,0.555678,0.795952,0.481178,-0.145248,-0.610657,-0.586373
-0.104214,0.480979,0.736537,0.465236,-0.118111,-0.562324,-0.544388
-0.102705,0.419921,0.617399,0.326652,-0.230045,-0.621467,-0.547306
-0.056747,0.498676,0.702272,0.384372,-0.220723,-0.653267,-0.599339
-0.107338,0.465149,0.692493,0.399101,-0.188545,-0.616501,-0.576590
-0.131680,0.358013,0.503338,0.178509,-0.371895,-0.718000,-0.582319
-0.033726,0.563572,0.784239,0.460777,-0.165462,-0.622875,-0.585781
-0.093857,0.494175,0.741798,0.457752,-0.136265,-0.582264,-0.558281
-0.104744,0.425724,0.623154,0.326504,-0.237999,-0.631294,-0.560940
-0.103447,0.379181,0.510662,0.179928,-0.365585,-0.699032,-0.552765
-0.001499,0.591606,0.807137,0.476631,-0.154636,-0.617035,-0.581947
-0.089088,0.504753,0.761063,0.485619,-0.103790,-0.552055,-0.536179
-0.103378,0.395798,0.565155,0.260231,-0.288048,-0.650604,-0.541008
-0.017288,0.562202,0.776932,0.456390,-0.163063,-0.613739,-0.573883
-0.082153,0.503731,0.752151,0.469879,-0.122398,-0.568611,-0.543877
-0.090569,0.444550,0.647568,0.353516,-0.214279,-0.615715,-0.553436
-0.097107,0.395111,0.539993,0.215698,-0.337105,-0.688530,-0.561050
-0.020584,0.570610,0.791084,0.470360,-0.151215,-0.605957,-0.574028
-0.103836,0.443138,0.650085,0.352119,-0.220528,-0.621895,-0.557587
-0.099251,0.389091,0.526237,0.198189,-0.348579,-0.687172,-0.546013
0.003120,0.595093,0.811455,0.483727,-0.142845,-0.599609,-0.562851
-0.072243,0.515457,0.766655,0.489082,-0.099510,-0.545021,-0.521530
-0.059700,0.497528,0.731232,0.453903,-0.121742,-0.551483,-0.522141
-0.078926,0.426659,0.591629,0.263786,-0.315010,-0.700966,-0.597946
-0.065109,0.535141,0.776306,0.477066,-0.131027,-0.584145,-0.565262
-0.127510,0.368752,0.528397,0.214828,-0.335167,-0.690636,-0.578888
-0.097961,0.378593,0.484528,0.132393,-0.416748,-0.736191,-0.566284
0.007423,0.614960,0.834045,0.504128,-0.129494,-0.592278,-0.564407
-0.105072,0.419426,0.603127,0.295807,-0.264618,-0.641167,-0.550316
-0.081306,0.394173,0.507835,0.161392,-0.384056,-0.705719,-0.553627
-0.055191,0.398666,0.449875,0.044502,-0.523193,-0.817078,-0.595451
0.028534,0.662437,0.887138,0.554962,-0.076996,-0.535202,-0.506721
-0.058502,0.441292,0.598572,0.282639,-0.262871,-0.610977,-0.491943
0.001076,0.496429,0.622925,0.274536,-0.288475,-0.635376,-0.495605
0.057022,0.655373,0.878044,0.557533,-0.065796,-0.523262,-0.494057
-0.018753,0.544983,0.773415,0.484993,-0.098717,-0.527672,-0.491684
-0.049706,0.445862,0.603821,0.289551,-0.259193,-0.616371,-0.507301
-0.018295,0.481880,0.607292,0.245140,-0.339325,-0.701607,-0.568283
-0.032776,0.524216,0.699089,0.362495,-0.228897,-0.625397,-0.539665
-0.064011,0.422935,0.544037,0.201065,-0.347786,-0.674782,-0.527008
-0.021133,0.459625,0.554085,0.183731,-0.374680,-0.695503,-0.519157
0.064835,0.680595,0.907822,0.582047,-0.048454,-0.514984,-0.496712
-0.050797,0.459419,0.633850,0.325142,-0.227867,-0.595123,-0.497025
-0.022789,0.459808,0.578560,0.230316,-0.328644,-0.666634,-0.534645
-0.065887,0.343918,0.354416,-0.062965,-0.602509,-0.848946,-0.593979
0.007385,0.557358,0.688156,0.316681,-0.275078,-0.643623,-0.542885
-0.094353,0.337402,0.426300,0.099281,-0.389801,-0.641945,-0.429771
0.127213,0.654671,0.781708,0.413330,-0.183197,-0.561356,-0.445740
0.080994,0.646851,0.838303,0.507370,-0.096008,-0.517097,-0.455757
0.010376,0.510330,0.655052,0.325706,-0.230179,-0.580757,-0.459297
0.036125,0.531898,0.654900,0.305000,-0.259521,-0.605965,-0.477463
0.010284,0.469162,0.537056,0.146240,-0.415825,-0.717819,-0.520851
0.048424,0.594910,0.734955,0.369698,-0.224701,-0.599770,-0.484993
0.008690,0.494926,0.602638,0.242470,-0.315620,-0.642975,-0.490677
0.004044,0.446404,0.493050,0.096817,-0.450111,-0.726357,-0.504845
0.084839,0.643730,0.785309,0.409851,-0.200516,-0.588486,-0.480637
0.018875,0.520660,0.643768,0.292015,-0.268478,-0.605072,-0.464859
0.030586,0.493179,0.567688,0.187325,-0.367325,-0.670761,-0.489876
0.024391,0.467552,0.494484,0.072853,-0.486542,-0.756577,-0.513283
0.098961,0.674347,0.827377,0.458389,-0.151443,-0.545731,-0.444138
0.063812,0.600327,0.768562,0.439056,-0.138485,-0.522255,-0.431740
0.049618,0.550987,0.688316,0.342846,-0.230968,-0.596386,-0.474976
0.046764,0.597916,0.775776,0.442131,-0.149277,-0.549713,-0.470825
0.008781,0.518185,0.668367,0.335630,-0.232397,-0.597939,-0.491302
-0.009587,0.472613,0.583150,0.225793,-0.335366,-0.669670,-0.512539
0.054368,0.659058,0.881173,0.556205,-0.072520,-0.533383,-0.516325
-0.096024,0.355610,0.463221,0.123493,-0.406513,-0.708961,-0.542721
-0.039047,0.410229,0.462757,0.065521,-0.489231,-0.778099,-0.575932
-0.042519,0.414745,0.449802,0.031342,-0.534668,-0.817108,-0.586098
0.012024,0.569534,0.703888,0.328125,-0.268860,-0.636726,-0.510902
-0.006264,0.483017,0.587883,0.221970,-0.337898,-0.662132,-0.510651
-0.034302,0.361526,0.350365,-0.077736,-0.611290,-0.839104,-0.546150
0.131905,0.796913,1.028961,0.680618,0.019928,-0.467751,-0.461639
-0.026810,0.463631,0.614555,0.297218,-0.247742,-0.590416,-0.466003
0.032341,0.534912,0.662704,0.309731,-0.264671,-0.625778,-0.494240
0.054146,0.655128,0.883331,0.563431,-0.067123,-0.538582,-0.529091
-0.108475,0.351288,0.467934,0.135193,-0.393745,-0.697090,-0.527832
-0.000664,0.502159,0.610664,0.239571,-0.339104,-0.686859,-0.542084
-0.013779,0.514587,0.653290,0.293564,-0.299271,-0.676666,-0.551498
0.002289,0.613525,0.854828,0.550842,-0.061996,-0.519791,-0.509476
-0.107574,0.317047,0.398865,0.050201,-0.471085,-0.752167,-0.566711
-0.073303,0.323822,0.306152,-0.130371,-0.671265,-0.899521,-0.605042
0.077469,0.746902,0.978470,0.621826,-0.053909,-0.555511,-0.554398
-0.122528,0.357147,0.491592,0.167694,-0.362259,-0.674423,-0.520752
-0.031494,0.400574,0.434113,0.029770,-0.518341,-0.789886,-0.557861
0.037369,0.595917,0.730316,0.342865,-0.279373,-0.672241,-0.547760
0.018036,0.646072,0.901062,0.602829,-0.010162,-0.471085,-0.462860
-0.041565,0.433502,0.572128,0.249451,-0.292969,-0.631180,-0.497452
0.022827,0.560806,0.723663,0.378098,-0.223160,-0.628448,-0.536804
-0.011322,0.587479,0.825241,0.519714,-0.098541,-0.560745,-0.545990
-0.107452,0.389587,0.548050,0.235260,-0.309097,-0.655060,-0.535858
-0.054382,0.413910,0.503845,0.130966,-0.432861,-0.755142,-0.576324
0.012085,0.633209,0.861832,0.530624,-0.112076,-0.588760,-0.565872
-0.081192,0.507477,0.761581,0.487869,-0.097870,-0.539581,-0.529907
-0.149155,0.234009,0.270874,-0.099884,-0.607849,-0.848404,-0.599319
0.014771,0.606644,0.777985,0.406616,-0.233871,-0.671219,-0.594696
-0.064682,0.547424,0.803253,0.509766,-0.102417,-0.566406,-0.559296
-0.144913,0.309631,0.424057,0.092041,-0.432251,-0.731964,-0.561066
-0.043015,0.435165,0.514389,0.122101,-0.455109,-0.779892,-0.591843
0.009628,0.643692,0.880264,0.553009,-0.090668,-0.570236,-0.556107
-0.099625,0.431808,0.627258,0.329620,-0.225113,-0.600906,-0.512253
-0.037613,0.458092,0.592751,0.247581,-0.322998,-0.682259,-0.551804
-0.002541,0.599335,0.826469,0.506493,-0.123146,-0.588806,-0.562828
-0.078011,0.507858,0.758217,0.476883,-0.118355,-0.569473,-0.555450
-0.136200,0.327103,0.450180,0.116013,-0.425079,-0.747307,-0.583069
-0.012047,0.598686,0.825821,0.499001,-0.138390,-0.610756,-0.585548
-0.098572,0.492371,0.744827,0.463623,-0.135391,-0.588303,-0.579948
-0.182915,0.228104,0.295486,-0.057709,-0.564903,-0.817375,-0.598671
-0.068390,0.369156,0.380783,-0.052086,-0.615768,-0.880257,-0.617790
0.046677,0.712875,0.952965,0.609661,-0.054817,-0.549156,-0.535973
-0.051144,0.544498,0.806492,0.536674,-0.049118,-0.495766,-0.495876
-0.139465,0.193203,0.173199,-0.227512,-0.720232,-0.907562,-0.588161
0.096575,0.747702,0.955268,0.582670,-0.090325,-0.574543,-0.539604
-0.033223,0.575961,0.841604,0.562701,-0.036981,-0.496417,-0.486737
-0.050315,0.457325,0.632135,0.326738,-0.226898,-0.593801,-0.486563
0.035788,0.617815,0.836035,0.516003,-0.105873,-0.564827,-0.532198
-0.046663,0.536983,0.781237,0.494820,-0.104486,-0.555725,-0.529127
-0.054449,0.518442,0.761803,0.484272,-0.099392,-0.535131,-0.513687
-0.090994,0.376682,0.503117,0.166407,-0.386005,-0.725306,-0.577999
-0.017889,0.588869,0.817924,0.495937,-0.133732,-0.599426,-0.572496
-0.088696,0.498123,0.749430,0.470007,-0.123341,-0.573557,-0.574261
-0.230146,0.071798,0.016483,-0.397705,-0.867622,-1.006943,-0.644838
0.035341,0.617512,0.727474,0.303120,-0.343967,-0.738022,-0.596142
-0.006248,0.641735,0.904800,0.600872,-0.027523,-0.504665,-0.494949
-0.026268,0.544590,0.784950,0.502487,-0.084106,-0.522751,-0.516891
-0.167244,0.150902,0.120430,-0.279907,-0.758575,-0.925140,-0.594933
0.060478,0.624939,0.730042,0.312592,-0.317886,-0.702324,-0.585106
-0.087029,0.420189,0.570168,0.257751,-0.270599,-0.590958,-0.432716
0.129425,0.731323,0.953598,0.630722,0.004074,-0.456711,-0.428833
0.049042,0.624115,0.861816,0.569855,-0.030060,-0.478989,-0.451096
0.021942,0.593185,0.832947,0.548904,-0.044144,-0.490158,-0.466217
0.000931,0.564407,0.795502,0.507767,-0.082108,-0.519119,-0.485275
-0.013184,0.548355,0.772644,0.472305,-0.129059,-0.574532,-0.539291
-0.057014,0.519493,0.760574,0.472977,-0.123589,-0.571129,-0.545753
-0.084976,0.459496,0.672752,0.381035,-0.193237,-0.605980,-0.553932
-0.098953,0.395836,0.537407,0.194214,-0.379280,-0.742401,-0.609901
-0.052742,0.557930,0.795753,0.482460,-0.141525,-0.605492,-0.579773
-0.099133,0.483582,0.733753,0.455166,-0.135403,-0.581886,-0.564243
-0.130661,0.359531,0.509251,0.181942,-0.380684,-0.738899,-0.617165
-0.107780,0.408688,0.543425,0.184662,-0.401321,-0.766071,-0.628353
-0.069921,0.533226,0.757738,0.440044,-0.173641,-0.619587,-0.579920
-0.114748,0.414553,0.602043,0.296520,-0.266024,-0.647609,-0.553932
-0.038176,0.542213,0.762728,0.445957,-0.170723,-0.621589,-0.583869
-0.094257,0.489531,0.732953,0.445721,-0.151455,-0.599601,-0.570907
-0.096100,0.477902,0.723347,0.445933,-0.139561,-0.581016,-0.555460
-0.092554,0.463795,0.686867,0.388269,-0.209421,-0.648298,-0.605534
-0.119707,0.457405,0.695194,0.403358,-0.194462,-0.641289,-0.608353
-0.129333,0.446892,0.690639,0.408619,-0.181435,-0.625450,-0.602421
-0.158615,0.352451,0.532623,0.228649,-0.329418,-0.706562,-0.608467
-0.090286,0.490562,0.711540,0.394264,-0.225845,-0.680099,-0.642799
-0.150658,0.438568,0.689339,0.407448,-0.188339,-0.638031,-0.614777
-0.163902,0.363937,0.559746,0.263451,-0.297752,-0.685822,-0.617119
-0.194458,0.200935,0.222572,-0.179848,-0.712357,-0.956696,-0.695724
-0.078636,0.482048,0.607857,0.216797,-0.395340,-0.768417,-0.627243
-0.080025,0.480759,0.653534,0.315845,-0.270760,-0.659584,-0.582844
-0.142460,0.298805,0.394203,0.055073,-0.460655,-0.737226,-0.526789
0.077316,0.700306,0.922971,0.585844,-0.057862,-0.531619,-0.506829
-0.020274,0.568286,0.823261,0.548438,-0.042317,-0.490952,-0.470572
-0.007925,0.556945,0.798212,0.523483,-0.058386,-0.500168,-0.476900
-0.019205,0.531971,0.750885,0.450108,-0.146820,-0.583977,-0.541466
-0.055902,0.521914,0.760391,0.470207,-0.126966,-0.573160,-0.545467
-0.083374,0.462404,0.676954,0.388468,-0.183577,-0.594118,-0.543791
-0.100286,0.370434,0.484261,0.129202,-0.435526,-0.773352,-0.610905
-0.030903,0.591660,0.830517,0.513355,-0.116417,-0.585146,-0.562202
-0.084305,0.493734,0.739271,0.461945,-0.121511,-0.558996,-0.536346
-0.108549,0.369068,0.511215,0.191048,-0.351810,-0.691416,-0.563948
-0.066465,0.422577,0.527208,0.150335,-0.431128,-0.774792,-0.615202
-0.060492,0.503813,0.674213,0.328308,-0.269371,-0.668194,-0.594521
-0.144478,0.321983,0.448200,0.131790,-0.382923,-0.690727,-0.568863
-0.144310,0.237324,0.278522,-0.071323,-0.549797,-0.764057,-0.494797
0.146103,0.779182,0.993263,0.640793,-0.016174,-0.498192,-0.475731
0.010460,0.602562,0.862991,0.593575,0.007187,-0.442009,-0.428055
0.023338,0.575096,0.810211,0.540123,-0.029335,-0.458824,-0.432175
0.021049,0.561935,0.771622,0.465607,-0.132607,-0.568108,-0.522987
-0.037766,0.539703,0.779793,0.495102,-0.096626,-0.540359,-0.520973
-0.093483,0.386757,0.532471,0.211937,-0.335197,-0.680023,-0.559677
-0.076088,0.387474,0.465881,0.078651,-0.489616,-0.803596,-0.606781
0.003372,0.642136,0.883362,0.560730,-0.075447,-0.550529,-0.534859
-0.071014,0.483337,0.706375,0.422394,-0.149101,-0.563011,-0.516022
-0.072906,0.413055,0.558578,0.239799,-0.304626,-0.648720,-0.529610
-0.040417,0.444321,0.548584,0.175247,-0.405640,-0.751671,-0.600288
-0.063477,0.468441,0.610664,0.257359,-0.322254,-0.686565,-0.580647
-0.117210,0.339085,0.441547,0.110394,-0.402325,-0.684711,-0.489807
0.092060,0.692039,0.897766,0.552643,-0.089211,-0.554291,-0.518951
-0.026817,0.563362,0.814079,0.534065,-0.057922,-0.505825,-0.488625
-0.053539,0.447895,0.616554,0.306046,-0.251675,-0.622627,-0.527203
-0.051712,0.437023,0.563805,0.224503,-0.328533,-0.667488,-0.522774
0.027924,0.622417,0.838341,0.509193,-0.121708,-0.583748,-0.553196
-0.075573,0.489494,0.717297,0.428261,-0.154099,-0.577793,-0.536598
-0.090420,0.402473,0.552919,0.235107,-0.311281,-0.660252,-0.534254
-0.000149,0.584743,0.797997,0.473049,-0.150763,-0.604790,-0.568254
-0.085675,0.486259,0.719890,0.432723,-0.150714,-0.580364,-0.547018
-0.107644,0.380469,0.530082,0.212428,-0.332825,-0.680666,-0.564291
-0.089518,0.372145,0.459417,0.094652,-0.453321,-0.763798,-0.580114
0.004324,0.616628,0.836528,0.503511,-0.132204,-0.599008,-0.576105
-0.126570,0.380405,0.543825,0.228132,-0.324947,-0.680544,-0.565018
-0.072531,0.423283,0.549269,0.203320,-0.355322,-0.696896,-0.550869
0.006018,0.605669,0.826708,0.501656,-0.125191,-0.583208,-0.551603
-0.072939,0.495115,0.728807,0.443653,-0.136816,-0.565479,-0.531158
-0.092773,0.396309,0.548836,0.234066,-0.310287,-0.660172,-0.544846
-0.046700,0.468388,0.620300,0.286362,-0.284809,-0.656384,-0.546928
-0.019444,0.566704,0.789017,0.474022,-0.143833,-0.598797,-0.572952
-0.119526,0.402046,0.585789,0.282410,-0.275074,-0.650669,-0.561798
-0.087914,0.405094,0.538074,0.198074,-0.360527,-0.707920,-0.569611
-0.018417,0.579502,0.803715,0.484737,-0.134132,-0.589127,-0.559410
-0.098236,0.435886,0.631081,0.329281,-0.238365,-0.630871,-0.557785
-0.096607,0.388691,0.519890,0.183994,-0.367611,-0.706120,-0.581470
-0.124859,0.267052,0.259838,-0.164345,-0.698883,-0.926682,-0.640537
0.001492,0.586872,0.731274,0.347878,-0.273281,-0.668026,-0.559059
-0.059406,0.441555,0.562874,0.214251,-0.337276,-0.661060,-0.504248
0.027185,0.552784,0.693617,0.343802,-0.234316,-0.603019,-0.481935
0.057063,0.647769,0.868726,0.551400,-0.062915,-0.512432,-0.483157
-0.034154,0.472277,0.640028,0.327634,-0.226097,-0.590167,-0.485979
0.004049,0.516946,0.665706,0.329608,-0.241751,-0.611567,-0.504282
-0.009227,0.499864,0.634111,0.279732,-0.301922,-0.664351,-0.537041
-0.012375,0.528986,0.692276,0.351040,-0.236156,-0.621666,-0.524067
-0.040564,0.451227,0.574202,0.228191,-0.325630,-0.658525,-0.513672
-0.004829,0.488626,0.597618,0.233845,-0.331718,-0.667461,-0.511753
0.042999,0.618073,0.805965,0.465649,-0.146042,-0.569508,-0.506596
-0.035004,0.471348,0.621441,0.294487,-0.261951,-0.613071,-0.497025
-0.021610,0.431885,0.507153,0.134392,-0.412724,-0.711613,-0.536964
-0.057190,0.311771,0.259342,-0.194988,-0.719360,-0.904850,-0.569954
0.098885,0.678589,0.797821,0.393387,-0.228119,-0.606613,-0.476677
0.046684,0.566223,0.699104,0.347267,-0.223091,-0.572388,-0.438911
0.066460,0.562317,0.674660,0.312241,-0.256882,-0.597130,-0.446877
0.094650,0.648796,0.814964,0.465828,-0.137032,-0.538071,-0.450996
0.037697,0.548294,0.693787,0.358353,-0.205513,-0.561073,-0.439674
0.066429,0.586456,0.734459,0.391739,-0.185219,-0.558632,-0.449059
0.064857,0.615082,0.792999,0.455505,-0.145584,-0.555611,-0.483292
-0.014099,0.476196,0.605499,0.265762,-0.286743,-0.622238,-0.481918
0.027306,0.526993,0.646065,0.287384,-0.281929,-0.630180,-0.496643
0.004898,0.489151,0.588058,0.215271,-0.353371,-0.684341,-0.522926
0.015999,0.543159,0.673828,0.311989,-0.270226,-0.628326,-0.499672
-0.001022,0.478432,0.571594,0.200928,-0.358765,-0.675987,-0.515602
-0.033363,0.361473,0.346397,-0.083633,-0.616173,-0.837112,-0.549065
0.078224,0.627510,0.726372,0.316406,-0.294937,-0.650658,-0.495216
0.042671,0.561966,0.681900,0.318222,-0.254105,-0.595581,-0.450447
0.060616,0.550400,0.650864,0.279610,-0.286537,-0.615051,-0.457069
0.072578,0.582733,0.697517,0.321884,-0.267159,-0.626167,-0.486694
0.045135,0.580887,0.729828,0.382179,-0.197701,-0.564247,-0.444946
0.065918,0.594559,0.749153,0.410027,-0.169228,-0.546875,-0.447365
0.039986,0.542404,0.675900,0.325649,-0.248993,-0.611317,-0.481956
0.068169,0.669899,0.898849,0.586506,-0.029709,-0.486000,-0.470276
-0.050327,0.407787,0.524740,0.188400,-0.349001,-0.666597,-0.514395
-0.010965,0.460524,0.542872,0.160520,-0.405866,-0.725806,-0.541739
0.049909,0.674232,0.903104,0.570179,-0.076199,-0.556505,-0.549921
-0.124367,0.340288,0.460804,0.128979,-0.399054,-0.702480,-0.537205
-0.035473,0.413837,0.462494,0.063370,-0.492271,-0.779095,-0.571972
-0.019970,0.469372,0.537186,0.129688,-0.452820,-0.771149,-0.568874
0.048630,0.695641,0.941132,0.621742,-0.012211,-0.486076,-0.478004
-0.049030,0.438530,0.589546,0.273270,-0.272583,-0.619072,-0.502342
-0.018440,0.456161,0.555275,0.186592,-0.380898,-0.714630,-0.549110
0.029037,0.645851,0.875099,0.546455,-0.093727,-0.569839,-0.556168
-0.112854,0.390884,0.553055,0.239044,-0.306511,-0.652695,-0.529800
-0.027092,0.482750,0.618721,0.267029,-0.311958,-0.679558,-0.553459
-0.006554,0.594925,0.822647,0.503250,-0.126770,-0.593796,-0.569168
-0.085693,0.498840,0.748871,0.472076,-0.112793,-0.551682,-0.535309
-0.127411,0.312927,0.413254,0.071182,-0.461121,-0.765839,-0.592072
-0.042847,0.503311,0.656723,0.296906,-0.312592,-0.714325,-0.612289
-0.072617,0.537338,0.781281,0.476013,-0.143921,-0.609741,-0.600510
-0.188934,0.250168,0.344406,0.004135,-0.512726,-0.790405,-0.605469
-0.118423,0.261658,0.223190,-0.225113,-0.760117,-0.967850,-0.647171
0.047623,0.709702,0.921295,0.551712,-0.121216,-0.604401,-0.577209
-0.115616,0.394531,0.551315,0.231964,-0.313004,-0.649841,-0.514740
-0.009705,0.484863,0.597885,0.233231,-0.340057,-0.684418,-0.530411
0.039246,0.650589,0.879288,0.553040,-0.083801,-0.555618,-0.531845
-0.048248,0.538361,0.789459,0.506897,-0.089569,-0.541901,-0.526154
-0.087631,0.415268,0.584412,0.275360,-0.273087,-0.632904,-0.519623
0.001892,0.573334,0.782059,0.459442,-0.155197,-0.601135,-0.558533
-0.067978,0.513794,0.755234,0.464066,-0.137009,-0.589996,-0.572937
-0.151657,0.309753,0.429977,0.098862,-0.430435,-0.738998,-0.577850
-0.069443,0.402115,0.476715,0.086685,-0.481415,-0.796219,-0.601196
0.003281,0.635422,0.868149,0.535156,-0.111298,-0.590698,-0.569534
-0.083633,0.508194,0.763489,0.485085,-0.109215,-0.561348,-0.561020
-0.205147,0.125046,0.101616,-0.298561,-0.782936,-0.958076,-0.635384
0.010635,0.566765,0.663628,0.241928,-0.388847,-0.762825,-0.602020
0.001740,0.654671,0.916779,0.607994,-0.029114,-0.511971,-0.512794
-0.091660,0.382286,0.516880,0.194115,-0.335693,-0.650654,-0.492912
0.038467,0.569866,0.713516,0.351841,-0.249752,-0.639755,-0.526100
0.020187,0.630821,0.871525,0.563025,-0.060127,-0.526213,-0.504564
-0.026981,0.553665,0.802755,0.523081,-0.070524,-0.520026,-0.506361
-0.081611,0.392008,0.525305,0.193437,-0.360039,-0.700397,-0.553167
0.008817,0.617427,0.847338,0.523264,-0.110430,-0.580117,-0.554217
-0.066555,0.524086,0.778199,0.499600,-0.095866,-0.549161,-0.540226
-0.134806,0.300135,0.393168,0.048769,-0.475110,-0.761711,-0.560228
0.035007,0.652145,0.870972,0.531027,-0.116441,-0.591963,-0.564029
-0.073375,0.519256,0.773388,0.490903,-0.107436,-0.560647,-0.536978
-0.065202,0.508721,0.754085,0.476585,-0.111928,-0.557356,-0.547460
-0.155735,0.247085,0.302439,-0.067564,-0.595310,-0.863264,-0.628640
0.003350,0.648124,0.881638,0.543550,-0.110869,-0.595233,-0.575083
-0.086281,0.509399,0.769485,0.494853,-0.099612,-0.552892,-0.543941
-0.131668,0.319828,0.430238,0.091333,-0.442733,-0.750175,-0.569345
0.013241,0.625660,0.848602,0.514694,-0.125813,-0.597366,-0.569407
-0.079702,0.512966,0.768112,0.489561,-0.105854,-0.557146,-0.535482
-0.067646,0.503351,0.748745,0.475182,-0.106501,-0.546137,-0.521715
-0.061892,0.490423,0.709496,0.406929,-0.193718,-0.634554,-0.592752
-0.103977,0.477030,0.718675,0.427731,-0.172145,-0.621008,-0.590093
-0.111128,0.466018,0.712629,0.432465,-0.156729,-0.601847,-0.583825
-0.157676,0.317340,0.452033,0.117653,-0.436347,-0.776237,-0.625601
-0.061208,0.549799,0.780143,0.460414,-0.168965,-0.634368,-0.605191
-0.119157,0.467925,0.719497,0.439366,-0.153703,-0.602661,-0.578678
-0.117327,0.430650,0.644456,0.346446,-0.236980,-0.652935,-0.606983
-0.191243,0.211942,0.250083,-0.136966,-0.665967,-0.919529,-0.671613
-0.066484,0.493089,0.623650,0.240229,-0.370196,-0.746475,-0.612368
-0.074121,0.477777,0.646634,0.309944,-0.271764,-0.650854,-0.536150
0.005323,0.605328,0.835503,0.518528,-0.104225,-0.563070,-0.530338
-0.043720,0.540997,0.787285,0.502884,-0.093445,-0.541740,-0.515156
-0.043423,0.528503,0.770905,0.490467,-0.097050,-0.540520,-0.515987
-0.057034,0.489536,0.700962,0.398636,-0.189079,-0.611244,-0.553871
-0.059441,0.519352,0.751957,0.453030,-0.151829,-0.600754,-0.567947
-0.086136,0.493832,0.737370,0.453182,-0.140980,-0.587116,-0.560341
-0.089386,0.481773,0.725376,0.451019,-0.129490,-0.567963,-0.545315
-0.099937,0.421463,0.604057,0.285866,-0.297039,-0.696842,-0.610466
-0.090218,0.505375,0.744864,0.445919,-0.162863,-0.616646,-0.590605
-0.123306,0.432516,0.655071,0.369638,-0.205238,-0.621513,-0.582722
-0.177984,0.217226,0.250393,-0.139629,-0.668650,-0.919298,-0.664591
-0.041014,0.554413,0.723419,0.352688,-0.276430,-0.693707,-0.600231
-0.071972,0.513973,0.735119,0.427761,-0.165913,-0.595940,-0.569801
-0.165882,0.276360,0.403004,0.103622,-0.393234,-0.680420,-0.501984
0.064545,0.658115,0.865303,0.524574,-0.115852,-0.581474,-0.546661
-0.051147,0.543365,0.797409,0.514832,-0.083603,-0.535934,-0.512375
-0.041687,0.533104,0.781281,0.508514,-0.075310,-0.519035,-0.497681
-0.038956,0.514229,0.735130,0.435349,-0.162544,-0.600655,-0.558113
-0.070557,0.509232,0.748688,0.458504,-0.138672,-0.584862,-0.555214
-0.078484,0.496445,0.741821,0.464348,-0.121216,-0.563721,-0.546040
-0.116329,0.373928,0.532505,0.219822,-0.331245,-0.691685,-0.583885
-0.093193,0.406704,0.531860,0.170441,-0.411339,-0.768993,-0.628147
-0.086151,0.471420,0.644920,0.305019,-0.286705,-0.677670,-0.582542
-0.089756,0.421005,0.562778,0.222706,-0.340858,-0.715633,-0.720665
-0.535110,-0.449802,-0.603485,-0.921692,-1.157753,-1.053589,-0.603546
-0.086220,0.175407,0.044983,-0.377235,-0.783813,-0.846725,-0.493896
0.030594,0.381348,0.350906,-0.025009,-0.461945,-0.607712,-0.338974
0.147095,0.507599,0.498535,0.121307,-0.345245,-0.519440,-0.204620
0.465729,1.107422,1.312439,0.943115,0.268433,-0.226318,-0.212585
0.268799,0.857086,1.113708,0.840485,0.251251,-0.201782,-0.199463
0.212036,0.683228,0.829681,0.514740,-0.029846,-0.381958,-0.264954
0.257263,0.828369,1.031830,0.699127,0.071472,-0.386383,-0.351715
0.133850,0.715546,0.958832,0.673370,0.076935,-0.374420,-0.361633
0.067139,0.560303,0.721741,0.409912,-0.145203,-0.511658,-0.415680
0.050568,0.519379,0.626404,0.277283,-0.270844,-0.595154,-0.435944
0.124207,0.718292,0.927917,0.588623,-0.053314,-0.522400,-0.497864
-0.034973,0.499847,0.694733,0.392624,-0.173370,-0.563293,-0.487640
-0.029800,0.441437,0.556763,0.213898,-0.332886,-0.658813,-0.502182
0.058380,0.654831,0.866837,0.531845,-0.103882,-0.568756,-0.538071
-0.060333,0.501938,0.725967,0.433212,-0.149918,-0.572418,-0.530037
-0.091484,0.382141,0.508614,0.175850,-0.369728,-0.703239,-0.564842
-0.063370,0.425728,0.534309,0.174049,-0.390957,-0.729065,-0.573738
-0.006660,0.601141,0.825371,0.499577,-0.131912,-0.597458,-0.570381
-0.092294,0.480076,0.718043,0.433221,-0.153751,-0.590811,-0.563829
-0.124897,0.369614,0.530453,0.220016,-0.328835,-0.687073,-0.573181
-0.049118,0.528770,0.740944,0.417862,-0.203110,-0.655296,-0.619858
-0.140312,0.422768,0.647636,0.356674,-0.224640,-0.648285,-0.606033
-0.162720,0.325409,0.472107,0.151566,-0.394577,-0.740356,-0.623886
-0.154861,0.282547,0.333115,-0.066055,-0.624649,-0.914383,-0.691559
-0.075165,0.542450,0.749084,0.407806,-0.218506,-0.661331,-0.614655
-0.155228,0.342010,0.487991,0.161850,-0.385941,-0.727493,-0.597076
-0.098618,0.392380,0.507736,0.153214,-0.408066,-0.743439,-0.589325
-0.024399,0.579300,0.801422,0.475510,-0.152206,-0.616928,-0.606598
-0.181244,0.311554,0.486298,0.195526,-0.333832,-0.687408,-0.614807
-0.216583,0.177063,0.255524,-0.055420,-0.518768,-0.751282,-0.522552
0.071350,0.667633,0.860931,0.503479,-0.144745,-0.610229,-0.573364
-0.082626,0.499344,0.740967,0.458786,-0.125595,-0.560059,-0.533463
-0.098816,0.387543,0.540298,0.225754,-0.318359,-0.668015,-0.553452
-0.070694,0.414505,0.531921,0.181381,-0.377884,-0.717148,-0.567856
-0.009689,0.590271,0.812576,0.488800,-0.138748,-0.602341,-0.579178
-0.127426,0.389542,0.566788,0.258911,-0.298141,-0.668411,-0.572311
-0.102982,0.367935,0.474152,0.121307,-0.427551,-0.746719,-0.584335
-0.047379,0.479797,0.610489,0.239899,-0.355865,-0.731293,-0.628571
-0.160477,0.304337,0.415253,0.083694,-0.435287,-0.732666,-0.592651
-0.148148,0.256180,0.321808,-0.007736,-0.478806,-0.705261,-0.470566
0.092148,0.602829,0.704453,0.318726,-0.272522,-0.630798,-0.489594
0.057617,0.635948,0.834877,0.503548,-0.109016,-0.546043,-0.522942
-0.121063,0.315239,0.440880,0.146355,-0.337883,-0.611595,-0.432518
0.094597,0.602234,0.722336,0.356857,-0.227997,-0.593609,-0.462627
0.087151,0.688534,0.915184,0.597630,-0.023754,-0.482231,-0.455982
0.012478,0.564552,0.782394,0.490318,-0.087252,-0.504259,-0.459375
-0.011513,0.481092,0.633186,0.315046,-0.236563,-0.592670,-0.486452
-0.017849,0.442572,0.533486,0.171342,-0.377951,-0.692678,-0.520052
0.030959,0.580840,0.734010,0.371998,-0.238717,-0.639717,-0.544771
-0.051196,0.456434,0.593149,0.251963,-0.305872,-0.647629,-0.515465
-0.033842,0.407253,0.459494,0.071735,-0.470697,-0.747362,-0.526270
0.062021,0.625404,0.772411,0.398430,-0.216339,-0.616478,-0.533375
-0.078880,0.374405,0.476814,0.146576,-0.361332,-0.637985,-0.448151
0.088657,0.588314,0.690750,0.312645,-0.268105,-0.614014,-0.474258
0.026604,0.492615,0.567574,0.186684,-0.368484,-0.671463,-0.473526
0.116234,0.716209,0.914116,0.568085,-0.061981,-0.507568,-0.458778
0.016388,0.548744,0.731422,0.421112,-0.144241,-0.526672,-0.441666
0.030327,0.522423,0.655449,0.316460,-0.244095,-0.594414,-0.468788
0.037605,0.547173,0.675049,0.311432,-0.273529,-0.635338,-0.509361
-0.006531,0.482918,0.587936,0.225113,-0.332672,-0.654839,-0.494484
0.019958,0.495522,0.574081,0.191879,-0.369476,-0.680534,-0.505249
0.006401,0.450874,0.483025,0.070465,-0.484818,-0.757607,-0.521942
0.077866,0.637024,0.772049,0.393005,-0.215042,-0.594849,-0.478912
0.013962,0.487701,0.575180,0.202805,-0.350769,-0.655106,-0.482910
-0.007553,0.356064,0.301254,-0.149582,-0.667557,-0.849655,-0.513367
0.155869,0.735962,0.850693,0.438858,-0.190002,-0.570892,-0.438446
0.088364,0.610336,0.740738,0.385468,-0.186356,-0.534164,-0.396301
0.118286,0.627182,0.754395,0.398880,-0.175125,-0.530991,-0.395218
0.156357,0.757553,0.985962,0.667206,0.036819,-0.435486,-0.427811
0.003677,0.492752,0.643295,0.324600,-0.218781,-0.561844,-0.434906
0.069855,0.581711,0.720642,0.372849,-0.204254,-0.572922,-0.464508
0.024811,0.516510,0.633514,0.274750,-0.297592,-0.644913,-0.496796
0.067047,0.676514,0.907257,0.591820,-0.029427,-0.489723,-0.478943
-0.072678,0.359184,0.447205,0.100754,-0.423210,-0.710876,-0.531944
-0.041084,0.362289,0.352737,-0.077667,-0.620346,-0.857193,-0.578079
0.069672,0.679268,0.850578,0.470387,-0.177887,-0.618061,-0.552174
-0.079575,0.402393,0.512711,0.161980,-0.377953,-0.680477,-0.513340
-0.038078,0.337143,0.298733,-0.142693,-0.666004,-0.866074,-0.563213
0.027985,0.469250,0.442547,-0.033199,-0.611042,-0.857342,-0.567085
0.079006,0.649853,0.766163,0.367630,-0.239239,-0.596386,-0.448227
0.076572,0.577038,0.681248,0.309788,-0.256565,-0.584309,-0.428505
0.071648,0.516438,0.558651,0.153130,-0.403008,-0.685452,-0.455448
0.173889,0.816013,1.044918,0.700291,0.040340,-0.450500,-0.447536
-0.013863,0.471512,0.614494,0.293190,-0.244953,-0.572090,-0.432289
0.066654,0.544434,0.634949,0.255795,-0.317200,-0.648590,-0.478806
0.104540,0.722580,0.950102,0.617785,-0.026043,-0.504808,-0.497681
-0.076480,0.379949,0.489378,0.151445,-0.374831,-0.671635,-0.498830
0.009386,0.462178,0.511352,0.108828,-0.452147,-0.743282,-0.535552
0.032667,0.558582,0.666525,0.274357,-0.330091,-0.692642,-0.539082
0.045774,0.678019,0.925480,0.610971,-0.024979,-0.503746,-0.507366
-0.113415,0.297466,0.363728,0.009411,-0.496948,-0.748608,-0.535942
-0.035099,0.337154,0.276268,-0.190353,-0.726906,-0.923485,-0.583950
0.135384,0.822739,1.055450,0.688225,0.000019,-0.510017,-0.502625
-0.015732,0.582924,0.846924,0.579094,-0.004745,-0.449455,-0.440819
-0.035713,0.408669,0.515915,0.174850,-0.366257,-0.684593,-0.519447
0.048561,0.652390,0.870728,0.538109,-0.102097,-0.573357,-0.548042
-0.062912,0.524239,0.773926,0.490936,-0.107910,-0.561615,-0.552109
-0.146118,0.290375,0.383957,0.041077,-0.482254,-0.769302,-0.573151
0.008026,0.601471,0.795853,0.447327,-0.188126,-0.640991,-0.591583
-0.087448,0.508774,0.757675,0.469025,-0.136383,-0.593674,-0.584778
-0.179398,0.253571,0.344635,0.000259,-0.516754,-0.795563,-0.607849
-0.105347,0.308609,0.308563,-0.123169,-0.672989,-0.918884,-0.642853
0.027252,0.691223,0.924210,0.573883,-0.095596,-0.591949,-0.577820
-0.090103,0.506454,0.767395,0.492645,-0.101929,-0.555313,-0.560150
-0.210358,0.108917,0.075653,-0.328400,-0.809769,-0.976089,-0.638779
0.042221,0.662323,0.825485,0.429398,-0.232651,-0.677689,-0.595108
-0.050323,0.577393,0.841873,0.551071,-0.065277,-0.535370,-0.530380
-0.102509,0.383011,0.533936,0.218567,-0.321487,-0.657349,-0.517380
0.028610,0.620392,0.838501,0.512512,-0.116241,-0.581039,-0.552246
-0.068542,0.514252,0.759628,0.474319,-0.124847,-0.575958,-0.551178
-0.078308,0.494766,0.737320,0.456070,-0.136154,-0.582336,-0.567307
-0.153900,0.292862,0.396637,0.049194,-0.492325,-0.802277,-0.620026
-0.031128,0.590485,0.819595,0.488892,-0.153336,-0.628525,-0.603195
-0.115112,0.477905,0.734375,0.457138,-0.138916,-0.591812,-0.589310
-0.219559,0.138062,0.145721,-0.237335,-0.727219,-0.926376,-0.628464
0.026199,0.641663,0.819794,0.439514,-0.215668,-0.667572,-0.598648
-0.070297,0.546005,0.806992,0.519577,-0.088547,-0.551437,-0.534439
-0.065369,0.507828,0.751495,0.474258,-0.110077,-0.547455,-0.530563
-0.128983,0.289459,0.361252,-0.003204,-0.538162,-0.824982,-0.611984
0.001495,0.636719,0.868584,0.536674,-0.109665,-0.587975,-0.567688
-0.082657,0.509285,0.767616,0.495155,-0.094231,-0.545403,-0.534370
-0.114174,0.358841,0.495453,0.168823,-0.376526,-0.712738,-0.565300
-0.008965,0.591118,0.813560,0.487946,-0.142380,-0.606773,-0.575630
-0.087646,0.500389,0.751915,0.469788,-0.125267,-0.575218,-0.550270
-0.080154,0.488220,0.727112,0.445152,-0.140938,-0.577126,-0.544395
-0.073402,0.488022,0.713196,0.412766,-0.187721,-0.631325,-0.593243
-0.108154,0.472130,0.714035,0.427258,-0.168491,-0.616196,-0.587063
-0.110840,0.463593,0.709461,0.432472,-0.154552,-0.598495,-0.581264
-0.157856,0.314449,0.445477,0.109421,-0.445263,-0.783878,-0.631977
-0.064373,0.548836,0.783318,0.465733,-0.161518,-0.627747,-0.600365
-0.116112,0.469208,0.720985,0.442032,-0.148891,-0.595726,-0.573544
-0.118862,0.416649,0.618103,0.317623,-0.258480,-0.661314,-0.585760
-0.080145,0.499969,0.729006,0.423615,-0.186670,-0.636080,-0.601797
-0.115589,0.466784,0.713690,0.430889,-0.163847,-0.610550,-0.583355
-0.116865,0.443037,0.674518,0.394016,-0.181834,-0.605914,-0.564116
-0.089021,0.471593,0.693033,0.390860,-0.211346,-0.651771,-0.608584
-0.119410,0.461995,0.703060,0.414474,-0.183064,-0.628633,-0.596405
-0.119068,0.457443,0.703425,0.424593,-0.162303,-0.604167,-0.577061
-0.109685,0.452071,0.680505,0.386242,-0.208127,-0.645669,-0.604509
-0.121250,0.455270,0.691496,0.400069,-0.197351,-0.641824,-0.607533
-0.127172,0.451360,0.695438,0.412767,-0.177929,-0.621605,-0.593361
-0.126808,0.433161,0.664705,0.385248,-0.190544,-0.617495,-0.576586
-0.102369,0.458351,0.679899,0.375883,-0.228149,-0.672333,-0.630913
-0.139582,0.447872,0.694929,0.411308,-0.185219,-0.632713,-0.604343
-0.126926,0.450645,0.701584,0.428638,-0.153400,-0.595333,-0.580994
-0.166309,0.288563,0.400368,0.053082,-0.497093,-0.819511,-0.647652
-0.067108,0.544277,0.768162,0.442036,-0.183918,-0.639084,-0.599766
-0.118332,0.443687,0.663589,0.370644,-0.206795,-0.620728,-0.566917
-0.115074,0.369774,0.505402,0.173904,-0.375305,-0.714355,-0.568764
-0.011322,0.589851,0.813385,0.488846,-0.140419,-0.601799,-0.567673
-0.076736,0.512268,0.762802,0.481644,-0.113426,-0.562424,-0.535561
-0.062561,0.511589,0.759132,0.484764,-0.097710,-0.540092,-0.517418
-0.056389,0.499069,0.720276,0.421783,-0.175812,-0.612640,-0.568832
-0.081009,0.499054,0.739761,0.450821,-0.146103,-0.592041,-0.560181
-0.083221,0.492920,0.739487,0.464172,-0.121185,-0.562531,-0.543701
-0.110886,0.382431,0.534286,0.203217,-0.368011,-0.735733,-0.618546
-0.110733,0.409073,0.549057,0.195496,-0.384354,-0.744003,-0.608078
-0.071930,0.482773,0.655380,0.318497,-0.268280,-0.657288,-0.561188
-0.070374,0.436478,0.574371,0.234360,-0.327194,-0.674591,-0.532379
0.024643,0.628311,0.851379,0.526382,-0.103333,-0.567139,-0.540283
-0.067307,0.502914,0.742661,0.465454,-0.112015,-0.547485,-0.549194
-0.172882,0.267395,0.426270,0.164688,-0.312302,-0.617905,-0.530975
-0.161545,0.181091,0.214905,-0.113922,-0.561798,-0.751587,-0.471771
0.166901,0.789948,0.995071,0.635666,-0.023285,-0.504333,-0.477982
0.013046,0.607971,0.868286,0.596786,0.009323,-0.440948,-0.427063
0.023270,0.570068,0.796356,0.520477,-0.048874,-0.471420,-0.434952
0.028976,0.577530,0.788971,0.480774,-0.120575,-0.560181,-0.517151
-0.030106,0.547211,0.787155,0.500366,-0.092468,-0.537292,-0.517044
-0.087723,0.394333,0.538925,0.216293,-0.330963,-0.675919,-0.552765
-0.067368,0.395035,0.470352,0.080078,-0.488297,-0.799454,-0.597885
0.016983,0.659424,0.900391,0.575546,-0.065750,-0.542969,-0.531387
-0.082321,0.437851,0.621170,0.319321,-0.235672,-0.607834,-0.516541
-0.051010,0.419067,0.527374,0.179535,-0.365356,-0.689392,-0.563095
-0.135132,0.216675,0.189255,-0.222717,-0.718765,-0.910385,-0.637207
-0.097885,0.325195,0.346909,-0.038864,-0.537308,-0.760620,-0.543304
-0.067139,0.320709,0.350464,0.003922,-0.454697,-0.653198,-0.409348
0.143845,0.667557,0.820175,0.488861,-0.079742,-0.449783,-0.338837
0.183258,0.751343,0.953766,0.631744,0.027405,-0.406372,-0.364456
0.079483,0.558411,0.688156,0.354706,-0.194519,-0.532623,-0.400787
0.087341,0.551468,0.636276,0.269043,-0.278473,-0.586578,-0.403503
0.177383,0.783218,0.995697,0.654327,0.011292,-0.457901,-0.432526
0.036072,0.584351,0.794525,0.498764,-0.075623,-0.483627,-0.428848
0.018082,0.496078,0.626862,0.295425,-0.250809,-0.588898,-0.460907
0.022415,0.478867,0.545334,0.149200,-0.423996,-0.737991,-0.541199
0.055237,0.662842,0.870239,0.535599,-0.085144,-0.526382,-0.483032
-0.032776,0.454376,0.592300,0.264023,-0.281036,-0.618912,-0.489738
-0.006210,0.451424,0.530785,0.157196,-0.392693,-0.698250,-0.508720
0.080528,0.695625,0.914383,0.578262,-0.061508,-0.533325,-0.521255
-0.090271,0.397331,0.550346,0.238014,-0.302948,-0.649471,-0.556206
-0.133633,0.269478,0.338787,0.006046,-0.476000,-0.716269,-0.498180
0.038305,0.501526,0.544424,0.120052,-0.469408,-0.780953,-0.574887
0.017079,0.592896,0.758091,0.400178,-0.206480,-0.604442,-0.512350
-0.032350,0.449132,0.561891,0.212597,-0.334711,-0.653338,-0.494347
0.025572,0.525114,0.637203,0.272587,-0.298702,-0.643051,-0.492947
0.068947,0.673553,0.897533,0.575386,-0.050545,-0.512547,-0.489788
-0.026730,0.519016,0.730598,0.437214,-0.136772,-0.548264,-0.497902
-0.049492,0.438774,0.583649,0.257393,-0.297379,-0.652695,-0.544708
-0.087044,0.337158,0.376579,-0.022896,-0.572037,-0.844597,-0.614532
-0.021248,0.535378,0.670815,0.293198,-0.313431,-0.692795,-0.574463
-0.074295,0.417404,0.527603,0.168930,-0.385696,-0.706696,-0.552979
-0.068542,0.348969,0.365173,-0.042664,-0.576660,-0.822479,-0.563980
0.053558,0.630310,0.777863,0.396622,-0.229263,-0.638443,-0.563339
-0.116745,0.331635,0.434067,0.106796,-0.396210,-0.668015,-0.474335
0.064331,0.567795,0.673981,0.297668,-0.285217,-0.637161,-0.493591
0.050095,0.612259,0.790283,0.446045,-0.159760,-0.572495,-0.500916
-0.030502,0.459061,0.586655,0.243286,-0.311844,-0.647003,-0.506363
-0.000702,0.489594,0.596420,0.232468,-0.332306,-0.667252,-0.517609
0.002823,0.509720,0.629089,0.267792,-0.305099,-0.654938,-0.513199
0.025757,0.586166,0.761475,0.419449,-0.183197,-0.591827,-0.515198
-0.039780,0.460602,0.599915,0.263245,-0.293060,-0.639145,-0.513229
-0.023148,0.451721,0.547180,0.180740,-0.377686,-0.700485,-0.529022
0.039398,0.629959,0.830276,0.491516,-0.129379,-0.568802,-0.522675
-0.060883,0.445541,0.603516,0.283401,-0.271149,-0.627228,-0.519028
-0.050415,0.401245,0.478592,0.107910,-0.439102,-0.740814,-0.570923
-0.100723,0.254837,0.193054,-0.260773,-0.777802,-0.956970,-0.626556
0.023193,0.577179,0.677765,0.273422,-0.331360,-0.684479,-0.531357
-0.001602,0.509628,0.626480,0.266571,-0.296143,-0.628082,-0.477402
0.023529,0.480827,0.542267,0.152870,-0.400955,-0.692833,-0.488777
0.073845,0.594200,0.698593,0.307777,-0.287521,-0.639061,-0.488266
0.033295,0.526649,0.621864,0.248344,-0.312233,-0.628387,-0.450356
0.104057,0.652412,0.806992,0.456131,-0.136711,-0.525879,-0.426064
0.089897,0.654846,0.857113,0.540806,-0.058830,-0.488922,-0.445282
0.005253,0.492687,0.629894,0.293095,-0.266258,-0.616360,-0.488564
0.015091,0.515121,0.634533,0.275219,-0.295700,-0.641636,-0.505798
-0.011749,0.449471,0.519691,0.133137,-0.424713,-0.725452,-0.529194
0.033520,0.564716,0.685707,0.309395,-0.280323,-0.636101,-0.499271
0.006496,0.484211,0.570770,0.192585,-0.367725,-0.678719,-0.512163
-0.039433,0.322542,0.267099,-0.182407,-0.699072,-0.877905,-0.552042
0.052178,0.490717,0.449591,-0.037516,-0.616850,-0.855838,-0.555406
0.101742,0.688421,0.826278,0.443220,-0.161991,-0.531185,-0.395950
0.134598,0.671017,0.820606,0.470654,-0.114452,-0.490101,-0.383724
0.102596,0.585434,0.689754,0.322315,-0.246899,-0.583336,-0.430286
0.090572,0.589081,0.692326,0.317963,-0.253227,-0.583817,-0.424965
0.103600,0.608757,0.716637,0.343925,-0.235390,-0.579887,-0.435806
0.068359,0.538612,0.612885,0.225456,-0.341095,-0.653389,-0.457855
0.147102,0.777756,1.008003,0.672516,0.022614,-0.463158,-0.458092
-0.035034,0.431038,0.551964,0.218582,-0.313934,-0.621819,-0.458038
0.053917,0.529938,0.607979,0.219398,-0.352192,-0.672417,-0.486687
0.108555,0.734478,0.963947,0.631603,-0.014202,-0.495911,-0.479977
-0.000252,0.583496,0.834671,0.558037,-0.028656,-0.470337,-0.465530
-0.101322,0.248833,0.250048,-0.138433,-0.635651,-0.845028,-0.578732
-0.042320,0.339785,0.267179,-0.215939,-0.761994,-0.955292,-0.615430
0.059313,0.634134,0.734861,0.308189,-0.325570,-0.699586,-0.541761
0.032674,0.621388,0.813032,0.478389,-0.117919,-0.520288,-0.435505
0.053843,0.577777,0.737464,0.401441,-0.179622,-0.561992,-0.456410
0.074058,0.667053,0.896134,0.580995,-0.042877,-0.507726,-0.488760
-0.029464,0.511580,0.716551,0.419542,-0.149233,-0.547752,-0.482588
-0.027321,0.454067,0.580404,0.235773,-0.327429,-0.675472,-0.535866
0.009777,0.593403,0.798565,0.465599,-0.158344,-0.606644,-0.560520
-0.060635,0.530399,0.777088,0.488205,-0.116470,-0.572060,-0.563431
-0.160271,0.268524,0.353523,0.004105,-0.515961,-0.793884,-0.596504
-0.060989,0.414963,0.478294,0.072235,-0.506889,-0.820885,-0.617241
0.000648,0.644157,0.884224,0.553604,-0.095367,-0.579224,-0.579071
-0.175522,0.244881,0.315704,-0.038963,-0.549583,-0.803497,-0.591095
-0.093445,0.270782,0.199005,-0.270569,-0.801247,-0.982231,-0.634071
0.052803,0.651367,0.777565,0.361481,-0.286209,-0.688690,-0.557114
0.025497,0.670166,0.935791,0.637337,0.011429,-0.467163,-0.465729
-0.029671,0.483467,0.662750,0.352982,-0.211815,-0.592712,-0.494461
0.028748,0.616516,0.844330,0.530876,-0.091324,-0.554504,-0.527046
-0.044685,0.538757,0.787682,0.505898,-0.090775,-0.543320,-0.526794
-0.082611,0.432724,0.613205,0.306602,-0.254089,-0.631889,-0.537384
-0.033516,0.517525,0.708954,0.382904,-0.217567,-0.638695,-0.571503
-0.064407,0.524002,0.760277,0.461082,-0.148941,-0.604919,-0.577148
-0.099365,0.479553,0.726944,0.447540,-0.143829,-0.592087,-0.583023
-0.188217,0.222534,0.285767,-0.078384,-0.605225,-0.875198,-0.647461
-0.023270,0.614761,0.843552,0.502731,-0.151443,-0.634583,-0.613220
-0.122238,0.473663,0.734940,0.460526,-0.133728,-0.586777,-0.591278
-0.248962,0.052170,-0.001984,-0.414047,-0.882828,-1.022003,-0.672440
-0.050583,0.407394,0.381638,-0.101944,-0.693390,-0.949265,-0.658714
0.010147,0.630905,0.800583,0.420746,-0.214485,-0.630005,-0.529922
0.002922,0.584610,0.793709,0.477341,-0.116478,-0.531036,-0.475906
-0.057922,0.336716,0.360519,-0.032948,-0.555626,-0.795128,-0.527439
0.127533,0.779434,1.008274,0.659676,-0.003223,-0.495028,-0.479338
0.005032,0.599236,0.859797,0.586599,-0.004505,-0.457398,-0.447102
-0.017887,0.478701,0.639626,0.321446,-0.238994,-0.604827,-0.490665
0.041473,0.631246,0.854210,0.534970,-0.088078,-0.549171,-0.518667
-0.033285,0.551186,0.800158,0.519391,-0.074320,-0.523926,-0.501574
-0.035990,0.526910,0.760371,0.472054,-0.117413,-0.555971,-0.520714
-0.047223,0.516678,0.744296,0.446285,-0.154735,-0.600830,-0.566197
-0.084530,0.492361,0.733831,0.446619,-0.149562,-0.596723,-0.568028
-0.094198,0.478835,0.722343,0.443988,-0.143414,-0.587738,-0.587484
-0.247301,0.046844,-0.017172,-0.438999,-0.912571,-1.052580,-0.686268
0.003950,0.596069,0.716869,0.298373,-0.347793,-0.747770,-0.615662
-0.044238,0.578616,0.819718,0.511619,-0.100384,-0.549557,-0.527748
-0.121293,0.288305,0.341580,-0.030488,-0.550521,-0.804003,-0.557979
0.076508,0.714956,0.938286,0.590097,-0.067501,-0.551115,-0.528275
-0.038767,0.556627,0.815445,0.540527,-0.052275,-0.504890,-0.485519
-0.021919,0.544872,0.789024,0.515202,-0.066746,-0.508602,-0.486389
-0.028755,0.522362,0.741215,0.437450,-0.165363,-0.609325,-0.569653
-0.081032,0.501766,0.746162,0.457939,-0.140223,-0.590321,-0.561611
-0.086788,0.489180,0.735594,0.458164,-0.129303,-0.574665,-0.556890
-0.122202,0.372990,0.531570,0.209132,-0.353559,-0.717698,-0.597935
-0.057300,0.540907,0.770288,0.456443,-0.165154,-0.624798,-0.593822
-0.109915,0.475060,0.725518,0.446236,-0.145016,-0.592175,-0.567388
-0.099382,0.470810,0.716389,0.443991,-0.135556,-0.576978,-0.557250
-0.114768,0.405724,0.590346,0.272216,-0.316487,-0.723009,-0.641335
-0.120855,0.478874,0.724421,0.431482,-0.174274,-0.628965,-0.603825
-0.127649,0.450642,0.701319,0.428116,-0.155157,-0.598314,-0.575420
-0.114170,0.441515,0.664913,0.366638,-0.230724,-0.668304,-0.625221
-0.137127,0.443214,0.683224,0.394573,-0.201073,-0.646717,-0.614559
-0.137291,0.439156,0.684097,0.405216,-0.181725,-0.623631,-0.596565
-0.131180,0.427635,0.652180,0.357971,-0.234386,-0.667976,-0.623875
-0.138672,0.436844,0.672077,0.377720,-0.221626,-0.666050,-0.630730
-0.148369,0.431168,0.677227,0.397495,-0.192242,-0.636913,-0.610634
-0.150906,0.396442,0.616467,0.333412,-0.235191,-0.648178,-0.594406
-0.112324,0.450333,0.668919,0.361969,-0.242039,-0.683266,-0.638916
-0.147606,0.436893,0.681026,0.395485,-0.199032,-0.644535,-0.614189
-0.138721,0.435944,0.683033,0.408226,-0.174679,-0.615513,-0.594223
-0.156044,0.344563,0.504608,0.177765,-0.394169,-0.768436,-0.652840
-0.109493,0.496296,0.736122,0.430679,-0.183563,-0.640800,-0.612320
-0.130882,0.450672,0.700672,0.424850,-0.161995,-0.604786,-0.583481
-0.141384,0.371893,0.556208,0.257309,-0.297688,-0.674719,-0.581408
-0.068939,0.507217,0.725498,0.410427,-0.203588,-0.650832,-0.609519
-0.118295,0.467093,0.714058,0.431315,-0.161410,-0.607098,-0.582803
-0.133837,0.388198,0.578259,0.281144,-0.275995,-0.661012,-0.589288
-0.115786,0.419815,0.620384,0.320980,-0.253081,-0.655848,-0.580225
-0.073566,0.511484,0.747366,0.449730,-0.152874,-0.601513,-0.569403
-0.091209,0.486145,0.732960,0.456902,-0.127254,-0.568359,-0.548317
-0.113338,0.387024,0.558537,0.252815,-0.299175,-0.667374,-0.562378
-0.042240,0.538582,0.757572,0.439293,-0.179855,-0.633167,-0.595917
-0.104816,0.484356,0.737026,0.457970,-0.133057,-0.579987,-0.556938
-0.099442,0.445694,0.662537,0.376328,-0.194443,-0.605667,-0.549179
-0.063438,0.502838,0.723045,0.416718,-0.188629,-0.630219,-0.587212
-0.097244,0.485924,0.730682,0.445755,-0.148170,-0.593086,-0.567055
-0.109535,0.428780,0.636925,0.346001,-0.219666,-0.619972,-0.560478
-0.111794,0.365044,0.494690,0.163116,-0.380295,-0.713608,-0.565254
-0.011925,0.584213,0.801765,0.474251,-0.156021,-0.617424,-0.583305
-0.092377,0.499542,0.754936,0.479553,-0.108810,-0.556046,-0.541100
-0.113129,0.374428,0.528381,0.214043,-0.332802,-0.684181,-0.558609
-0.020035,0.570259,0.790825,0.471169,-0.150330,-0.604019,-0.568123
-0.083260,0.491928,0.729752,0.442841,-0.144257,-0.578506,-0.546799
-0.110992,0.369675,0.509964,0.185989,-0.358673,-0.697128,-0.567566
-0.080688,0.376358,0.443436,0.049881,-0.515884,-0.817596,-0.605698
0.017441,0.665161,0.907440,0.582932,-0.058044,-0.535919,-0.520111
-0.048294,0.523697,0.767151,0.492645,-0.082169,-0.511093,-0.482910
-0.054504,0.423706,0.567398,0.248764,-0.295532,-0.640457,-0.509491
0.027588,0.613480,0.828674,0.504684,-0.117203,-0.571304,-0.533844
-0.045486,0.539001,0.787994,0.510193,-0.077667,-0.522430,-0.504089
-0.067856,0.436661,0.611313,0.305756,-0.249008,-0.622879,-0.533295
-0.066513,0.407745,0.511398,0.143311,-0.427475,-0.762527,-0.598312
-0.036087,0.538589,0.722198,0.381546,-0.221664,-0.629883,-0.551865
-0.072128,0.432541,0.573151,0.236816,-0.322083,-0.672684,-0.565903
-0.118195,0.306885,0.382324,0.041000,-0.459320,-0.714767,-0.491211
0.113205,0.725739,0.935104,0.588715,-0.057327,-0.526566,-0.497314
-0.015121,0.557404,0.792587,0.509857,-0.070145,-0.497406,-0.465591
-0.032639,0.444214,0.581696,0.255905,-0.290573,-0.632797,-0.506958
-0.018906,0.451981,0.537659,0.153717,-0.418152,-0.741577,-0.556061
0.043854,0.677338,0.919205,0.602066,-0.028656,-0.500305,-0.491974
-0.057877,0.437698,0.597641,0.285309,-0.261505,-0.614807,-0.503860
-0.027649,0.441299,0.538712,0.178131,-0.376465,-0.696442,-0.523163
0.055847,0.667648,0.891922,0.565186,-0.065292,-0.528870,-0.506699
-0.050064,0.475632,0.663467,0.358261,-0.205933,-0.590134,-0.509796
-0.048286,0.427574,0.544533,0.199409,-0.349632,-0.679733,-0.531136
-0.011749,0.495094,0.610512,0.236496,-0.350929,-0.707359,-0.556511
0.017838,0.641632,0.886589,0.580345,-0.039597,-0.504463,-0.494301
-0.052513,0.463371,0.650253,0.351936,-0.202499,-0.582901,-0.501724
-0.034500,0.460686,0.600700,0.264732,-0.300629,-0.661560,-0.537651
0.001225,0.595722,0.823376,0.510738,-0.102833,-0.556488,-0.532284
-0.079510,0.442387,0.629372,0.325294,-0.237774,-0.621836,-0.542336
-0.080667,0.397306,0.517340,0.173306,-0.380502,-0.717280,-0.566500
-0.006855,0.594556,0.816361,0.493049,-0.132074,-0.590335,-0.561899
-0.098092,0.438643,0.637403,0.336205,-0.233780,-0.630554,-0.560719
-0.102764,0.380320,0.509325,0.171255,-0.380550,-0.718273,-0.587959
-0.116951,0.306805,0.340900,-0.057003,-0.595798,-0.858101,-0.616898
-0.007687,0.572521,0.732307,0.361225,-0.260426,-0.670311,-0.583183
-0.099304,0.398727,0.529846,0.190933,-0.357800,-0.687603,-0.536751
-0.010239,0.512440,0.649410,0.293819,-0.289036,-0.657543,-0.528442
0.023384,0.628765,0.862309,0.549648,-0.067860,-0.525425,-0.504120
-0.062035,0.440479,0.604347,0.289093,-0.267467,-0.631409,-0.527084
-0.048634,0.430340,0.539639,0.183990,-0.372540,-0.701275,-0.547409
-0.019867,0.498955,0.630154,0.270798,-0.311878,-0.674343,-0.543163
-0.002941,0.571411,0.767384,0.436062,-0.172577,-0.598869,-0.540714
-0.071873,0.433716,0.583057,0.254383,-0.303753,-0.656548,-0.536293
-0.049866,0.421379,0.512283,0.141342,-0.418617,-0.735115,-0.556427
0.012314,0.585625,0.762012,0.414215,-0.194145,-0.603558,-0.525745
-0.050125,0.442646,0.570496,0.227367,-0.325554,-0.660488,-0.520580
-0.029335,0.426182,0.491730,0.103481,-0.452137,-0.750660,-0.576618
-0.108177,0.238811,0.173420,-0.271286,-0.769508,-0.932007,-0.620224
-0.040689,0.423208,0.474602,0.093815,-0.430969,-0.692108,-0.499585
-0.012846,0.413785,0.480013,0.139314,-0.348686,-0.588036,-0.353432
0.234552,0.799553,0.954975,0.586376,-0.037739,-0.457901,-0.380020
0.122009,0.673149,0.860756,0.536755,-0.051949,-0.455578,-0.382797
0.082928,0.569782,0.696632,0.352497,-0.206329,-0.548103,-0.414017
0.089027,0.581604,0.689705,0.322113,-0.251160,-0.594543,-0.453262
0.046173,0.506859,0.570686,0.177788,-0.381470,-0.675797,-0.469292
0.107475,0.658447,0.799995,0.434265,-0.164513,-0.545891,-0.438347
0.050117,0.533134,0.636658,0.272346,-0.289848,-0.618355,-0.468178
0.015656,0.430611,0.443283,0.029015,-0.511368,-0.759621,-0.498657
0.120354,0.694626,0.834839,0.450211,-0.169258,-0.562340,-0.453705
0.048546,0.551086,0.671997,0.315140,-0.251404,-0.595932,-0.489952
-0.095810,0.200996,0.127876,-0.290298,-0.745628,-0.890045,-0.648247
-0.298203,-0.170059,-0.371185,-0.760849,-1.041374,-0.934410,-0.412270
0.252632,0.692665,0.673508,0.233513,-0.310883,-0.547546,-0.273163
0.360092,0.951370,1.108383,0.727676,0.091537,-0.335678,-0.261871
0.222427,0.736465,0.883377,0.541519,-0.034607,-0.403320,-0.293015
0.195221,0.679962,0.785172,0.419571,-0.146866,-0.480560,-0.328705
0.189972,0.686295,0.789322,0.412766,-0.166458,-0.510880,-0.365753
0.152130,0.652557,0.761597,0.387115,-0.192993,-0.542191,-0.388123
0.182571,0.795883,1.025528,0.699234,0.058411,-0.420319,-0.414139
0.018814,0.506393,0.651550,0.323608,-0.229897,-0.577148,-0.457275
0.012161,0.440193,0.480469,0.081825,-0.464561,-0.739281,-0.525055
-0.005089,0.399780,0.367294,-0.087799,-0.636375,-0.858562,-0.556129
0.090305,0.656605,0.767437,0.362495,-0.250717,-0.614155,-0.474178
0.020061,0.458027,0.489578,0.080338,-0.466778,-0.741249,-0.575602
-0.185795,0.053020,-0.071682,-0.485273,-0.879391,-0.914307,-0.492710
0.127260,0.528658,0.452677,-0.035763,-0.582239,-0.774027,-0.429766
0.261024,0.872227,1.014824,0.608116,-0.042042,-0.460670,-0.362713
0.147495,0.675480,0.822563,0.475018,-0.105755,-0.473202,-0.347961
0.200991,0.802517,1.030266,0.708902,0.075915,-0.398960,-0.391900
0.034101,0.508940,0.640499,0.309823,-0.232724,-0.562275,-0.419980
0.081430,0.562624,0.657503,0.280712,-0.292873,-0.629736,-0.475140
0.049206,0.553131,0.660770,0.282951,-0.304352,-0.655777,-0.500961
0.075371,0.697205,0.935326,0.615463,-0.019928,-0.498146,-0.502197
-0.117462,0.271591,0.310371,-0.065315,-0.578178,-0.819672,-0.584229
-0.064728,0.314316,0.247467,-0.229950,-0.772308,-0.964874,-0.623306
0.059967,0.651062,0.768875,0.348389,-0.295853,-0.689041,-0.558029
-0.024811,0.499634,0.627625,0.265076,-0.308060,-0.655212,-0.553787
-0.164139,0.145813,0.105240,-0.277740,-0.717728,-0.845001,-0.501251
0.117737,0.604126,0.630890,0.179779,-0.424469,-0.736023,-0.510437
0.122345,0.761032,0.980713,0.640594,0.003708,-0.454529,-0.425110
0.010345,0.469177,0.570236,0.214218,-0.333878,-0.646469,-0.473663
0.062851,0.571030,0.676041,0.290726,-0.303009,-0.657898,-0.500641
0.082001,0.709122,0.949539,0.630005,-0.006042,-0.484909,-0.480820
-0.049927,0.435623,0.580734,0.257645,-0.290070,-0.629623,-0.501144
-0.016327,0.441605,0.512466,0.124603,-0.440414,-0.750198,-0.552155
0.052368,0.683594,0.913437,0.578537,-0.070755,-0.552994,-0.535629
-0.053467,0.533630,0.788177,0.511932,-0.082184,-0.535095,-0.541412
-0.204834,0.089661,0.025970,-0.394562,-0.872711,-1.018250,-0.667175
-0.027222,0.468231,0.482513,0.015137,-0.594421,-0.892700,-0.644135
0.009460,0.654144,0.869019,0.518341,-0.123169,-0.578125,-0.533722
-0.072662,0.421295,0.554260,0.216187,-0.334656,-0.664612,-0.514862
0.005646,0.510681,0.623322,0.248505,-0.338745,-0.693054,-0.542053
0.033417,0.654419,0.892700,0.574005,-0.059296,-0.533447,-0.515900
-0.039459,0.542023,0.794891,0.521851,-0.064178,-0.510071,-0.498718
-0.080139,0.388306,0.518463,0.180542,-0.376984,-0.723297,-0.579987
-0.021912,0.582825,0.809906,0.485931,-0.145691,-0.613312,-0.586334
-0.100555,0.486298,0.737610,0.457245,-0.137024,-0.587189,-0.576141
-0.170563,0.265533,0.357758,0.008636,-0.521851,-0.814026,-0.616089
-0.020477,0.598053,0.819214,0.481598,-0.163544,-0.637756,-0.610443
-0.121399,0.468689,0.722260,0.441162,-0.154785,-0.605652,-0.581604
-0.112366,0.455139,0.689270,0.401642,-0.188110,-0.626953,-0.615417
-0.264038,0.038300,-0.021545,-0.442139,-0.920380,-1.065948,-0.704193
-0.016541,0.578918,0.706940,0.293640,-0.352264,-0.756866,-0.632263
-0.069244,0.540375,0.771317,0.460983,-0.145432,-0.583191,-0.549103
-0.131439,0.288284,0.347687,-0.024170,-0.550842,-0.814804,-0.577194
0.051880,0.690826,0.915619,0.570847,-0.083359,-0.566544,-0.543274
-0.054321,0.539551,0.798828,0.524353,-0.067017,-0.518219,-0.511124
-0.107529,0.329498,0.424606,0.077377,-0.455185,-0.752335,-0.559357
0.033310,0.650848,0.872986,0.536316,-0.107895,-0.580200,-0.552979
-0.063034,0.527916,0.782333,0.504036,-0.090157,-0.540237,-0.518356
-0.050301,0.517975,0.760674,0.484436,-0.099899,-0.542160,-0.524254
-0.098221,0.381554,0.522903,0.190224,-0.369911,-0.722733,-0.586861
-0.032227,0.573013,0.803497,0.487808,-0.136589,-0.599014,-0.570801
-0.086708,0.497475,0.747143,0.469032,-0.122044,-0.568054,-0.568501
-0.227058,0.069309,0.005535,-0.417030,-0.891338,-1.030125,-0.669441
-0.020937,0.482002,0.501760,0.035909,-0.572177,-0.870914,-0.629680
-0.006765,0.575306,0.722287,0.346333,-0.261593,-0.640297,-0.512510
0.020432,0.569988,0.736515,0.401405,-0.177776,-0.556324,-0.450867
0.052139,0.574951,0.719856,0.362358,-0.235100,-0.619057,-0.497459
0.059624,0.678993,0.926392,0.621590,-0.000839,-0.468163,-0.449715
0.025681,0.605118,0.857880,0.584778,-0.001358,-0.448349,-0.435135
-0.005951,0.486679,0.642715,0.317749,-0.249435,-0.619003,-0.502701
0.035492,0.633194,0.863052,0.549667,-0.071503,-0.530716,-0.502274
-0.020889,0.561569,0.809540,0.530685,-0.060135,-0.507874,-0.485611
-0.020126,0.546585,0.789673,0.516739,-0.063339,-0.504318,-0.483185
-0.027603,0.519516,0.734421,0.429672,-0.173141,-0.615143,-0.572556
-0.082993,0.502686,0.747971,0.462601,-0.133713,-0.582962,-0.557327
-0.089447,0.473785,0.707581,0.427399,-0.151047,-0.581619,-0.557007
-0.148727,0.275360,0.346909,-0.022675,-0.564667,-0.853577,-0.638748
-0.020508,0.619446,0.855988,0.526764,-0.115936,-0.592590,-0.571655
-0.088882,0.498856,0.754974,0.483246,-0.103439,-0.550003,-0.534393
-0.101837,0.394150,0.551559,0.226013,-0.340729,-0.708893,-0.590195
-0.048660,0.551422,0.782654,0.469666,-0.150108,-0.608925,-0.578110
-0.094368,0.489471,0.738800,0.459373,-0.132027,-0.578354,-0.552750
-0.084908,0.484146,0.729561,0.457008,-0.123672,-0.565247,-0.542740
-0.084816,0.466606,0.684792,0.383301,-0.214317,-0.651176,-0.606407
-0.116646,0.463394,0.705055,0.418037,-0.176971,-0.621986,-0.592148
-0.117172,0.456024,0.701645,0.426369,-0.157013,-0.597343,-0.579460
-0.150520,0.331169,0.472466,0.136818,-0.429184,-0.784874,-0.647942
-0.090286,0.520885,0.759212,0.448368,-0.172203,-0.633759,-0.606632
-0.125557,0.456608,0.708195,0.432964,-0.153294,-0.597458,-0.578491
-0.135784,0.381027,0.569820,0.272427,-0.285961,-0.671242,-0.584152
-0.077847,0.496117,0.714172,0.400833,-0.211464,-0.657978,-0.616920
-0.125946,0.458218,0.704948,0.421974,-0.170002,-0.614948,-0.588940
-0.127529,0.422457,0.643139,0.359755,-0.211136,-0.626389,-0.574865
-0.094038,0.467375,0.684721,0.375566,-0.228674,-0.669159,-0.624073
-0.132042,0.452198,0.697048,0.410261,-0.184515,-0.629303,-0.599228
-0.124027,0.449394,0.695244,0.420189,-0.162964,-0.602096,-0.583024
-0.150953,0.343601,0.507417,0.197002,-0.353771,-0.714891,-0.600926
-0.073848,0.509952,0.728968,0.408764,-0.212288,-0.667480,-0.630134
-0.137955,0.452290,0.705044,0.428040,-0.162906,-0.609757,-0.586617
-0.130981,0.410357,0.623446,0.336451,-0.233132,-0.641229,-0.580658
-0.091842,0.476510,0.696825,0.389633,-0.215594,-0.658035,-0.614892
-0.123807,0.459493,0.704388,0.419596,-0.173205,-0.617989,-0.592797
-0.139034,0.389707,0.587389,0.292943,-0.267414,-0.657574,-0.587040
-0.133272,0.340785,0.462807,0.124660,-0.420380,-0.748465,-0.592970
-0.033533,0.561815,0.774689,0.443510,-0.186470,-0.642700,-0.604433
-0.122086,0.440832,0.662609,0.371517,-0.204082,-0.616192,-0.562531
-0.113766,0.368027,0.501614,0.171017,-0.376316,-0.713516,-0.566082
-0.010731,0.588379,0.807907,0.482338,-0.144039,-0.602566,-0.566582
-0.075764,0.511173,0.760639,0.480370,-0.109917,-0.560028,-0.564537
-0.184151,0.251381,0.384064,0.093613,-0.398308,-0.697205,-0.582130
-0.179924,0.176636,0.197884,-0.157074,-0.624969,-0.818970,-0.529633
0.124336,0.763519,0.977806,0.623589,-0.035110,-0.516891,-0.498100
-0.030190,0.524277,0.742538,0.457726,-0.106781,-0.510849,-0.456070
-0.014999,0.454269,0.577393,0.242264,-0.300766,-0.632751,-0.483078
0.070557,0.664062,0.878983,0.550812,-0.077194,-0.535385,-0.501022
-0.012802,0.572525,0.822327,0.545334,-0.042709,-0.486694,-0.472443
-0.051041,0.425125,0.569733,0.251022,-0.292374,-0.636414,-0.517258
-0.039734,0.414886,0.483444,0.090378,-0.477829,-0.791763,-0.622223
-0.118210,0.340195,0.417419,0.056381,-0.465439,-0.743164,-0.575851
-0.119949,0.277115,0.327744,-0.009827,-0.476151,-0.697922,-0.504471
-0.056839,0.314438,0.346329,0.010696,-0.439056,-0.627792,-0.349869
0.281998,0.895370,1.088943,0.721985,0.062378,-0.414459,-0.385910
0.092636,0.657623,0.883362,0.595184,0.017548,-0.407318,-0.386871
0.008453,0.437286,0.551575,0.241882,-0.258362,-0.548920,-0.384583
0.126923,0.611267,0.700500,0.309296,-0.281494,-0.630524,-0.467468
0.117004,0.744965,0.989136,0.678192,0.053589,-0.415924,-0.411346
0.014160,0.500214,0.653625,0.338776,-0.207657,-0.558640,-0.447327
0.028244,0.496567,0.593323,0.233078,-0.319244,-0.639908,-0.470245
0.103226,0.710495,0.930283,0.600067,-0.031906,-0.495026,-0.473373
-0.025085,0.485519,0.657410,0.344223,-0.214203,-0.583893,-0.488220
-0.019318,0.451172,0.555969,0.201706,-0.350510,-0.674011,-0.525696
-0.046631,0.364594,0.367706,-0.057968,-0.604752,-0.849579,-0.577393
0.061539,0.660446,0.827026,0.455826,-0.169861,-0.587662,-0.517181
-0.061523,0.405594,0.520737,0.187485,-0.338058,-0.639023,-0.467438
0.068878,0.592484,0.726440,0.364914,-0.225777,-0.602058,-0.481644
0.063522,0.665222,0.898048,0.586617,-0.029678,-0.487015,-0.462563
0.009972,0.579758,0.820038,0.539436,-0.047272,-0.489944,-0.468544
-0.020508,0.514263,0.723759,0.433182,-0.138985,-0.553558,-0.506260
-0.043297,0.484779,0.667139,0.346756,-0.239307,-0.645178,-0.572636
-0.095397,0.420468,0.579996,0.250674,-0.319818,-0.693645,-0.591299
-0.112846,0.365164,0.473518,0.117920,-0.435619,-0.758453,-0.600685
-0.080986,0.415428,0.519547,0.148026,-0.424225,-0.760712,-0.596947
-0.027359,0.569260,0.780457,0.451530,-0.163528,-0.602051,-0.558937
-0.103043,0.397530,0.549721,0.225830,-0.329514,-0.682472,-0.567253
-0.087776,0.376602,0.463631,0.091789,-0.465149,-0.779617,-0.616501
-0.140320,0.233871,0.190552,-0.253769,-0.773087,-0.959427,-0.624390
0.061203,0.683884,0.851547,0.467743,-0.176285,-0.607376,-0.533463
-0.046082,0.468094,0.618149,0.285278,-0.276031,-0.630035,-0.510971
-0.029648,0.432632,0.513687,0.137863,-0.418137,-0.726822,-0.536484
0.047714,0.644150,0.843430,0.502686,-0.118225,-0.553772,-0.502823
-0.038208,0.467087,0.620056,0.295944,-0.260620,-0.615753,-0.497833
0.004822,0.522430,0.669006,0.324890,-0.255386,-0.632080,-0.526718
-0.037491,0.455109,0.570068,0.209305,-0.358170,-0.694809,-0.543915
-0.018326,0.496613,0.621017,0.258850,-0.316849,-0.668488,-0.532440
-0.022568,0.473877,0.583878,0.217194,-0.354172,-0.691757,-0.542770
-0.030777,0.452118,0.539902,0.159042,-0.408798,-0.728226,-0.545609
0.027023,0.602249,0.779541,0.432640,-0.172882,-0.579483,-0.499870
-0.023437,0.472076,0.601669,0.258316,-0.300705,-0.642654,-0.515564
-0.059471,0.329956,0.323204,-0.094673,-0.621017,-0.845596,-0.562126
0.070396,0.641472,0.770706,0.377167,-0.243309,-0.629570,-0.510254
-0.001320,0.499062,0.613930,0.254028,-0.305748,-0.633804,-0.477325
0.043030,0.536171,0.636055,0.259338,-0.314171,-0.648994,-0.496284
0.005692,0.455223,0.502151,0.098373,-0.458954,-0.741592,-0.513725
0.095928,0.690235,0.870808,0.517372,-0.099518,-0.515446,-0.439217
0.053375,0.589314,0.765778,0.442463,-0.136749,-0.527061,-0.441074
0.044586,0.564869,0.724842,0.391064,-0.190708,-0.575729,-0.479610
0.018051,0.545341,0.705429,0.367855,-0.213760,-0.593746,-0.492630
-0.007599,0.484722,0.606266,0.252972,-0.309048,-0.649090,-0.508389
0.001221,0.492504,0.596413,0.224674,-0.346828,-0.684544,-0.524933
0.027836,0.590195,0.763546,0.415661,-0.191799,-0.603256,-0.522583
-0.031437,0.493317,0.654804,0.323509,-0.244068,-0.609161,-0.502075
-0.030659,0.420834,0.492161,0.112568,-0.440334,-0.740074,-0.559422
-0.076630,0.289467,0.228344,-0.231670,-0.757759,-0.940060,-0.595165
0.091396,0.695503,0.835003,0.435993,-0.195766,-0.591259,-0.477190
0.035322,0.552916,0.685815,0.330092,-0.244110,-0.596236,-0.466541
0.021415,0.473662,0.534013,0.142560,-0.412333,-0.705259,-0.492475
0.102230,0.687582,0.862212,0.499960,-0.128590,-0.556068,-0.486396
-0.016894,0.462970,0.572172,0.218375,-0.327536,-0.637942,-0.464951
0.068837,0.572349,0.675669,0.295521,-0.288231,-0.633211,-0.475920
0.084303,0.663811,0.854137,0.512323,-0.106722,-0.537479,-0.469105
0.044029,0.640362,0.886425,0.595926,-0.004509,-0.453952,-0.440238
-0.023263,0.434830,0.553713,0.217325,-0.325985,-0.653347,-0.509847
-0.016017,0.442054,0.507205,0.115629,-0.448170,-0.752847,-0.548768
0.063687,0.700812,0.934553,0.601564,-0.047810,-0.533044,-0.531345
-0.121377,0.312208,0.397061,0.047484,-0.472733,-0.744967,-0.547806
-0.053532,0.327837,0.283798,-0.171989,-0.707573,-0.911988,-0.595843
0.052465,0.605001,0.694393,0.268215,-0.356259,-0.716189,-0.551239
0.007795,0.550982,0.686780,0.324165,-0.255891,-0.606002,-0.461613
0.070199,0.603003,0.749014,0.395533,-0.193063,-0.568246,-0.447729
0.096559,0.699339,0.934204,0.622838,-0.000233,-0.469176,-0.452321
0.017575,0.590598,0.832127,0.545934,-0.051205,-0.501281,-0.482327
-0.038670,0.473208,0.650263,0.340249,-0.220889,-0.597185,-0.505108
-0.023172,0.480734,0.619616,0.270805,-0.309235,-0.677877,-0.552818
-0.003033,0.602280,0.834782,0.519138,-0.108154,-0.575405,-0.560760
-0.125271,0.359974,0.500889,0.174622,-0.369396,-0.702335,-0.563377
-0.066231,0.405884,0.489830,0.107117,-0.459618,-0.776962,-0.589340
0.009743,0.638504,0.870811,0.540314,-0.104630,-0.583511,-0.563789
-0.080299,0.508171,0.763054,0.486206,-0.107529,-0.559105,-0.559204
-0.198868,0.140633,0.128372,-0.264648,-0.751701,-0.936340,-0.639656
-0.066292,0.354385,0.311211,-0.167168,-0.734901,-0.963356,-0.647583
0.047241,0.701530,0.900520,0.529198,-0.127876,-0.585571,-0.534119
-0.061172,0.445541,0.589165,0.253853,-0.299141,-0.635124,-0.493340
0.011490,0.495102,0.587502,0.206314,-0.367706,-0.697182,-0.519630
0.073372,0.701958,0.937008,0.611172,-0.029163,-0.507393,-0.489971
-0.011696,0.573540,0.826199,0.550056,-0.042007,-0.491940,-0.484562
-0.081669,0.350758,0.441292,0.088551,-0.450436,-0.751034,-0.557564
0.038525,0.662361,0.888805,0.553471,-0.093334,-0.571133,-0.548389
-0.059952,0.533413,0.790222,0.512341,-0.083397,-0.536957,-0.529266
-0.123131,0.315453,0.411118,0.065414,-0.463669,-0.756401,-0.566856
-0.002975,0.554771,0.711838,0.348808,-0.266815,-0.673653,-0.573746
-0.033257,0.577492,0.824181,0.522598,-0.095650,-0.559799,-0.539154
-0.064514,0.514191,0.763321,0.486626,-0.102074,-0.548660,-0.551636
-0.213676,0.080208,0.014961,-0.409081,-0.888748,-1.033829,-0.673515
-0.005852,0.542442,0.612984,0.171074,-0.457253,-0.807320,-0.620857
-0.022923,0.577370,0.767796,0.423164,-0.186939,-0.599060,-0.522953
-0.068554,0.371941,0.433353,0.053715,-0.484577,-0.756163,-0.523201
0.097363,0.718103,0.922913,0.569069,-0.079479,-0.542407,-0.497119
0.009746,0.611589,0.868977,0.585797,-0.015198,-0.473008,-0.455862
0.008462,0.573037,0.807174,0.521473,-0.066385,-0.505311,-0.476285
-0.024600,0.495229,0.676253,0.360403,-0.219218,-0.617732,-0.532044
-0.016395,0.573650,0.808610,0.506147,-0.105155,-0.561444,-0.535943
-0.059422,0.518227,0.764349,0.485647,-0.104060,-0.550670,-0.540970
-0.142605,0.279486,0.356861,-0.001095,-0.530586,-0.812973,-0.600473
0.008615,0.635578,0.860235,0.521187,-0.126368,-0.602951,-0.578020
-0.090338,0.502277,0.759329,0.483644,-0.107958,-0.558397,-0.538818
-0.075977,0.483238,0.711098,0.418213,-0.174793,-0.611965,-0.584118
-0.162880,0.280903,0.371960,0.012905,-0.531345,-0.833241,-0.635185
-0.030636,0.603550,0.842209,0.518986,-0.117767,-0.593414,-0.575371
-0.096466,0.489407,0.745636,0.474998,-0.109646,-0.556122,-0.548241
-0.147770,0.283245,0.372391,0.017307,-0.522038,-0.821026,-0.623997
-0.023396,0.603947,0.834846,0.505894,-0.133610,-0.607094,-0.583000
-0.099075,0.488842,0.744167,0.468727,-0.121647,-0.568920,-0.554989
-0.128994,0.350750,0.492073,0.163280,-0.390072,-0.734207,-0.592670
-0.038273,0.564777,0.790165,0.468452,-0.159962,-0.622456,-0.592354
-0.105404,0.482582,0.734074,0.454834,-0.136375,-0.584473,-0.561588
-0.092541,0.476727,0.722366,0.450031,-0.130436,-0.570812,-0.548100
-0.089966,0.461655,0.681023,0.379726,-0.217701,-0.655350,-0.611359
-0.123337,0.457901,0.699776,0.412964,-0.181831,-0.627617,-0.598526
-0.124306,0.449120,0.694000,0.417007,-0.167091,-0.608131,-0.606575
-0.267052,0.024483,-0.044060,-0.470375,-0.947411,-1.086937,-0.721123
-0.055805,0.477470,0.532169,0.084335,-0.533249,-0.860935,-0.655224
-0.058712,0.509899,0.659178,0.293322,-0.303612,-0.674347,-0.546476
-0.025160,0.500190,0.643712,0.298522,-0.270123,-0.625526,-0.488333
0.066628,0.669244,0.892235,0.564224,-0.070446,-0.537201,-0.506447
-0.015938,0.575562,0.830521,0.551777,-0.042870,-0.493401,-0.471973
-0.004383,0.565388,0.811508,0.537682,-0.045254,-0.487110,-0.465878
-0.008247,0.542870,0.760742,0.457954,-0.140968,-0.579124,-0.535652
-0.047180,0.531563,0.771927,0.481667,-0.115593,-0.562843,-0.532295
-0.057610,0.515289,0.759636,0.481133,-0.105453,-0.547989,-0.529373
-0.093857,0.401176,0.557648,0.229202,-0.340416,-0.709473,-0.590675
-0.047089,0.555992,0.790199,0.479179,-0.139626,-0.598450,-0.569603
-0.087807,0.494095,0.743462,0.465046,-0.124374,-0.570698,-0.547035
-0.086010,0.467499,0.696545,0.416561,-0.156830,-0.581406,-0.561584
-0.192253,0.147369,0.124493,-0.286865,-0.792080,-0.988850,-0.683674
-0.058914,0.460537,0.523026,0.096584,-0.501759,-0.825027,-0.642288
-0.105659,0.392891,0.500099,0.147278,-0.390823,-0.698364,-0.560608
-0.120316,0.273003,0.316010,-0.034981,-0.514587,-0.729004,-0.455994
0.186653,0.822441,1.037247,0.683533,0.024353,-0.458893,-0.436676
0.049271,0.641129,0.899353,0.628708,0.041122,-0.409286,-0.396530
0.047821,0.581848,0.796463,0.511917,-0.057205,-0.470734,-0.422424
0.052292,0.606628,0.820862,0.510559,-0.093872,-0.535553,-0.494583
-0.008606,0.570587,0.812363,0.527420,-0.065567,-0.511520,-0.490448
-0.040756,0.487823,0.687286,0.393616,-0.171844,-0.570007,-0.510345
-0.063461,0.401810,0.506332,0.143036,-0.424988,-0.759232,-0.591293
-0.005859,0.620148,0.860443,0.542755,-0.086563,-0.556808,-0.536339
-0.065788,0.503021,0.741364,0.462769,-0.115112,-0.545120,-0.517990
-0.088692,0.384552,0.522369,0.198883,-0.345314,-0.685272,-0.553268
-0.036644,0.492844,0.641449,0.285667,-0.312019,-0.702057,-0.604057
-0.101578,0.442215,0.631378,0.322617,-0.244110,-0.636688,-0.592964
-0.206772,0.193504,0.289307,-0.008385,-0.471321,-0.723907,-0.560989
-0.092834,0.371056,0.511322,0.213699,-0.296074,-0.607788,-0.456604
0.089752,0.676025,0.889656,0.566048,-0.056450,-0.515053,-0.486969
-0.014725,0.548904,0.782112,0.500374,-0.077698,-0.505943,-0.477074
-0.045082,0.435715,0.581970,0.263908,-0.281746,-0.630981,-0.507195
0.024712,0.607422,0.821434,0.498215,-0.121929,-0.576241,-0.541939
-0.067440,0.493557,0.718304,0.431122,-0.145496,-0.564480,-0.524475
-0.090229,0.380108,0.507225,0.176075,-0.367901,-0.700796,-0.553986
-0.001204,0.591452,0.805559,0.475597,-0.153181,-0.610180,-0.574631
-0.084242,0.502268,0.751315,0.469653,-0.121031,-0.567631,-0.549129
-0.114697,0.383167,0.548303,0.236261,-0.317108,-0.680804,-0.580140
-0.107260,0.367178,0.475900,0.123595,-0.427660,-0.756042,-0.623304
-0.154768,0.284121,0.354700,-0.009987,-0.540289,-0.826408,-0.662525
-0.197302,0.219755,0.287270,-0.046268,-0.522261,-0.761406,-0.582236
-0.143872,0.224104,0.254703,-0.078299,-0.524459,-0.709628,-0.428156
0.195536,0.785185,0.948430,0.567072,-0.083349,-0.530552,-0.470661
0.016487,0.551918,0.729841,0.412861,-0.154217,-0.530544,-0.437534
0.029690,0.495575,0.593849,0.237034,-0.311871,-0.628178,-0.464935
0.052353,0.539516,0.633484,0.259693,-0.307007,-0.634113,-0.463017
0.116737,0.731228,0.956200,0.626244,-0.011345,-0.482948,-0.465805
-0.010269,0.518265,0.709854,0.406425,-0.157967,-0.544327,-0.466141
-0.003830,0.473785,0.592476,0.248085,-0.305115,-0.640327,-0.489960
0.060471,0.639076,0.833389,0.495533,-0.124470,-0.560081,-0.507256
-0.035892,0.484886,0.654152,0.335449,-0.227467,-0.598682,-0.499622
-0.026390,0.448383,0.554493,0.201546,-0.350357,-0.673538,-0.520031
-0.010426,0.469139,0.555580,0.176304,-0.391918,-0.725399,-0.598694
-0.128330,0.347523,0.494762,0.201126,-0.300793,-0.614491,-0.521912
-0.142014,0.210022,0.256081,-0.056721,-0.493610,-0.691086,-0.471615
0.013504,0.422901,0.465218,0.101799,-0.401871,-0.647949,-0.410236
0.205254,0.821918,1.030495,0.680367,0.032547,-0.440414,-0.413872
0.069519,0.652008,0.899971,0.621124,0.032227,-0.414581,-0.401192
0.034992,0.547264,0.734463,0.437420,-0.121624,-0.511486,-0.443607
0.017273,0.514961,0.664272,0.335560,-0.230438,-0.600803,-0.493084
0.024860,0.592754,0.796000,0.472855,-0.135496,-0.573233,-0.530323
-0.072685,0.432542,0.592269,0.271934,-0.285753,-0.647874,-0.542723
-0.073215,0.381274,0.460461,0.087684,-0.464320,-0.769025,-0.576691
0.006553,0.596188,0.786793,0.441359,-0.175402,-0.602909,-0.542046
-0.076384,0.420195,0.557680,0.223125,-0.331066,-0.672138,-0.540268
-0.041355,0.442265,0.545425,0.177837,-0.388573,-0.730999,-0.637573
-0.267559,0.024899,-0.015400,-0.376614,-0.786232,-0.895111,-0.569271
0.002705,0.464962,0.525471,0.145889,-0.393330,-0.685379,-0.537157
-0.104074,0.270380,0.309345,-0.020258,-0.466965,-0.653664,-0.382503
0.201669,0.711140,0.794953,0.386669,-0.220094,-0.580071,-0.425931
0.147764,0.756237,0.979156,0.655946,0.035784,-0.415634,-0.387283
0.059814,0.560438,0.719490,0.401396,-0.154089,-0.515026,-0.409697
0.070707,0.555504,0.672508,0.317638,-0.250834,-0.598259,-0.466833
0.026743,0.494326,0.576702,0.199255,-0.359344,-0.668650,-0.483818
0.078306,0.629425,0.778933,0.414261,-0.193237,-0.587150,-0.489096
0.000715,0.492888,0.608423,0.250154,-0.312889,-0.647110,-0.506501
-0.045811,0.328648,0.297294,-0.137139,-0.657428,-0.858414,-0.544738
0.115765,0.709672,0.849806,0.453375,-0.180716,-0.584378,-0.480361
0.022194,0.526015,0.648204,0.293591,-0.267787,-0.602320,-0.453237
0.064670,0.564166,0.674249,0.305686,-0.269518,-0.614820,-0.474453
0.021149,0.479018,0.540056,0.148307,-0.410787,-0.706899,-0.500201
0.085545,0.657140,0.818142,0.455089,-0.157647,-0.561639,-0.465763
0.056067,0.630738,0.840693,0.526141,-0.072726,-0.501075,-0.445945
0.047227,0.628661,0.866799,0.575288,-0.027124,-0.483407,-0.470605
-0.031091,0.479609,0.656471,0.345291,-0.218960,-0.598335,-0.508339
-0.035297,0.453941,0.578289,0.227779,-0.337334,-0.685326,-0.556400
-0.074074,0.370651,0.425522,0.033535,-0.517967,-0.803604,-0.593353
-0.032387,0.473648,0.557030,0.155182,-0.437347,-0.772453,-0.598518
-0.052055,0.461098,0.563248,0.181961,-0.396065,-0.725594,-0.564697
-0.066322,0.352325,0.357910,-0.066292,-0.605759,-0.843323,-0.581528
-0.029068,0.374802,0.319847,-0.156525,-0.706650,-0.907898,-0.574944
0.102715,0.691162,0.812214,0.407627,-0.214031,-0.590721,-0.478531
-0.018661,0.395996,0.435715,0.058987,-0.452003,-0.712166,-0.598751
-0.343702,-0.258900,-0.458035,-0.819346,-1.068835,-0.953580,-0.494506
-0.011229,0.169785,-0.042482,-0.483271,-0.828167,-0.773304,-0.265701
0.441414,0.958405,0.998856,0.560265,-0.041389,-0.367043,-0.176971
0.404945,0.982468,1.154175,0.797775,0.176926,-0.247849,-0.174561
0.337524,0.925949,1.159241,0.854095,0.236191,-0.231583,-0.230209
0.177429,0.623322,0.729111,0.388504,-0.146301,-0.455521,-0.294052
0.215576,0.688309,0.765015,0.374100,-0.202759,-0.530167,-0.368179
0.144928,0.604492,0.657425,0.250793,-0.317200,-0.616287,-0.400833
0.220917,0.862335,1.096420,0.764709,0.122437,-0.356750,-0.360809
0.024857,0.418732,0.465195,0.096115,-0.418030,-0.675476,-0.486130
-0.045517,0.254364,0.154022,-0.292130,-0.762466,-0.876839,-0.491982
0.159943,0.637917,0.620224,0.127983,-0.482826,-0.768646,-0.524399
0.080002,0.634926,0.774536,0.417633,-0.153854,-0.497437,-0.351479
0.175034,0.695740,0.826813,0.462433,-0.129166,-0.503426,-0.378098
0.170944,0.776474,1.008186,0.689781,0.058754,-0.415154,-0.401276
0.068596,0.641582,0.883072,0.601715,0.014240,-0.428223,-0.413456
-0.001301,0.449083,0.562280,0.222209,-0.322799,-0.649889,-0.510028
-0.033475,0.388926,0.415808,0.004883,-0.545847,-0.816072,-0.571987
0.070343,0.720470,0.952446,0.608913,-0.051884,-0.544533,-0.543343
-0.114349,0.365433,0.501915,0.173210,-0.366394,-0.691048,-0.544868
-0.045441,0.421112,0.492714,0.101669,-0.467453,-0.782288,-0.587296
0.018112,0.651199,0.884857,0.550812,-0.097656,-0.581009,-0.563751
-0.082718,0.504303,0.758728,0.482407,-0.107880,-0.557022,-0.555679
-0.190002,0.164536,0.168167,-0.223770,-0.726364,-0.939087,-0.661453
-0.066910,0.430405,0.479767,0.046188,-0.553375,-0.871979,-0.655334
-0.017700,0.645355,0.897980,0.572937,-0.077332,-0.568329,-0.568420
-0.137787,0.353424,0.504120,0.185608,-0.359497,-0.698425,-0.566376
-0.063385,0.431152,0.543152,0.173584,-0.404572,-0.751770,-0.597656
-0.023956,0.594330,0.828949,0.507568,-0.127350,-0.601166,-0.580353
-0.100647,0.482117,0.730377,0.451843,-0.134735,-0.576324,-0.558685
-0.141724,0.314423,0.429443,0.089233,-0.455872,-0.781097,-0.617889
-0.047852,0.559937,0.785156,0.457397,-0.178955,-0.649323,-0.623077
-0.137054,0.451019,0.704559,0.426361,-0.167725,-0.618652,-0.609314
-0.207397,0.222137,0.307892,-0.041779,-0.565979,-0.848969,-0.646851
-0.071472,0.494781,0.656342,0.292908,-0.327972,-0.741028,-0.646271
-0.106964,0.506531,0.756927,0.459991,-0.154602,-0.618073,-0.615295
-0.231567,0.151611,0.184570,-0.188080,-0.688141,-0.910095,-0.660156
-0.133087,0.246582,0.174530,-0.305115,-0.845764,-1.032684,-0.676758
0.056885,0.745728,0.971161,0.600616,-0.081085,-0.575867,-0.550446
-0.049561,0.560028,0.829956,0.561188,-0.031372,-0.488647,-0.489532
-0.099701,0.317841,0.392639,0.034088,-0.496002,-0.779968,-0.567078
0.044342,0.675568,0.903458,0.565659,-0.084564,-0.565765,-0.543457
-0.055450,0.540421,0.799713,0.525253,-0.068054,-0.521179,-0.512070
-0.096725,0.364655,0.487778,0.153641,-0.386444,-0.707672,-0.543442
0.026611,0.633423,0.856689,0.528946,-0.105438,-0.574860,-0.547699
-0.061722,0.525284,0.775803,0.495605,-0.099503,-0.549515,-0.526581
-0.057480,0.512802,0.755539,0.477394,-0.108833,-0.552971,-0.539848
-0.133209,0.302948,0.394249,0.038368,-0.504700,-0.809326,-0.614960
-0.015053,0.614540,0.848640,0.519928,-0.123245,-0.600365,-0.576950
-0.089790,0.502312,0.761780,0.487511,-0.104637,-0.555626,-0.558067
-0.207870,0.108894,0.071182,-0.335339,-0.814266,-0.974243,-0.633591
0.031200,0.605927,0.717308,0.298264,-0.341606,-0.730463,-0.586363
0.003775,0.652000,0.915302,0.614536,-0.011700,-0.488662,-0.479748
-0.011859,0.566016,0.820170,0.553324,-0.027575,-0.471329,-0.453928
0.000883,0.550171,0.770145,0.469437,-0.129379,-0.570362,-0.529694
-0.043026,0.536861,0.778362,0.489220,-0.108879,-0.556969,-0.528225
-0.053375,0.520660,0.764183,0.483879,-0.104485,-0.548786,-0.531918
-0.106922,0.366951,0.499519,0.164986,-0.389175,-0.728264,-0.577805
-0.015556,0.593323,0.821556,0.498741,-0.131737,-0.596291,-0.567245
-0.080376,0.507530,0.759911,0.481552,-0.110748,-0.558945,-0.536171
-0.076996,0.469788,0.683388,0.385170,-0.198471,-0.617577,-0.558151
-0.064613,0.512321,0.741135,0.438454,-0.168175,-0.616898,-0.581932
-0.097000,0.485077,0.730705,0.447617,-0.146423,-0.592445,-0.565559
-0.092537,0.480667,0.726303,0.451027,-0.133324,-0.574623,-0.564537
-0.172623,0.233315,0.291756,-0.078110,-0.606697,-0.875481,-0.643639
-0.014397,0.627663,0.860435,0.525520,-0.121841,-0.601158,-0.578941
-0.093956,0.496979,0.754311,0.481834,-0.105614,-0.552910,-0.533150
-0.080872,0.456161,0.661064,0.359123,-0.222351,-0.633438,-0.566071
-0.064659,0.515198,0.745918,0.443176,-0.163506,-0.612282,-0.577377
-0.094460,0.485626,0.732216,0.450073,-0.140106,-0.585228,-0.561356
-0.104019,0.439980,0.655701,0.369347,-0.199593,-0.609016,-0.551720
-0.067131,0.496056,0.714180,0.404808,-0.200623,-0.643265,-0.600327
-0.110420,0.473656,0.717369,0.431404,-0.163536,-0.609467,-0.579552
-0.105492,0.467781,0.713470,0.437286,-0.146019,-0.587250,-0.561478
-0.098351,0.458214,0.680527,0.381180,-0.215302,-0.652985,-0.609032
-0.121048,0.458199,0.697121,0.406418,-0.190285,-0.635025,-0.601982
-0.122856,0.453476,0.698303,0.419304,-0.168732,-0.610748,-0.583794
-0.123398,0.427536,0.653061,0.371544,-0.199455,-0.619698,-0.588737
-0.187859,0.210365,0.252380,-0.132790,-0.666756,-0.930122,-0.692902
-0.095436,0.460457,0.592262,0.213982,-0.388420,-0.758690,-0.622543
-0.088127,0.454117,0.612434,0.273117,-0.301422,-0.667542,-0.541939
0.006432,0.606430,0.832695,0.510864,-0.114738,-0.574463,-0.539658
-0.049042,0.538666,0.787918,0.506454,-0.087944,-0.535301,-0.509743
-0.039017,0.530914,0.773300,0.496765,-0.086899,-0.527527,-0.507996
-0.079391,0.408798,0.565323,0.251572,-0.298615,-0.657196,-0.539749
-0.008255,0.576981,0.796432,0.476654,-0.143997,-0.597824,-0.561081
-0.071472,0.514267,0.762558,0.481110,-0.111313,-0.557678,-0.536026
-0.088715,0.433640,0.625961,0.329117,-0.230682,-0.618332,-0.535568
-0.031601,0.540039,0.755783,0.441132,-0.171494,-0.618347,-0.576645
-0.086029,0.498749,0.744141,0.458862,-0.135422,-0.580688,-0.554031
-0.092972,0.455696,0.675064,0.388420,-0.183746,-0.598320,-0.552963
-0.115356,0.352448,0.464363,0.108391,-0.456261,-0.791077,-0.630524
-0.069008,0.508881,0.697632,0.359154,-0.248741,-0.665504,-0.594963
-0.106033,0.438019,0.637199,0.337387,-0.227310,-0.624710,-0.587723
-0.207237,0.188362,0.280518,-0.018837,-0.480492,-0.717155,-0.494522
0.097252,0.695312,0.894272,0.542435,-0.102158,-0.568008,-0.529510
-0.034256,0.558044,0.809891,0.529037,-0.065735,-0.514435,-0.496078
-0.053009,0.464157,0.651321,0.352310,-0.206711,-0.589706,-0.513062
-0.057159,0.406311,0.502213,0.133286,-0.432480,-0.758636,-0.580734
0.011658,0.640625,0.879959,0.562286,-0.069946,-0.540146,-0.522568
-0.056839,0.501328,0.729126,0.447906,-0.122818,-0.539864,-0.499901
-0.066673,0.404602,0.534599,0.205322,-0.339729,-0.674675,-0.530876
0.019897,0.612511,0.830482,0.504341,-0.121628,-0.579758,-0.544357
-0.058022,0.526413,0.775360,0.497498,-0.091377,-0.536186,-0.518852
-0.087524,0.406273,0.569336,0.258163,-0.293373,-0.655251,-0.548889
-0.053764,0.461266,0.605309,0.251854,-0.338654,-0.716682,-0.597984
-0.064262,0.510490,0.712730,0.390556,-0.208038,-0.629257,-0.581688
-0.144814,0.328125,0.467598,0.156509,-0.366608,-0.691536,-0.587608
-0.173019,0.211449,0.268150,-0.059494,-0.524765,-0.742546,-0.491425
0.123688,0.733170,0.931694,0.572601,-0.084076,-0.559944,-0.534309
-0.070351,0.458717,0.644997,0.339241,-0.219635,-0.594666,-0.504265
-0.041565,0.419846,0.514671,0.156410,-0.390015,-0.700920,-0.519615
0.064400,0.676277,0.895744,0.561317,-0.076782,-0.543999,-0.512733
-0.025620,0.561546,0.812202,0.534088,-0.057007,-0.504013,-0.484955
-0.043144,0.475700,0.663559,0.363266,-0.200932,-0.591007,-0.518444
-0.059746,0.422115,0.550880,0.213543,-0.339500,-0.680405,-0.537628
0.014084,0.610558,0.830399,0.505142,-0.122890,-0.585011,-0.557468
-0.084782,0.472466,0.693501,0.404598,-0.170790,-0.584646,-0.536627
-0.090528,0.393503,0.532234,0.205750,-0.342394,-0.686259,-0.550320
-0.006358,0.585371,0.803444,0.479365,-0.144561,-0.600658,-0.568125
-0.095373,0.458037,0.672340,0.378725,-0.195469,-0.608140,-0.563827
-0.137996,0.317171,0.435125,0.108576,-0.417156,-0.727085,-0.568254
-0.051413,0.448997,0.562933,0.198206,-0.377089,-0.725391,-0.575289
-0.009476,0.601952,0.833681,0.516293,-0.108820,-0.571960,-0.545429
-0.066914,0.512711,0.759819,0.483070,-0.104702,-0.550369,-0.532902
-0.096569,0.407085,0.580883,0.275467,-0.279156,-0.652889,-0.553383
-0.038689,0.538692,0.757206,0.444317,-0.167545,-0.614616,-0.583878
-0.136337,0.363777,0.521378,0.201881,-0.352043,-0.707489,-0.593765
-0.113808,0.355934,0.451210,0.089493,-0.460335,-0.772659,-0.605446
-0.091034,0.371811,0.426086,0.020813,-0.546783,-0.840553,-0.616867
0.015030,0.664589,0.907722,0.585022,-0.053177,-0.529289,-0.522461
-0.086899,0.413048,0.579277,0.273186,-0.273308,-0.629227,-0.525742
-0.064720,0.377441,0.449303,0.075127,-0.470444,-0.776588,-0.652092
-0.285461,-0.046162,-0.161579,-0.568890,-0.963604,-1.008862,-0.621918
-0.064583,0.281618,0.195904,-0.244528,-0.716055,-0.847231,-0.519073
0.045424,0.472924,0.495081,0.114618,-0.378601,-0.590889,-0.311893
0.334721,0.964638,1.167755,0.804390,0.140511,-0.341553,-0.317200
0.167915,0.753059,1.002678,0.725441,0.136177,-0.311005,-0.299957
0.122169,0.604881,0.760818,0.450378,-0.097534,-0.456833,-0.355751
0.122398,0.613739,0.742096,0.394562,-0.174469,-0.534180,-0.407120
0.133881,0.727539,0.950424,0.634995,0.017670,-0.438736,-0.419250
0.021042,0.520767,0.682854,0.368744,-0.184746,-0.548576,-0.448067
0.021713,0.491104,0.591881,0.233635,-0.323524,-0.650932,-0.505531
-0.031303,0.368294,0.362808,-0.063568,-0.599335,-0.829330,-0.546356
0.094467,0.682541,0.832535,0.449776,-0.177597,-0.584373,-0.489304
0.004395,0.505295,0.632408,0.284630,-0.272903,-0.610458,-0.473167
0.009628,0.446022,0.490662,0.093422,-0.454506,-0.742485,-0.567749
-0.075195,0.388458,0.502121,0.183998,-0.317764,-0.607864,-0.485069
-0.087936,0.262619,0.295479,-0.029427,-0.465614,-0.645805,-0.373077
0.213631,0.731461,0.823563,0.419579,-0.193672,-0.566925,-0.437653
0.069412,0.556213,0.647850,0.268837,-0.296219,-0.612900,-0.431480
0.135071,0.698372,0.864830,0.514008,-0.090523,-0.494209,-0.411705
0.067558,0.568810,0.706017,0.363358,-0.202797,-0.559654,-0.440498
0.046768,0.520790,0.616379,0.247139,-0.315063,-0.639656,-0.471931
0.088867,0.662109,0.842316,0.497314,-0.114140,-0.532497,-0.463551
0.008152,0.506798,0.645344,0.306942,-0.254978,-0.605675,-0.484325
-0.005615,0.443333,0.508236,0.124224,-0.428175,-0.724487,-0.536539
-0.029913,0.384201,0.375528,-0.060856,-0.603597,-0.833673,-0.548827
0.086040,0.656502,0.785132,0.393914,-0.222306,-0.605326,-0.488664
0.005914,0.481325,0.567557,0.192955,-0.364780,-0.684944,-0.565557
-0.196198,0.051653,-0.057259,-0.464972,-0.869869,-0.932070,-0.545319
0.066499,0.536000,0.581211,0.190374,-0.343407,-0.608589,-0.395672
0.150322,0.650290,0.756924,0.390789,-0.176163,-0.510370,-0.357077
0.182570,0.728977,0.889425,0.538509,-0.063190,-0.466026,-0.373903
0.150053,0.740490,0.969955,0.661047,0.048218,-0.406679,-0.384705
0.068769,0.598169,0.794519,0.494816,-0.076640,-0.477827,-0.416293
0.044156,0.545315,0.698065,0.368846,-0.202539,-0.578247,-0.482662
-0.007019,0.476002,0.589302,0.230778,-0.338371,-0.682549,-0.543987
-0.041374,0.431263,0.511826,0.129658,-0.427750,-0.731949,-0.547913
-0.023682,0.436203,0.482635,0.072525,-0.492065,-0.780907,-0.576767
-0.068733,0.315529,0.261658,-0.199959,-0.733498,-0.926125,-0.589500
0.092766,0.696526,0.836655,0.437294,-0.196762,-0.596489,-0.489540
0.005173,0.487556,0.581673,0.209015,-0.350693,-0.670868,-0.540749
-0.141228,0.140411,0.047386,-0.375854,-0.816658,-0.915421,-0.555138
0.019714,0.403770,0.338943,-0.121826,-0.643799,-0.829857,-0.536552
0.029549,0.486961,0.543640,0.178818,-0.325279,-0.561050,-0.315090
0.279255,0.831024,0.962589,0.577179,-0.046009,-0.446699,-0.344641
0.174505,0.728924,0.911959,0.579512,-0.019518,-0.431433,-0.354170
0.157988,0.745522,0.978947,0.678841,0.073755,-0.378355,-0.362411
0.062620,0.539427,0.678789,0.350956,-0.202454,-0.552536,-0.433517
0.060455,0.552837,0.668571,0.305607,-0.271862,-0.626244,-0.483150
0.077652,0.688007,0.919636,0.598236,-0.035751,-0.509651,-0.504532
-0.090202,0.357460,0.459190,0.115578,-0.415337,-0.711853,-0.541679
-0.062439,0.318687,0.284180,-0.160217,-0.694283,-0.904999,-0.604874
0.010963,0.512779,0.550949,0.105293,-0.497444,-0.806519,-0.574562
0.077240,0.748466,1.002319,0.676552,0.029434,-0.462357,-0.508179
-0.218552,0.043076,-0.008240,-0.375488,-0.787186,-0.904961,-0.650429
-0.286797,-0.145187,-0.347626,-0.759102,-1.074905,-0.997040,-0.471497
0.227058,0.684830,0.636353,0.137062,-0.459259,-0.717056,-0.429428
0.228695,0.829987,0.979374,0.592094,-0.034904,-0.434490,-0.329384
0.164455,0.650835,0.750837,0.378134,-0.189466,-0.518456,-0.344362
0.241279,0.860598,1.089366,0.758263,0.113662,-0.366866,-0.352716
0.121319,0.699405,0.943005,0.659823,0.068582,-0.376647,-0.363651
0.043814,0.483683,0.582546,0.235107,-0.304506,-0.617466,-0.445053
0.129171,0.735245,0.955788,0.623390,-0.017586,-0.493530,-0.473843
0.004723,0.587315,0.834423,0.551800,-0.045704,-0.499081,-0.495110
-0.104385,0.301346,0.361526,-0.000771,-0.517960,-0.780350,-0.566597
-0.034393,0.407990,0.426353,-0.005707,-0.574455,-0.848854,-0.597183
0.058533,0.720947,0.959229,0.617073,-0.045303,-0.540482,-0.530083
-0.049973,0.538063,0.790573,0.510376,-0.082764,-0.551331,-0.659103
-0.548004,-0.504242,-0.678589,-0.998688,-1.220993,-1.092453,-0.598709
-0.032227,0.241959,0.063431,-0.434784,-0.902985,-0.981026,-0.571884
0.064079,0.520393,0.520317,0.090469,-0.448738,-0.680229,-0.388016
0.290260,0.956444,1.188660,0.838501,0.174999,-0.318401,-0.310177
0.161884,0.737030,0.977715,0.687729,0.086815,-0.367027,-0.346939
0.118328,0.682842,0.917885,0.630131,0.035339,-0.413399,-0.391182
0.073273,0.632111,0.860554,0.570179,-0.020367,-0.460007,-0.439510
-0.025578,0.419735,0.519123,0.168304,-0.376602,-0.692848,-0.518791
0.060005,0.672569,0.896629,0.566742,-0.072716,-0.546165,-0.524979
-0.043938,0.541107,0.794563,0.517258,-0.073997,-0.525070,-0.527618
-0.165802,0.182976,0.180878,-0.211853,-0.710342,-0.915100,-0.614937
0.058578,0.714203,0.933060,0.570679,-0.103897,-0.597504,-0.578690
-0.086334,0.512863,0.775467,0.501358,-0.091599,-0.546310,-0.529999
-0.070389,0.489517,0.717087,0.423920,-0.172287,-0.619492,-0.634766
-0.329498,-0.064087,-0.120407,-0.501404,-0.924744,-1.025711,-0.640259
0.051346,0.640930,0.760193,0.340149,-0.310471,-0.720734,-0.604691
-0.056992,0.534546,0.751465,0.441864,-0.152069,-0.572601,-0.510681
-0.011765,0.568542,0.800705,0.500336,-0.104004,-0.551437,-0.520096
-0.045609,0.523193,0.754700,0.459549,-0.140579,-0.585800,-0.554214
-0.076538,0.497360,0.738815,0.456451,-0.134918,-0.580246,-0.558517
-0.116013,0.394730,0.568726,0.255692,-0.311356,-0.690567,-0.590622
-0.067673,0.517899,0.741592,0.427002,-0.191422,-0.645966,-0.612869
-0.127823,0.455353,0.703049,0.420059,-0.172913,-0.620789,-0.594757
-0.124542,0.445892,0.689774,0.415680,-0.166519,-0.607620,-0.600281
-0.223770,0.152267,0.176224,-0.211212,-0.732773,-0.975037,-0.712021
-0.069458,0.554550,0.753845,0.396500,-0.244751,-0.693573,-0.632339
-0.112595,0.496185,0.757538,0.477310,-0.121704,-0.580475,-0.592590
-0.263672,0.022232,-0.043106,-0.457443,-0.918716,-1.045563,-0.669128
0.025253,0.619537,0.739548,0.318314,-0.331528,-0.734192,-0.602798
-0.028168,0.602737,0.852798,0.549667,-0.065247,-0.529991,-0.535339
-0.141144,0.314911,0.466942,0.178062,-0.325005,-0.632027,-0.475204
0.075760,0.663681,0.873077,0.539421,-0.092056,-0.553688,-0.519806
-0.029129,0.559612,0.809883,0.529427,-0.063976,-0.514256,-0.495502
-0.047161,0.483036,0.686050,0.392963,-0.171917,-0.571457,-0.501442
-0.007187,0.560682,0.778553,0.466974,-0.143589,-0.590351,-0.551500
-0.063700,0.517311,0.759930,0.470922,-0.127043,-0.574018,-0.544170
-0.069200,0.504960,0.747628,0.468435,-0.118825,-0.562033,-0.536265
-0.071198,0.488266,0.715399,0.420818,-0.172895,-0.609792,-0.569951
-0.088005,0.483303,0.716313,0.421696,-0.177911,-0.622601,-0.587551
-0.105466,0.471841,0.716657,0.434715,-0.155265,-0.600185,-0.573179
-0.102973,0.467447,0.714229,0.443023,-0.137297,-0.577530,-0.567368
-0.169517,0.255977,0.336727,-0.024719,-0.565477,-0.860978,-0.660485
-0.075005,0.511000,0.695092,0.347124,-0.268227,-0.686512,-0.607710
-0.102776,0.456156,0.657375,0.349821,-0.228415,-0.631413,-0.561886
-0.073963,0.484711,0.700317,0.398224,-0.191208,-0.615074,-0.558414
-0.061756,0.520222,0.756958,0.463100,-0.138691,-0.585552,-0.554611
-0.076603,0.499588,0.744274,0.465126,-0.123066,-0.565243,-0.539429
-0.071384,0.494934,0.738625,0.464348,-0.116081,-0.556435,-0.533691
-0.074554,0.476105,0.695488,0.394211,-0.206131,-0.645683,-0.602615
-0.113556,0.470665,0.716469,0.433556,-0.160324,-0.606171,-0.583992
-0.136139,0.384789,0.573753,0.275551,-0.282661,-0.664833,-0.573692
-0.063377,0.513580,0.731674,0.416420,-0.198753,-0.647148,-0.606003
-0.112991,0.474174,0.720940,0.436050,-0.158806,-0.605629,-0.576607
-0.103416,0.467026,0.708946,0.431953,-0.150192,-0.586380,-0.564392
-0.138222,0.338760,0.481262,0.161453,-0.381042,-0.721268,-0.583664
-0.039032,0.552399,0.770180,0.443855,-0.184235,-0.644455,-0.608185
-0.116104,0.476967,0.731552,0.454399,-0.135727,-0.582741,-0.562691
-0.113060,0.415497,0.615921,0.323204,-0.240318,-0.635574,-0.560333
-0.060883,0.511162,0.731224,0.420845,-0.188515,-0.633110,-0.592102
-0.102158,0.481964,0.727661,0.443672,-0.149323,-0.595276,-0.567337
-0.100121,0.459534,0.691734,0.411942,-0.164177,-0.590485,-0.557732
-0.124802,0.348137,0.473938,0.127808,-0.435883,-0.778534,-0.625755
-0.054359,0.563591,0.802765,0.490807,-0.132835,-0.597443,-0.572357
-0.092346,0.490723,0.742226,0.469826,-0.113625,-0.556969,-0.537193
-0.090767,0.437538,0.639664,0.348640,-0.215172,-0.613647,-0.544525
-0.052124,0.513916,0.731934,0.422462,-0.183083,-0.625832,-0.583984
-0.096138,0.485901,0.729546,0.446434,-0.143723,-0.586868,-0.560059
-0.098839,0.449974,0.670471,0.384949,-0.188065,-0.604454,-0.561867
-0.121147,0.358536,0.485153,0.138855,-0.426949,-0.773659,-0.623924
-0.054565,0.563316,0.803406,0.493317,-0.128456,-0.591217,-0.568214
-0.094170,0.476151,0.717949,0.441803,-0.135597,-0.568054,-0.547264
-0.127159,0.343811,0.487190,0.176064,-0.355888,-0.689568,-0.551346
-0.010002,0.576202,0.790756,0.466118,-0.155426,-0.609161,-0.573311
-0.094345,0.467178,0.691475,0.400917,-0.177086,-0.595482,-0.550987
-0.110329,0.362457,0.491020,0.158379,-0.387070,-0.718498,-0.566315
-0.008217,0.591667,0.810982,0.483246,-0.144302,-0.602036,-0.566238
-0.075600,0.511139,0.759445,0.478027,-0.113396,-0.557793,-0.536140
-0.089798,0.430603,0.620995,0.321274,-0.239433,-0.626038,-0.550026
-0.090843,0.387596,0.511024,0.172310,-0.375252,-0.707794,-0.556717
0.002235,0.601006,0.820198,0.493309,-0.137299,-0.600021,-0.568192
-0.079544,0.511108,0.769142,0.498329,-0.087463,-0.534111,-0.520538
-0.090019,0.407867,0.579857,0.276558,-0.274017,-0.640808,-0.538330
-0.020699,0.555695,0.770287,0.452538,-0.162186,-0.609169,-0.568573
-0.080017,0.502716,0.748024,0.466560,-0.122940,-0.571304,-0.575058
-0.193924,0.241371,0.371880,0.078293,-0.416733,-0.714790,-0.593033
-0.167603,0.224670,0.282272,-0.051315,-0.527367,-0.757774,-0.516235
0.095245,0.705032,0.908752,0.554817,-0.096756,-0.569511,-0.544701
-0.082535,0.443779,0.627335,0.321815,-0.236824,-0.609665,-0.517090
-0.048332,0.422012,0.527649,0.176178,-0.371323,-0.691109,-0.519592
0.054733,0.662872,0.883514,0.553185,-0.080849,-0.544044,-0.515625
-0.046959,0.500443,0.710739,0.418037,-0.150383,-0.551476,-0.491798
-0.045860,0.424324,0.543472,0.203438,-0.342499,-0.671486,-0.528618
-0.027603,0.447357,0.538033,0.163933,-0.397209,-0.716835,-0.536369
0.051720,0.673485,0.902748,0.577057,-0.056297,-0.524689,-0.504341
-0.046600,0.488022,0.685654,0.386261,-0.179016,-0.571129,-0.498634
-0.035133,0.453445,0.587875,0.252243,-0.305946,-0.653915,-0.518135
0.027611,0.619148,0.835083,0.511803,-0.108406,-0.560829,-0.542236
-0.119431,0.350311,0.491486,0.180130,-0.345207,-0.671356,-0.567673
-0.153320,0.226021,0.271782,-0.065727,-0.533936,-0.746811,-0.495712
0.080315,0.592476,0.677994,0.268494,-0.341415,-0.699608,-0.535866
0.056145,0.693527,0.945099,0.639542,0.017342,-0.453674,-0.447655
-0.007057,0.513496,0.706963,0.413200,-0.143570,-0.531166,-0.460068
0.000099,0.491219,0.631104,0.297935,-0.265640,-0.625778,-0.503044
0.034660,0.625069,0.848656,0.532974,-0.082649,-0.535408,-0.508362
-0.055710,0.466057,0.649010,0.341911,-0.221222,-0.603401,-0.521061
-0.056580,0.421246,0.539173,0.193054,-0.362823,-0.697750,-0.561741
-0.080208,0.350063,0.382797,-0.025253,-0.574104,-0.838562,-0.591686
0.038765,0.655643,0.852722,0.502956,-0.127876,-0.570311,-0.521313
-0.058620,0.442823,0.592941,0.267965,-0.283575,-0.631794,-0.512869
-0.039486,0.406145,0.470690,0.089262,-0.459593,-0.754345,-0.562891
-0.010798,0.519657,0.654562,0.297901,-0.281132,-0.647804,-0.554976
-0.125998,0.287365,0.365854,0.038298,-0.443501,-0.685480,-0.469091
0.078400,0.580841,0.683098,0.305801,-0.278055,-0.628025,-0.483490
0.046515,0.572651,0.707176,0.344271,-0.243887,-0.608862,-0.480179
0.040956,0.572950,0.723049,0.374596,-0.209013,-0.584137,-0.476254
0.010599,0.493980,0.602757,0.245605,-0.310472,-0.637791,-0.481556
0.038561,0.540249,0.650557,0.281242,-0.292751,-0.637823,-0.485510
0.071737,0.656113,0.854191,0.522013,-0.091393,-0.521446,-0.468981
-0.007742,0.494207,0.643843,0.316427,-0.241444,-0.595942,-0.482268
-0.010186,0.441962,0.513939,0.134984,-0.418264,-0.720304,-0.545843
-0.065276,0.300561,0.244066,-0.210386,-0.729017,-0.904911,-0.559530
0.121649,0.721393,0.857544,0.458142,-0.176940,-0.580609,-0.475622
0.030823,0.545333,0.680061,0.329082,-0.241398,-0.593741,-0.469145
0.003995,0.431797,0.471840,0.074921,-0.466824,-0.742805,-0.555220
-0.052855,0.405867,0.502916,0.169317,-0.337044,-0.618025,-0.471544
-0.039219,0.340336,0.382387,0.045094,-0.418034,-0.624920,-0.371811
0.200333,0.704720,0.786427,0.378986,-0.224983,-0.581219,-0.431183
0.100361,0.616291,0.731911,0.359058,-0.223331,-0.570881,-0.423954
0.095715,0.595974,0.704857,0.336079,-0.234463,-0.569290,-0.417572
0.104889,0.609871,0.724407,0.356342,-0.221306,-0.570992,-0.433022
0.076801,0.572193,0.678207,0.306587,-0.268715,-0.610210,-0.459232
0.069340,0.584286,0.705769,0.338730,-0.239849,-0.589478,-0.452427
0.049652,0.525658,0.609539,0.228695,-0.336206,-0.653709,-0.487745
0.002947,0.406151,0.394480,-0.037067,-0.574043,-0.802317,-0.519596
0.100466,0.637701,0.726574,0.312574,-0.293007,-0.638128,-0.470238
0.079002,0.608568,0.734768,0.368494,-0.215195,-0.570865,-0.438825
0.061215,0.538126,0.624858,0.246836,-0.317225,-0.636827,-0.470994
0.038122,0.485943,0.524328,0.113064,-0.447782,-0.737813,-0.555358
-0.068821,0.346878,0.387634,0.026592,-0.461040,-0.675594,-0.411525
0.184180,0.716800,0.820619,0.419460,-0.194896,-0.570214,-0.438112
0.088358,0.619772,0.761474,0.404697,-0.184235,-0.558777,-0.432744
0.117986,0.727144,0.962466,0.647642,0.018211,-0.455083,-0.450354
-0.031536,0.428383,0.545170,0.203775,-0.341560,-0.662140,-0.508991
-0.017315,0.415184,0.445232,0.033531,-0.519920,-0.788944,-0.547577
0.067642,0.654774,0.814571,0.436649,-0.196671,-0.615196,-0.529808
-0.039848,0.460297,0.582756,0.231354,-0.324883,-0.656265,-0.536278
-0.136055,0.156036,0.066536,-0.363960,-0.823669,-0.947998,-0.640388
-0.169472,0.084274,-0.065674,-0.509163,-0.919228,-0.943573,-0.475372
0.248398,0.797550,0.842541,0.377232,-0.255764,-0.611454,-0.493099
-0.081810,0.265194,0.279884,-0.053257,-0.473190,-0.638243,-0.457941
-0.177653,-0.102047,-0.328874,-0.718618,-0.985554,-0.874904,-0.410639
0.089487,0.299875,0.114746,-0.324574,-0.701241,-0.692520,-0.209167
0.514923,1.078018,1.155350,0.720078,0.089447,-0.278595,-0.131516
0.408768,0.944061,1.081741,0.718002,0.122116,-0.257401,-0.140244
0.399673,0.996140,1.220795,0.899261,0.267059,-0.207062,-0.195389
0.270325,0.836212,1.071625,0.785202,0.193649,-0.249954,-0.240250
0.154175,0.570358,0.643799,0.285797,-0.247696,-0.541885,-0.362625
0.151978,0.611084,0.661598,0.252571,-0.323662,-0.633835,-0.428391
0.185402,0.823837,1.057877,0.724190,0.073128,-0.415749,-0.425491
-0.045433,0.336052,0.366337,-0.009953,-0.513668,-0.745129,-0.525139
-0.058060,0.254374,0.151806,-0.307270,-0.791405,-0.913576,-0.526681
0.144847,0.657876,0.676864,0.200458,-0.425924,-0.743788,-0.518597
0.094264,0.670265,0.814146,0.436082,-0.171993,-0.549881,-0.430094
0.064640,0.535316,0.615871,0.232708,-0.328632,-0.637730,-0.450741
0.109608,0.649197,0.781418,0.403522,-0.206337,-0.592815,-0.469818
0.088646,0.706459,0.952301,0.644981,0.020058,-0.453659,-0.452278
-0.030914,0.445198,0.583885,0.255394,-0.292778,-0.631821,-0.493042
0.040039,0.599503,0.779739,0.437714,-0.177628,-0.604721,-0.537567
-0.027588,0.562683,0.801788,0.502457,-0.108673,-0.567719,-0.546906
-0.076004,0.496078,0.739624,0.460327,-0.127060,-0.570374,-0.565216
-0.193787,0.170349,0.184448,-0.205902,-0.719604,-0.948242,-0.672668
-0.015747,0.635193,0.858215,0.503845,-0.163727,-0.655273,-0.636383
-0.147827,0.448578,0.708435,0.433563,-0.160126,-0.622406,-0.676086
-0.438141,-0.252136,-0.361694,-0.735870,-1.097687,-1.115234,-0.685181
-0.060699,0.332489,0.229858,-0.289856,-0.858490,-1.050690,-0.697021
-0.018372,0.532013,0.596832,0.153137,-0.462280,-0.795685,-0.608307
-0.037781,0.524597,0.697968,0.370605,-0.195984,-0.560089,-0.440338
0.092438,0.672119,0.881165,0.556915,-0.061340,-0.510864,-0.469849
0.017120,0.596344,0.835236,0.542511,-0.060150,-0.512726,-0.488464
-0.018036,0.552582,0.795624,0.516815,-0.072052,-0.517822,-0.506317
-0.088562,0.379059,0.508392,0.174561,-0.376984,-0.714417,-0.567230
-0.011169,0.589661,0.812836,0.487915,-0.142670,-0.608307,-0.580322
-0.097443,0.486511,0.735962,0.454681,-0.138519,-0.587646,-0.580414
-0.195221,0.195251,0.238403,-0.131989,-0.642517,-0.885590,-0.634125
-0.011810,0.595062,0.780273,0.414856,-0.230499,-0.680450,-0.618408
-0.098816,0.508820,0.764160,0.476990,-0.127930,-0.586670,-0.566528
-0.097290,0.476105,0.721924,0.447784,-0.136383,-0.590210,-0.646271
-0.427277,-0.266876,-0.393036,-0.768005,-1.116974,-1.115906,-0.662506
-0.000275,0.448853,0.399719,-0.098267,-0.688385,-0.939972,-0.670593
-0.082275,0.410843,0.478500,0.091354,-0.450455,-0.719681,-0.491226
0.083862,0.594101,0.675766,0.271240,-0.317139,-0.644241,-0.451645
0.157211,0.795654,1.033615,0.702835,0.056610,-0.425522,-0.410019
0.068298,0.653564,0.907211,0.632042,0.040924,-0.409058,-0.391975
0.065445,0.623161,0.859291,0.584335,0.006149,-0.430046,-0.406136
0.049259,0.595215,0.806992,0.498158,-0.107735,-0.551830,-0.511314
-0.021877,0.561729,0.805939,0.518497,-0.079876,-0.531170,-0.506580
-0.034876,0.537996,0.782312,0.504749,-0.082855,-0.528364,-0.513670
-0.095711,0.368250,0.490028,0.148706,-0.403389,-0.736515,-0.579182
-0.008160,0.603548,0.833603,0.510649,-0.119980,-0.587606,-0.560638
-0.076800,0.509076,0.760424,0.482994,-0.109359,-0.557612,-0.535870
-0.073813,0.483644,0.717577,0.437547,-0.141749,-0.584875,-0.614687
-0.336515,-0.087200,-0.139954,-0.502751,-0.908058,-1.007768,-0.668915
-0.097705,0.334516,0.346723,-0.059202,-0.583483,-0.824566,-0.603363
-0.095026,0.342278,0.411278,0.068455,-0.420666,-0.659157,-0.415882
0.201210,0.819473,1.023766,0.666466,0.008614,-0.467445,-0.436165
0.058769,0.652695,0.905151,0.621964,0.024864,-0.428108,-0.408142
0.057999,0.625351,0.867111,0.590897,0.006577,-0.435699,-0.414871
0.042343,0.593033,0.810486,0.510208,-0.086243,-0.524887,-0.483871
-0.001740,0.570724,0.804855,0.510361,-0.090118,-0.537628,-0.506363
-0.029999,0.543579,0.784683,0.501999,-0.089722,-0.534409,-0.509140
-0.041641,0.524139,0.765335,0.489563,-0.091385,-0.531265,-0.509048
-0.063126,0.462708,0.651657,0.336823,-0.251556,-0.660706,-0.585541
-0.074440,0.515976,0.756195,0.460907,-0.143272,-0.594460,-0.566826
-0.094048,0.476974,0.718483,0.441078,-0.140503,-0.578079,-0.558441
-0.135582,0.329330,0.448158,0.096100,-0.471504,-0.835609,-0.803688
-0.559052,-0.423004,-0.562546,-0.900925,-1.173584,-1.101776,-0.650574
-0.096947,0.211411,0.100899,-0.335770,-0.779144,-0.880447,-0.546143
-0.012650,0.361679,0.344833,-0.036163,-0.492767,-0.649246,-0.318832
0.361145,1.002625,1.199631,0.819443,0.139893,-0.351852,-0.327332
0.166763,0.762726,1.020172,0.742859,0.148621,-0.305450,-0.292419
0.159027,0.705902,0.931274,0.652527,0.079315,-0.348022,-0.323181
0.096985,0.558228,0.674377,0.322540,-0.244873,-0.592224,-0.445099
0.119690,0.731049,0.964661,0.648132,0.021912,-0.444305,-0.423767
0.049744,0.625397,0.873413,0.599518,0.016510,-0.428375,-0.417969
-0.003265,0.467194,0.609070,0.292542,-0.248688,-0.592560,-0.465424
0.066864,0.646057,0.855591,0.526947,-0.096619,-0.551392,-0.514633
-0.027924,0.554932,0.802292,0.520920,-0.069504,-0.516815,-0.500015
-0.070190,0.423096,0.585632,0.274918,-0.277130,-0.641479,-0.543427
-0.076065,0.385086,0.466965,0.084152,-0.485596,-0.808868,-0.638824
-0.102066,0.415146,0.540863,0.184875,-0.382736,-0.729279,-0.613556
-0.157990,0.286606,0.391159,0.073807,-0.419373,-0.698029,-0.558990
-0.138901,0.232437,0.279068,-0.046844,-0.497711,-0.700226,-0.437912
0.179504,0.786377,0.979370,0.616760,-0.039520,-0.511086,-0.478271
0.013306,0.602928,0.856018,0.578346,-0.011330,-0.459869,-0.442337
0.008698,0.552292,0.772484,0.486633,-0.090622,-0.515129,-0.480606
-0.040077,0.450150,0.595985,0.258957,-0.314293,-0.684013,-0.562958
-0.019089,0.584267,0.819721,0.514812,-0.098907,-0.557598,-0.534477
-0.063244,0.508190,0.752064,0.476017,-0.109106,-0.551172,-0.535017
-0.103889,0.394607,0.567202,0.263525,-0.288395,-0.658473,-0.560229
-0.047758,0.524495,0.739879,0.424864,-0.186167,-0.632410,-0.599873
-0.141762,0.380547,0.565022,0.258469,-0.304115,-0.684753,-0.600880
-0.138771,0.331833,0.442619,0.095295,-0.451996,-0.773514,-0.608582
-0.039795,0.562866,0.780060,0.449257,-0.182312,-0.644020,-0.617035
-0.142944,0.427429,0.669281,0.396133,-0.177315,-0.611710,-0.620171
-0.269089,0.125710,0.233673,-0.050980,-0.510765,-0.767052,-0.617569
-0.188103,0.192551,0.238640,-0.098534,-0.568367,-0.787720,-0.537178
0.079315,0.690170,0.891045,0.535263,-0.117149,-0.591721,-0.564796
-0.092712,0.458076,0.669777,0.376518,-0.193413,-0.596008,-0.534866
-0.081635,0.398727,0.528938,0.195969,-0.352745,-0.689362,-0.545265
0.006783,0.602615,0.820847,0.495949,-0.128799,-0.586685,-0.557884
-0.099564,0.423912,0.609543,0.305099,-0.252472,-0.629128,-0.543259
-0.083099,0.381660,0.483719,0.131653,-0.415466,-0.732910,-0.572739
-0.057503,0.426674,0.517693,0.141983,-0.424652,-0.747772,-0.569778
0.019760,0.641998,0.872719,0.548462,-0.086395,-0.556259,-0.539322
-0.090820,0.426834,0.607674,0.304344,-0.250160,-0.620857,-0.528114
-0.059189,0.415230,0.525887,0.174507,-0.379745,-0.712074,-0.566658
-0.029900,0.541016,0.749222,0.437828,-0.153008,-0.581203,-0.569851
-0.198166,0.208241,0.321842,0.036896,-0.425140,-0.686604,-0.551044
-0.153946,0.186817,0.206078,-0.125450,-0.562332,-0.735374,-0.450670
0.152790,0.691149,0.796751,0.388573,-0.239569,-0.628541,-0.497263
0.071368,0.696318,0.947292,0.646026,0.031007,-0.433869,-0.426661
0.002422,0.496922,0.661634,0.355017,-0.191042,-0.549469,-0.445553
0.038340,0.539289,0.679142,0.337143,-0.233227,-0.599136,-0.479191
0.058674,0.651192,0.876873,0.562275,-0.052273,-0.505924,-0.482704
-0.042625,0.453007,0.609085,0.290989,-0.260571,-0.617607,-0.506443
-0.029030,0.443054,0.542591,0.181179,-0.375202,-0.696953,-0.538124
-0.027145,0.445965,0.522110,0.137524,-0.423264,-0.729839,-0.535461
0.044922,0.623901,0.800037,0.445152,-0.173164,-0.591473,-0.515636
-0.035145,0.471245,0.614536,0.279861,-0.279335,-0.626350,-0.501358
-0.024887,0.417938,0.473846,0.085808,-0.461784,-0.746490,-0.530441
0.065559,0.648285,0.819344,0.460403,-0.157059,-0.576469,-0.525162
-0.106087,0.324806,0.426514,0.110245,-0.378937,-0.642891,-0.452194
0.067886,0.542198,0.624397,0.241882,-0.326630,-0.651619,-0.487213
0.029282,0.501015,0.571884,0.182060,-0.379044,-0.680084,-0.485100
0.067543,0.578026,0.673599,0.279922,-0.311378,-0.653091,-0.492561
0.038651,0.535706,0.631660,0.253006,-0.314606,-0.635788,-0.463699
0.075058,0.583481,0.690704,0.314407,-0.264557,-0.607712,-0.449600
0.107529,0.682007,0.865402,0.523544,-0.083817,-0.500076,-0.430038
0.040802,0.536621,0.671402,0.331207,-0.227615,-0.573288,-0.444046
0.048355,0.522583,0.612503,0.239609,-0.323288,-0.645645,-0.486435
0.009277,0.437973,0.459366,0.043961,-0.506332,-0.767334,-0.518021
0.092361,0.656158,0.788910,0.405685,-0.207489,-0.590439,-0.472717
0.028748,0.517838,0.618576,0.248581,-0.315323,-0.639679,-0.489288
-0.028671,0.334000,0.290955,-0.144318,-0.654694,-0.837067,-0.506897
0.156265,0.731308,0.842987,0.426178,-0.206619,-0.598251,-0.509659
-0.078049,0.335968,0.418015,0.102768,-0.360001,-0.582153,-0.344193
0.228561,0.758942,0.878113,0.492172,-0.121780,-0.511353,-0.395340
0.144470,0.735016,0.951874,0.631454,0.014069,-0.435577,-0.408401
0.022903,0.483444,0.592072,0.244522,-0.300064,-0.616989,-0.451431
0.085724,0.611130,0.742966,0.379349,-0.212448,-0.583954,-0.464691
0.048096,0.569855,0.711761,0.360085,-0.223785,-0.595261,-0.473999
0.051498,0.607353,0.786942,0.455009,-0.136658,-0.537361,-0.458725
0.016716,0.516129,0.652512,0.309029,-0.259872,-0.618469,-0.502014
-0.026192,0.418919,0.480019,0.093224,-0.459000,-0.751228,-0.536770
0.079132,0.714790,0.944145,0.605831,-0.046865,-0.534416,-0.528175
-0.095156,0.388614,0.529038,0.203257,-0.336377,-0.664001,-0.528572
-0.070080,0.313922,0.298863,-0.129191,-0.660737,-0.888502,-0.636513
-0.120127,0.247030,0.183062,-0.268044,-0.774561,-0.934538,-0.575335
0.107822,0.686094,0.790230,0.368881,-0.260588,-0.634272,-0.485891
0.068434,0.630383,0.798431,0.452131,-0.141077,-0.532557,-0.436007
0.061096,0.582947,0.733732,0.389866,-0.193108,-0.572483,-0.458076
0.081139,0.681820,0.914612,0.602169,-0.022942,-0.490974,-0.481998
-0.059948,0.407085,0.527992,0.188736,-0.358387,-0.684647,-0.531258
-0.010048,0.491760,0.599258,0.224236,-0.357353,-0.704086,-0.543640
0.037300,0.660782,0.897606,0.572563,-0.067955,-0.546364,-0.539856
-0.112427,0.359947,0.487137,0.157028,-0.378098,-0.693428,-0.538986
-0.041138,0.410172,0.462776,0.063637,-0.496887,-0.789520,-0.584259
-0.031158,0.461212,0.533020,0.125565,-0.459824,-0.780029,-0.578644
0.040909,0.689957,0.935516,0.609360,-0.037155,-0.525421,-0.542358
-0.185028,0.166138,0.176193,-0.198654,-0.679413,-0.885178,-0.678772
-0.288605,-0.073822,-0.221344,-0.636047,-1.008774,-1.003922,-0.509705
0.246674,0.836929,0.911903,0.442116,-0.236343,-0.644905,-0.525215
-0.015923,0.485794,0.612747,0.277504,-0.252968,-0.551987,-0.378464
0.142159,0.615044,0.684097,0.284645,-0.292847,-0.612083,-0.421478
0.168808,0.769314,0.965778,0.617336,-0.017082,-0.466015,-0.410782
0.098114,0.696098,0.947693,0.662670,0.060814,-0.395908,-0.390392
0.014545,0.456802,0.559013,0.210983,-0.332138,-0.647594,-0.477650
0.069721,0.615986,0.766548,0.402924,-0.207443,-0.606148,-0.501122
0.042473,0.654343,0.899200,0.595779,-0.025269,-0.494156,-0.489937
-0.080414,0.362495,0.462440,0.118034,-0.412689,-0.708038,-0.531830
-0.019264,0.430031,0.470863,0.059105,-0.506134,-0.794647,-0.564781
0.070297,0.719101,0.953659,0.613670,-0.043617,-0.533760,-0.519356
-0.036247,0.554756,0.814110,0.541672,-0.049644,-0.506653,-0.536560
-0.239937,0.020813,-0.043091,-0.433556,-0.868240,-0.977531,-0.604233
0.054810,0.577950,0.620628,0.161858,-0.466583,-0.805038,-0.598282
0.031479,0.677948,0.912155,0.580612,-0.056580,-0.520958,-0.498596
-0.071091,0.376945,0.470238,0.117294,-0.415054,-0.703224,-0.511116
0.032829,0.532738,0.619797,0.222572,-0.369301,-0.709618,-0.534027
0.065819,0.703156,0.947838,0.628624,-0.010040,-0.490524,-0.478264
-0.005104,0.576035,0.829514,0.557121,-0.028297,-0.474586,-0.465546
-0.054176,0.402267,0.519524,0.175674,-0.378929,-0.712593,-0.555801
0.013710,0.624893,0.852470,0.526077,-0.109909,-0.579910,-0.554329
-0.069908,0.518494,0.772346,0.494461,-0.098343,-0.548996,-0.545258
-0.163528,0.226440,0.269073,-0.101822,-0.614807,-0.860321,-0.607376
0.029099,0.667557,0.887009,0.536942,-0.123489,-0.607956,-0.584961
-0.094330,0.501221,0.759216,0.481537,-0.113007,-0.566360,-0.545761
-0.080948,0.483170,0.714905,0.422928,-0.173080,-0.629837,-0.692673
-0.496048,-0.363632,-0.496063,-0.846924,-1.148544,-1.100571,-0.608521
0.101776,0.635651,0.683105,0.228073,-0.402527,-0.756805,-0.594055
-0.045990,0.505882,0.683487,0.367180,-0.192390,-0.557365,-0.442360
0.077911,0.636391,0.825409,0.495003,-0.105896,-0.523560,-0.451981
0.056519,0.641418,0.873222,0.568596,-0.044861,-0.501335,-0.474075
0.003204,0.580620,0.825516,0.545601,-0.045326,-0.493149,-0.470985
-0.008530,0.550293,0.778732,0.487396,-0.103119,-0.540764,-0.505577
-0.031181,0.532639,0.758217,0.457207,-0.145813,-0.590958,-0.555382
-0.072792,0.505020,0.747398,0.461090,-0.134209,-0.581467,-0.554825
-0.083031,0.487984,0.731445,0.454987,-0.131508,-0.574936,-0.567932
-0.189819,0.185852,0.212357,-0.170593,-0.684784,-0.921715,-0.654388
-0.000732,0.650856,0.880386,0.534447,-0.124825,-0.610092,-0.589851
-0.102913,0.489944,0.749191,0.476654,-0.112793,-0.562080,-0.566750
-0.228516,0.063698,-0.003220,-0.428894,-0.908234,-1.070564,-0.815231
-0.401947,-0.182808,-0.322090,-0.716885,-1.063046,-1.049438,-0.626617
-0.065962,0.270834,0.190453,-0.231022,-0.680839,-0.802227,-0.485861
0.047416,0.439096,0.445297,0.076374,-0.385868,-0.560627,-0.253242
0.405869,1.031555,1.221687,0.838608,0.156158,-0.335503,-0.308960
0.189072,0.787994,1.046371,0.765121,0.165039,-0.292877,-0.278793
0.180511,0.744003,0.984848,0.708694,0.124405,-0.320770,-0.302841
0.149521,0.695404,0.910019,0.607880,0.009598,-0.430893,-0.392685
0.086639,0.657288,0.889603,0.596237,-0.003143,-0.452515,-0.425064
0.046539,0.614426,0.852798,0.569351,-0.021179,-0.467636,-0.444122
0.019669,0.583710,0.825134,0.550568,-0.031158,-0.474747,-0.457184
-0.005142,0.540421,0.754761,0.450409,-0.148087,-0.585831,-0.542923
-0.056961,0.520264,0.758163,0.469360,-0.127434,-0.573242,-0.546143
-0.074875,0.495621,0.737587,0.460632,-0.123436,-0.565430,-0.548225
-0.118011,0.371773,0.522064,0.189453,-0.382332,-0.752544,-0.630985
-0.084656,0.521145,0.758057,0.448746,-0.169331,-0.629398,-0.602745
-0.124094,0.455671,0.704880,0.429243,-0.157417,-0.601001,-0.582435
-0.143052,0.368511,0.551129,0.250551,-0.309040,-0.692575,-0.603752
-0.095728,0.478960,0.697742,0.382195,-0.234241,-0.686810,-0.649788
-0.158905,0.428104,0.678635,0.398457,-0.194656,-0.642673,-0.617752
-0.148628,0.423653,0.670334,0.398056,-0.182343,-0.623619,-0.600815
-0.142578,0.410126,0.629593,0.329391,-0.266953,-0.703514,-0.658447
-0.169350,0.411011,0.653000,0.367287,-0.227394,-0.672081,-0.641899
-0.167564,0.405991,0.651978,0.377060,-0.203995,-0.644958,-0.624756
-0.186676,0.321655,0.503021,0.202194,-0.355682,-0.736542,-0.645065
-0.133423,0.444855,0.666229,0.355209,-0.255768,-0.703903,-0.664429
-0.175995,0.408569,0.657684,0.378036,-0.210632,-0.655212,-0.634705
-0.203156,0.286987,0.443497,0.130753,-0.415497,-0.771133,-0.680054
-0.237167,0.211472,0.318100,-0.013794,-0.536011,-0.836594,-0.678238
-0.164780,0.359634,0.531540,0.226227,-0.322433,-0.689285,-0.625916
-0.227097,0.186676,0.297806,0.010422,-0.452080,-0.713997,-0.578888
-0.181252,0.158096,0.171082,-0.176430,-0.626213,-0.802261,-0.500023
0.156960,0.792290,0.999825,0.639885,-0.022530,-0.506042,-0.482132
0.006477,0.599998,0.859884,0.590899,0.006899,-0.440912,-0.425580
0.029128,0.585148,0.823503,0.550767,-0.026203,-0.464110,-0.441894
0.011827,0.557106,0.771150,0.469451,-0.125464,-0.559652,-0.516159
-0.031578,0.545261,0.785696,0.501356,-0.089058,-0.531487,-0.506907
-0.051809,0.488007,0.698601,0.408146,-0.163902,-0.575428,-0.527054
-0.081577,0.396950,0.521439,0.172054,-0.395844,-0.741699,-0.591122
-0.021908,0.595825,0.835754,0.524536,-0.097393,-0.561287,-0.543316
-0.086956,0.448261,0.652351,0.359360,-0.203468,-0.597069,-0.530926
-0.079563,0.394054,0.517586,0.180923,-0.363625,-0.699051,-0.573296
-0.073601,0.461578,0.650978,0.348320,-0.216278,-0.610641,-0.563820
-0.139404,0.346581,0.535110,0.274567,-0.228752,-0.576073,-0.528534
-0.180573,0.167175,0.228516,-0.066208,-0.496902,-0.702881,-0.490860
0.026917,0.528244,0.673347,0.349251,-0.206314,-0.563416,-0.442551
0.091324,0.682816,0.910416,0.602585,-0.008194,-0.462997,-0.439941
0.023392,0.577225,0.801682,0.516174,-0.062714,-0.487869,-0.453995
-0.017029,0.469650,0.621735,0.305557,-0.242172,-0.596375,-0.477539
0.050446,0.631226,0.846252,0.525970,-0.092239,-0.543655,-0.510391
-0.040833,0.510376,0.724442,0.432541,-0.140945,-0.550964,-0.499146
-0.055145,0.423859,0.556641,0.226212,-0.320969,-0.660950,-0.521179
0.025620,0.617218,0.832214,0.505096,-0.119888,-0.576065,-0.540695
-0.052429,0.531967,0.779892,0.501022,-0.086914,-0.531754,-0.515427
-0.090973,0.386261,0.531937,0.213318,-0.329971,-0.673920,-0.551735
-0.062408,0.421478,0.532715,0.175087,-0.387314,-0.730652,-0.611755
-0.128624,0.379417,0.553658,0.260399,-0.272408,-0.629402,-0.573868
-0.208206,0.151222,0.214371,-0.086365,-0.523018,-0.735878,-0.553123
-0.136604,0.192146,0.188766,-0.156418,-0.587280,-0.739716,-0.423843
0.233932,0.856369,1.047211,0.671707,0.002640,-0.478668,-0.447693
0.046936,0.642502,0.900497,0.626709,0.037949,-0.411667,-0.403976
0.020691,0.511795,0.679001,0.374847,-0.173660,-0.538406,-0.443695
0.034973,0.537598,0.683014,0.346527,-0.223267,-0.592514,-0.479782
0.050934,0.640274,0.864761,0.552902,-0.058945,-0.510895,-0.487930
-0.048126,0.449203,0.607941,0.292480,-0.260376,-0.618698,-0.511734
-0.036530,0.433350,0.531700,0.170090,-0.386497,-0.709419,-0.539055
0.039017,0.650871,0.875198,0.547539,-0.082870,-0.545410,-0.523170
-0.074295,0.435928,0.603523,0.289040,-0.269699,-0.635788,-0.534569
-0.058212,0.419655,0.527863,0.174065,-0.379654,-0.705605,-0.550926
-0.029419,0.474632,0.587296,0.220329,-0.356216,-0.707718,-0.586174
-0.093575,0.418945,0.582977,0.274719,-0.271004,-0.631035,-0.562881
-0.170067,0.219193,0.298210,-0.008293,-0.465324,-0.690567,-0.460526
0.109283,0.648476,0.782265,0.407875,-0.204376,-0.602013,-0.495934
0.044807,0.649933,0.888107,0.583935,-0.029072,-0.484135,-0.458405
0.012474,0.581585,0.820221,0.537994,-0.049351,-0.490700,-0.470913
-0.031315,0.479469,0.660320,0.357002,-0.205322,-0.591583,-0.513288
-0.039146,0.470711,0.626230,0.296837,-0.276663,-0.653478,-0.551167
-0.047363,0.489933,0.658967,0.321476,-0.270795,-0.668164,-0.581334
-0.098724,0.401954,0.536671,0.193514,-0.366264,-0.710915,-0.579655
-0.098919,0.339355,0.385881,-0.007530,-0.552620,-0.827024,-0.596846
0.007299,0.589325,0.753836,0.390364,-0.225708,-0.632017,-0.542334
-0.057878,0.437786,0.562647,0.217531,-0.336378,-0.667406,-0.523628
-0.025618,0.438553,0.509747,0.123180,-0.438583,-0.757847,-0.649275
-0.312105,-0.103943,-0.229698,-0.618917,-0.976170,-0.983332,-0.564498
0.041026,0.473045,0.480150,0.075984,-0.441691,-0.676250,-0.450559
0.067085,0.511633,0.579975,0.225727,-0.282543,-0.541012,-0.320480
0.263321,0.831989,0.996902,0.636719,0.016052,-0.407539,-0.335014
0.168541,0.737785,0.951134,0.640907,0.044350,-0.385628,-0.343857
0.103844,0.596268,0.744255,0.418129,-0.139465,-0.497604,-0.385605
0.106293,0.608330,0.740456,0.389824,-0.185211,-0.548912,-0.433624
0.057632,0.547325,0.657463,0.293839,-0.277451,-0.620819,-0.474632
0.051147,0.568214,0.694733,0.329758,-0.255569,-0.614807,-0.486298
0.013176,0.488564,0.572815,0.192337,-0.370232,-0.683472,-0.515236
-0.033997,0.339325,0.291229,-0.157845,-0.681892,-0.872932,-0.540604
0.137405,0.740837,0.885521,0.489693,-0.144791,-0.550797,-0.446175
0.060883,0.578918,0.718117,0.370583,-0.201378,-0.557144,-0.430084
0.072838,0.568222,0.681068,0.316216,-0.257263,-0.602814,-0.454880
0.095089,0.668346,0.857357,0.516193,-0.101231,-0.532337,-0.473095
0.006573,0.532642,0.701286,0.375122,-0.199100,-0.578594,-0.474064
0.039738,0.597670,0.791042,0.468857,-0.126824,-0.545172,-0.482078
0.003365,0.550780,0.748387,0.435286,-0.155294,-0.573466,-0.516052
-0.051859,0.452049,0.602655,0.272303,-0.289450,-0.647787,-0.528145
-0.024750,0.489677,0.628239,0.276184,-0.306099,-0.675987,-0.558994
-0.050407,0.470146,0.612823,0.262894,-0.320206,-0.690895,-0.565918
-0.015236,0.591949,0.826309,0.509575,-0.119774,-0.590034,-0.578377
-0.150719,0.318954,0.442490,0.106827,-0.435745,-0.756516,-0.602539
-0.103210,0.350555,0.404617,0.006958,-0.551132,-0.839401,-0.624908
-0.047043,0.489410,0.604889,0.216278,-0.387558,-0.752426,-0.607986
-0.066330,0.475266,0.623169,0.272568,-0.305359,-0.665054,-0.536026
-0.020386,0.500305,0.638229,0.283600,-0.298309,-0.663925,-0.542694
-0.039688,0.461670,0.579483,0.214676,-0.361679,-0.709091,-0.554184
0.020279,0.640289,0.876602,0.559845,-0.068558,-0.535950,-0.520462
-0.081207,0.416534,0.570816,0.245071,-0.314056,-0.671738,-0.551437
-0.039581,0.490067,0.644684,0.297791,-0.292068,-0.676300,-0.564743
-0.022461,0.581268,0.817093,0.504730,-0.121246,-0.587204,-0.573212
-0.138382,0.345245,0.486496,0.161560,-0.380173,-0.709869,-0.565735
-0.053696,0.448792,0.565765,0.199158,-0.379959,-0.730087,-0.580811
-0.010941,0.605499,0.840225,0.519958,-0.112900,-0.585663,-0.564774
-0.084991,0.497833,0.747147,0.470627,-0.114960,-0.554550,-0.540833
-0.148254,0.257370,0.316467,-0.046890,-0.567078,-0.832428,-0.628433
-0.129333,0.249023,0.196136,-0.263504,-0.798019,-0.993546,-0.653931
0.064514,0.750992,0.982849,0.618698,-0.061569,-0.563736,-0.556335
-0.109482,0.394836,0.551712,0.234421,-0.308517,-0.646271,-0.512085
-0.014786,0.464294,0.558075,0.182175,-0.387604,-0.714798,-0.538910
0.051468,0.676498,0.909958,0.582565,-0.057343,-0.535172,-0.516357
-0.035721,0.549896,0.800995,0.524277,-0.062485,-0.503250,-0.482895
-0.047607,0.447189,0.606346,0.287392,-0.273811,-0.641365,-0.528908
0.000572,0.590645,0.816841,0.501785,-0.119057,-0.579918,-0.553085
-0.072311,0.509544,0.756920,0.475548,-0.118759,-0.568939,-0.553993
-0.129921,0.342064,0.475700,0.148079,-0.394341,-0.722771,-0.579338
-0.068962,0.426994,0.535553,0.164513,-0.414093,-0.756889,-0.596436
-0.016464,0.606071,0.841965,0.520889,-0.114708,-0.587265,-0.577873
-0.158333,0.293541,0.397491,0.056099,-0.470665,-0.761093,-0.581963
-0.087975,0.317528,0.309128,-0.123070,-0.664589,-0.896370,-0.609299
0.041451,0.647194,0.809807,0.425892,-0.216305,-0.641663,-0.546440
0.002098,0.627659,0.889988,0.599983,-0.013634,-0.481022,-0.479227
-0.061359,0.408367,0.540733,0.212824,-0.327942,-0.655712,-0.500899
0.052967,0.639853,0.845306,0.511647,-0.113965,-0.562949,-0.516536
-0.018321,0.571051,0.817064,0.527503,-0.074923,-0.529258,-0.511591
-0.073109,0.426809,0.588113,0.272270,-0.281941,-0.638667,-0.520358
-0.007544,0.531839,0.700982,0.362615,-0.233459,-0.633625,-0.541759
-0.015106,0.580961,0.816029,0.508787,-0.108227,-0.568222,-0.541510
-0.060856,0.519909,0.769119,0.490547,-0.100008,-0.547461,-0.534689
-0.121563,0.328825,0.437159,0.092291,-0.452568,-0.769728,-0.593639
-0.009890,0.610523,0.841389,0.513378,-0.126167,-0.600674,-0.575640
-0.088833,0.502918,0.759109,0.482574,-0.111822,-0.563078,-0.557980
-0.177843,0.201778,0.233177,-0.141020,-0.643616,-0.870039,-0.611841
-0.027784,0.473795,0.537130,0.117382,-0.480194,-0.805634,-0.602592
0.022514,0.677067,0.928078,0.605370,-0.039680,-0.523560,-0.511734
-0.034115,0.552429,0.811268,0.542229,-0.040844,-0.485771,-0.469532
-0.032471,0.476776,0.650249,0.332779,-0.243565,-0.633938,-0.540188
-0.017521,0.573616,0.804779,0.496597,-0.120369,-0.578362,-0.548687
-0.065098,0.517601,0.766777,0.486214,-0.106312,-0.554737,-0.537071
-0.104446,0.385765,0.536484,0.213089,-0.342739,-0.695198,-0.564838
-0.018593,0.578335,0.802532,0.480618,-0.147026,-0.608757,-0.576923
-0.089237,0.497524,0.747799,0.466377,-0.127975,-0.577236,-0.551598
-0.081779,0.485329,0.721985,0.435867,-0.151417,-0.588787,-0.556248
-0.094238,0.444622,0.644512,0.335640,-0.251711,-0.667645,-0.600185
-0.093800,0.493914,0.733412,0.437408,-0.166504,-0.618391,-0.590473
-0.112526,0.464588,0.712145,0.433895,-0.153402,-0.598595,-0.595295
-0.241350,0.083032,0.051900,-0.353954,-0.838081,-1.008090,-0.668581
0.037069,0.708927,0.932158,0.565320,-0.113684,-0.612640,-0.593279
-0.099392,0.504255,0.772238,0.503475,-0.086151,-0.538546,-0.522858
-0.061922,0.497353,0.729177,0.441198,-0.146952,-0.583223,-0.545698
-0.068979,0.498123,0.726963,0.429192,-0.172569,-0.617439,-0.580616
-0.096775,0.482272,0.725881,0.440787,-0.153294,-0.599347,-0.570534
-0.097562,0.475598,0.720210,0.444901,-0.139484,-0.581793,-0.558061
-0.095984,0.461496,0.685691,0.389180,-0.206440,-0.645222,-0.603337
-0.118384,0.457861,0.696744,0.405996,-0.190752,-0.636514,-0.603499
-0.124406,0.450917,0.695723,0.415727,-0.172322,-0.615326,-0.597161
-0.175751,0.287736,0.408079,0.069255,-0.476446,-0.799320,-0.633772
-0.059484,0.553514,0.780947,0.455405,-0.176805,-0.644033,-0.614712
-0.126580,0.463559,0.718160,0.441031,-0.150040,-0.597019,-0.573030
-0.105812,0.463598,0.710358,0.439131,-0.140234,-0.579519,-0.563534
-0.142336,0.329723,0.460510,0.119328,-0.446295,-0.796724,-0.652622
-0.085909,0.534236,0.777543,0.469683,-0.153797,-0.619216,-0.595916
-0.116684,0.467564,0.722188,0.450939,-0.133330,-0.578455,-0.556537
-0.095281,0.462362,0.688672,0.394257,-0.201241,-0.638927,-0.596933
-0.111874,0.465453,0.704430,0.413774,-0.182884,-0.627582,-0.594490
-0.115322,0.461051,0.704942,0.425014,-0.162969,-0.605908,-0.578891
-0.112580,0.450076,0.687213,0.410361,-0.165781,-0.598943,-0.566144
-0.100942,0.454755,0.674253,0.372113,-0.227129,-0.666567,-0.622399
-0.132252,0.451097,0.696041,0.411300,-0.182426,-0.627149,-0.597989
-0.123692,0.449808,0.696713,0.423681,-0.157469,-0.597546,-0.573553
-0.112192,0.441651,0.662247,0.362172,-0.235022,-0.671453,-0.626259
-0.136069,0.445367,0.687443,0.399859,-0.195704,-0.639317,-0.608077
-0.130742,0.444793,0.690785,0.413919,-0.171027,-0.610958,-0.589747
-0.149696,0.352765,0.516601,0.191557,-0.381524,-0.756931,-0.643444
-0.102185,0.501530,0.739304,0.432802,-0.182489,-0.638813,-0.608452
-0.126128,0.457279,0.708142,0.430239,-0.157691,-0.601556,-0.578387
-0.130537,0.396251,0.594927,0.301463,-0.258897,-0.650039,-0.571690
-0.072095,0.499121,0.717388,0.406210,-0.203945,-0.648342,-0.606160
-0.116030,0.469251,0.714156,0.431325,-0.162464,-0.606276,-0.577192
-0.104928,0.467533,0.713404,0.438370,-0.142815,-0.582928,-0.563856
-0.135693,0.348152,0.489635,0.155142,-0.410694,-0.766224,-0.631086
-0.073259,0.539055,0.777533,0.467817,-0.150665,-0.611134,-0.584883
-0.103703,0.477589,0.729282,0.456104,-0.129101,-0.571243,-0.551258
-0.110474,0.404430,0.591328,0.293030,-0.264309,-0.647572,-0.559460
-0.052151,0.521828,0.739895,0.427540,-0.182808,-0.629353,-0.588322
-0.099339,0.483829,0.729565,0.446579,-0.145412,-0.589397,-0.563419
-0.105949,0.435246,0.647213,0.358128,-0.209625,-0.615910,-0.560383
-0.102936,0.395271,0.539261,0.196499,-0.379486,-0.746059,-0.615997
-0.061256,0.551903,0.794151,0.489143,-0.127609,-0.588318,-0.566216
-0.102821,0.447174,0.664940,0.379631,-0.189262,-0.596680,-0.545212
-0.102524,0.371292,0.499901,0.169258,-0.374222,-0.705643,-0.557365
-0.003136,0.592903,0.810371,0.481781,-0.148567,-0.610054,-0.576019
-0.084198,0.506653,0.761955,0.486496,-0.102928,-0.550240,-0.527565
-0.062630,0.504509,0.747063,0.472641,-0.109901,-0.550377,-0.525818
-0.064880,0.489517,0.711624,0.413048,-0.182671,-0.618629,-0.574921
-0.088173,0.490829,0.732437,0.446335,-0.146790,-0.589943,-0.562164
-0.099983,0.448807,0.668304,0.381790,-0.191231,-0.606644,-0.561142
-0.117538,0.367935,0.512985,0.189835,-0.359886,-0.708244,-0.577728
-0.035225,0.557983,0.779488,0.459785,-0.161758,-0.618416,-0.583504
-0.094727,0.491165,0.742531,0.467079,-0.120384,-0.563797,-0.547012
-0.113312,0.383827,0.551178,0.243279,-0.306953,-0.670479,-0.565742
-0.064415,0.468475,0.633148,0.291344,-0.304222,-0.702896,-0.620285
-0.133064,0.402466,0.593201,0.293816,-0.262634,-0.646980,-0.600960
-0.218346,0.174469,0.265823,-0.033340,-0.492859,-0.737175,-0.576797
-0.155098,0.198311,0.211555,-0.143517,-0.604706,-0.789124,-0.490295
0.168182,0.805969,1.016922,0.660362,-0.001640,-0.485733,-0.464340
0.017868,0.601135,0.851822,0.577652,-0.005630,-0.447861,-0.430893
-0.002884,0.483719,0.641586,0.332092,-0.213882,-0.570267,-0.455536
0.068375,0.646072,0.860001,0.538651,-0.078674,-0.530197,-0.494125
-0.009079,0.573105,0.821747,0.544571,-0.040710,-0.485886,-0.472809
-0.051575,0.427338,0.575653,0.259613,-0.285004,-0.634186,-0.519150
-0.037888,0.433121,0.522812,0.143829,-0.427994,-0.755280,-0.575562
0.020569,0.652283,0.894333,0.578369,-0.051193,-0.521698,-0.510269
-0.066254,0.448914,0.632156,0.331200,-0.223885,-0.600037,-0.513687
-0.050110,0.425842,0.540932,0.195908,-0.354980,-0.693748,-0.597679
-0.207481,0.123528,0.114578,-0.252701,-0.702530,-0.869827,-0.607727
-0.107689,0.274513,0.281113,-0.090324,-0.560890,-0.756569,-0.526505
-0.051407,0.328537,0.354385,0.006897,-0.448746,-0.636490,-0.350754
0.288879,0.907013,1.100403,0.730347,0.065704,-0.413193,-0.382767
0.109344,0.702423,0.956970,0.680725,0.091476,-0.358627,-0.348511
0.079544,0.579849,0.754196,0.452240,-0.102890,-0.480087,-0.397705
0.071686,0.568985,0.713043,0.380081,-0.186218,-0.553970,-0.440735
0.087555,0.672531,0.891708,0.575531,-0.040558,-0.492828,-0.465302
-0.004349,0.531479,0.731277,0.432083,-0.139847,-0.542465,-0.481354
-0.029137,0.451180,0.581345,0.245384,-0.308243,-0.651695,-0.523163
-0.028534,0.450836,0.542953,0.161491,-0.412804,-0.741562,-0.568176
-0.000778,0.576080,0.757942,0.417511,-0.187447,-0.599350,-0.526932
-0.059589,0.425953,0.550556,0.208115,-0.342167,-0.673504,-0.534920
-0.049862,0.389759,0.437611,0.042576,-0.507061,-0.790859,-0.592457
-0.049093,0.457088,0.572836,0.215759,-0.342190,-0.676241,-0.561829
-0.130016,0.273458,0.340200,0.011749,-0.461164,-0.693363,-0.484859
0.030407,0.495066,0.584312,0.227345,-0.312923,-0.617741,-0.436281
0.142023,0.748228,0.964018,0.630817,-0.003147,-0.467259,-0.441710
0.028007,0.583275,0.803306,0.511440,-0.068853,-0.490517,-0.449271
-0.006967,0.480128,0.626764,0.303216,-0.247892,-0.602522,-0.484097
0.028826,0.576124,0.758963,0.433182,-0.161175,-0.574299,-0.506023
-0.004700,0.574074,0.803726,0.504795,-0.096172,-0.541245,-0.514397
-0.060963,0.467445,0.662834,0.363167,-0.206276,-0.604469,-0.538971
-0.078491,0.416862,0.560951,0.227081,-0.338158,-0.700912,-0.578812
-0.045624,0.536415,0.748802,0.431786,-0.175369,-0.612885,-0.574631
-0.125519,0.369324,0.518768,0.194122,-0.360016,-0.711777,-0.594391
-0.109833,0.366409,0.465210,0.100143,-0.460815,-0.785141,-0.635696
-0.170120,0.199417,0.160294,-0.279877,-0.798981,-0.999756,-0.721008
-0.154648,0.320618,0.394028,0.028244,-0.496323,-0.772858,-0.605347
-0.149231,0.249039,0.301834,-0.031647,-0.492935,-0.699936,-0.439117
0.162155,0.724701,0.869904,0.492157,-0.133179,-0.548691,-0.461304
0.050156,0.610657,0.803635,0.482040,-0.108170,-0.515259,-0.446854
0.017471,0.504898,0.634277,0.293640,-0.262688,-0.603935,-0.467369
0.045959,0.561417,0.696114,0.343147,-0.238091,-0.605003,-0.486053
0.021530,0.541084,0.684715,0.336693,-0.243553,-0.614357,-0.495361
0.033760,0.600037,0.793861,0.464317,-0.139633,-0.561295,-0.501480
-0.029045,0.483025,0.641708,0.313499,-0.252975,-0.620880,-0.514626
-0.031334,0.451454,0.559647,0.198997,-0.365425,-0.699043,-0.539284
0.017540,0.589783,0.772919,0.430832,-0.175774,-0.589317,-0.515594
-0.040123,0.463242,0.605492,0.268814,-0.292374,-0.644287,-0.530975
-0.087563,0.288338,0.271111,-0.149323,-0.668427,-0.882889,-0.624557
-0.111649,0.239365,0.156471,-0.303619,-0.804382,-0.957680,-0.634827
-0.054077,0.403214,0.452942,0.080276,-0.425716,-0.659451,-0.402664
0.213165,0.798923,0.963196,0.592621,-0.039310,-0.467222,-0.389202
0.128595,0.718792,0.950951,0.650573,0.046199,-0.402272,-0.373931
0.097568,0.661426,0.889956,0.600640,0.014071,-0.420660,-0.388467
0.064389,0.589272,0.781148,0.477013,-0.096878,-0.500474,-0.435465
0.043078,0.581697,0.776443,0.465388,-0.120241,-0.535466,-0.474162
0.019272,0.593159,0.822845,0.521992,-0.086740,-0.542440,-0.528074
-0.100676,0.374592,0.507572,0.176373,-0.371555,-0.706417,-0.565456
-0.055584,0.439880,0.547935,0.179340,-0.394901,-0.735325,-0.585224
-0.065311,0.430332,0.528805,0.149738,-0.426086,-0.757332,-0.586411
-0.025364,0.533497,0.694595,0.345325,-0.246902,-0.630554,-0.530144
-0.054588,0.407837,0.490982,0.117241,-0.436699,-0.748215,-0.606575
-0.194649,0.096352,0.005783,-0.422836,-0.873840,-0.971962,-0.573921
0.100842,0.615131,0.635376,0.163151,-0.454201,-0.766045,-0.552460
0.029375,0.571711,0.705688,0.346148,-0.227936,-0.572131,-0.423841
0.103043,0.620217,0.745855,0.380976,-0.202309,-0.561487,-0.419253
0.145574,0.758932,0.994503,0.675039,0.041984,-0.433930,-0.425941
0.009776,0.507917,0.666473,0.348869,-0.201237,-0.552931,-0.431602
0.079308,0.611908,0.772364,0.432215,-0.157824,-0.551043,-0.460119
0.039223,0.577944,0.755213,0.425866,-0.164208,-0.566254,-0.481143
0.036858,0.626293,0.859666,0.553668,-0.062119,-0.523836,-0.511531
-0.091057,0.367582,0.480181,0.137577,-0.405043,-0.720968,-0.560266
-0.055243,0.400253,0.452117,0.050313,-0.511893,-0.802284,-0.576231
0.056047,0.704029,0.940714,0.602827,-0.053352,-0.544352,-0.542505
-0.122623,0.333481,0.441620,0.102415,-0.424137,-0.715347,-0.543831
-0.073015,0.285112,0.223911,-0.233250,-0.754559,-0.937010,-0.608864
0.004465,0.456917,0.429583,-0.051668,-0.633986,-0.879834,-0.581313
0.086641,0.695747,0.849967,0.460658,-0.174189,-0.581533,-0.471396
0.067492,0.646372,0.845845,0.519930,-0.080431,-0.496586,-0.421561
0.089366,0.675692,0.907927,0.605679,-0.003471,-0.457644,-0.430061
0.044600,0.616484,0.854925,0.564694,-0.035473,-0.487576,-0.470632
-0.034826,0.459504,0.615267,0.295882,-0.258914,-0.613290,-0.496565
0.001005,0.508680,0.639572,0.282844,-0.301139,-0.667829,-0.535952
0.019607,0.628682,0.862961,0.546141,-0.083298,-0.552679,-0.531363
-0.052153,0.531086,0.783726,0.506594,-0.085464,-0.535385,-0.528969
-0.126049,0.307396,0.398941,0.047207,-0.489796,-0.789402,-0.595917
-0.000786,0.623089,0.851521,0.519150,-0.126678,-0.605453,-0.583664
-0.097153,0.493332,0.748276,0.468552,-0.129005,-0.581436,-0.574570
-0.181938,0.225693,0.286797,-0.073608,-0.587929,-0.843559,-0.628960
-0.123253,0.257744,0.204552,-0.257362,-0.795105,-0.991875,-0.653488
0.064713,0.750954,0.981598,0.617218,-0.063271,-0.563705,-0.546783
-0.054352,0.545891,0.808540,0.535469,-0.053551,-0.499481,-0.483261
-0.051102,0.442543,0.601547,0.281456,-0.280861,-0.648552,-0.535248
-0.003952,0.586945,0.812981,0.496796,-0.125175,-0.587151,-0.559464
-0.076866,0.505829,0.754997,0.473457,-0.120041,-0.569427,-0.553680
-0.122963,0.364395,0.514236,0.192902,-0.358925,-0.707413,-0.575073
-0.029793,0.565201,0.788460,0.466599,-0.159042,-0.621719,-0.592766
-0.107925,0.476013,0.723480,0.440277,-0.155853,-0.604904,-0.579071
-0.108063,0.461197,0.699020,0.415024,-0.172089,-0.609299,-0.585388
-0.168045,0.280655,0.382462,0.034042,-0.507477,-0.818405,-0.637100
-0.050125,0.568604,0.797806,0.471085,-0.166199,-0.638458,-0.613144
-0.128021,0.461105,0.716660,0.441437,-0.148712,-0.597717,-0.600128
-0.259674,0.037689,-0.023148,-0.439880,-0.911316,-1.051178,-0.687637
-0.010910,0.557098,0.650116,0.218735,-0.419662,-0.794373,-0.630371
-0.023437,0.631668,0.895927,0.590263,-0.041809,-0.521614,-0.517471
-0.071877,0.453644,0.645187,0.343681,-0.218796,-0.601303,-0.507568
0.007263,0.589661,0.813133,0.501236,-0.115509,-0.570343,-0.538528
-0.055740,0.525177,0.770638,0.487373,-0.106857,-0.555992,-0.530243
-0.059334,0.511780,0.754349,0.475067,-0.111313,-0.555603,-0.530907
-0.065926,0.493458,0.720505,0.424862,-0.173813,-0.617577,-0.581608
-0.098614,0.478615,0.717495,0.425762,-0.174896,-0.623554,-0.591461
-0.111328,0.468929,0.716671,0.436646,-0.154362,-0.601276,-0.587963
-0.181129,0.251312,0.339924,-0.012756,-0.542877,-0.830769,-0.625671
-0.020985,0.604549,0.830723,0.495140,-0.150932,-0.625069,-0.598686
-0.108585,0.485455,0.741966,0.464771,-0.128319,-0.578281,-0.555298
-0.087128,0.484203,0.729931,0.456703,-0.125622,-0.567844,-0.562584
-0.193027,0.164394,0.168915,-0.227018,-0.738443,-0.958956,-0.671448
-0.013416,0.616146,0.811154,0.446643,-0.199763,-0.649808,-0.584901
-0.062491,0.550861,0.813802,0.534180,-0.067189,-0.526337,-0.511486
-0.048450,0.515833,0.750666,0.462733,-0.128304,-0.566463,-0.529833
-0.053028,0.516111,0.747944,0.453133,-0.146673,-0.591564,-0.555742
-0.074850,0.503225,0.747820,0.465654,-0.125528,-0.570669,-0.543884
-0.074881,0.488487,0.720463,0.429703,-0.161201,-0.597271,-0.558567
-0.080673,0.488567,0.717575,0.419971,-0.181622,-0.626324,-0.589333
-0.105324,0.474865,0.719608,0.436615,-0.156357,-0.602291,-0.574337
-0.101234,0.471073,0.716797,0.442593,-0.140701,-0.581928,-0.558098
-0.095924,0.458721,0.681084,0.382757,-0.212706,-0.650356,-0.607349
-0.120306,0.458986,0.698935,0.409245,-0.187435,-0.632153,-0.600056
-0.121874,0.453524,0.698402,0.419455,-0.167557,-0.610508,-0.585457
-0.127930,0.412355,0.616589,0.311050,-0.273972,-0.687593,-0.623701
-0.139399,0.400070,0.583969,0.262192,-0.322311,-0.719786,-0.627195
-0.099808,0.500902,0.747419,0.453487,-0.151308,-0.606024,-0.584818
-0.124264,0.427809,0.652508,0.371149,-0.196758,-0.611012,-0.559477
-0.079617,0.481812,0.700150,0.393927,-0.210340,-0.651831,-0.607746
-0.117683,0.465578,0.709457,0.424637,-0.170147,-0.615917,-0.585846
-0.111626,0.461796,0.707649,0.431618,-0.150555,-0.591644,-0.565723
-0.102455,0.453278,0.675743,0.377518,-0.218822,-0.655384,-0.611301
-0.123192,0.456184,0.698170,0.410492,-0.184189,-0.629856,-0.597725
-0.121460,0.453011,0.696972,0.418091,-0.167873,-0.608814,-0.583725
-0.125179,0.420994,0.640823,0.357578,-0.212204,-0.627331,-0.575684
-0.095711,0.465832,0.684284,0.377201,-0.229866,-0.674133,-0.631817
-0.139595,0.447762,0.697655,0.415863,-0.177868,-0.625530,-0.598305
-0.128853,0.438869,0.681026,0.407200,-0.168877,-0.600994,-0.575947
-0.146748,0.331287,0.464088,0.122952,-0.441654,-0.791073,-0.645973
-0.079250,0.537979,0.779369,0.469608,-0.151848,-0.614281,-0.589005
-0.109768,0.473511,0.726192,0.453018,-0.130226,-0.573360,-0.556305
-0.122334,0.378986,0.550476,0.245705,-0.307297,-0.677467,-0.573452
-0.052330,0.530445,0.751377,0.435993,-0.179306,-0.629787,-0.591675
-0.102654,0.482498,0.732162,0.451118,-0.138962,-0.584953,-0.560959
-0.107422,0.427933,0.634117,0.342224,-0.223419,-0.624680,-0.555389
-0.061844,0.507278,0.727386,0.417046,-0.190323,-0.633919,-0.591919
-0.100990,0.483124,0.727844,0.442871,-0.150101,-0.595070,-0.566147
-0.093079,0.480186,0.724892,0.450661,-0.130707,-0.571007,-0.552124
-0.125122,0.354645,0.494034,0.156487,-0.408470,-0.762146,-0.623222
-0.063599,0.549515,0.788788,0.477905,-0.141739,-0.603355,-0.576294
-0.096260,0.485847,0.737366,0.464020,-0.120384,-0.563683,-0.543869
-0.101303,0.416344,0.605957,0.307419,-0.253090,-0.640472,-0.556450
-0.052208,0.521652,0.741562,0.430061,-0.180428,-0.626129,-0.585243
-0.096405,0.485641,0.731247,0.448128,-0.143013,-0.587143,-0.565208
-0.127373,0.371918,0.536507,0.225883,-0.324127,-0.687424,-0.601990
-0.171539,0.244263,0.306625,-0.055458,-0.573410,-0.833611,-0.598145
0.027832,0.665672,0.895248,0.560081,-0.084602,-0.561279,-0.539375
-0.056656,0.532021,0.791992,0.525063,-0.055916,-0.501701,-0.488258
-0.052994,0.462288,0.654442,0.361336,-0.196724,-0.585594,-0.508911
-0.013901,0.551781,0.767487,0.455719,-0.152100,-0.595169,-0.553635
-0.067078,0.513680,0.757996,0.476532,-0.112976,-0.556465,-0.531952
-0.075943,0.465759,0.679207,0.390594,-0.181572,-0.595161,-0.539070
-0.055672,0.508286,0.726189,0.419533,-0.184189,-0.625145,-0.582481
-0.093834,0.487038,0.729530,0.444313,-0.147949,-0.591217,-0.567459
-0.124893,0.383972,0.559029,0.252907,-0.303391,-0.674866,-0.582893
-0.114716,0.359947,0.471817,0.124596,-0.422607,-0.745018,-0.580978
-0.011116,0.594551,0.814720,0.484909,-0.149590,-0.615181,-0.586197
-0.107185,0.459259,0.689407,0.403671,-0.172478,-0.590996,-0.547592
-0.106071,0.374405,0.510597,0.183548,-0.362221,-0.700798,-0.558640
-0.008522,0.586388,0.804672,0.479836,-0.144844,-0.601692,-0.565994
-0.076431,0.509254,0.758461,0.479889,-0.109695,-0.554222,-0.535625
-0.101105,0.395874,0.562080,0.251099,-0.303173,-0.667770,-0.567020
-0.092106,0.387276,0.500893,0.151482,-0.401794,-0.732182,-0.572136
-0.003311,0.604267,0.829250,0.505180,-0.123623,-0.586514,-0.560707
-0.095604,0.447300,0.651196,0.354107,-0.214741,-0.612339,-0.545280
-0.088127,0.393188,0.521412,0.184521,-0.365143,-0.699768,-0.550766
0.006142,0.604836,0.824921,0.498932,-0.127869,-0.585842,-0.552238
-0.064758,0.520821,0.770897,0.494156,-0.092632,-0.537327,-0.519871
-0.090389,0.400616,0.560902,0.250893,-0.298515,-0.657310,-0.552769
-0.078007,0.391457,0.484501,0.109829,-0.459682,-0.785641,-0.605576
-0.013000,0.616161,0.855690,0.540169,-0.087002,-0.561951,-0.584236
-0.219513,0.202465,0.336376,0.059834,-0.409504,-0.686993,-0.560478
-0.151833,0.217953,0.264011,-0.064411,-0.520687,-0.729549,-0.470577
0.146454,0.755875,0.953365,0.596176,-0.055695,-0.525822,-0.496460
-0.022957,0.528259,0.737450,0.440708,-0.131710,-0.535793,-0.476147
-0.024391,0.454491,0.583225,0.246834,-0.302345,-0.640411,-0.503613
0.008968,0.518818,0.642097,0.273918,-0.315544,-0.677902,-0.535873
0.031708,0.651711,0.897789,0.595589,-0.019379,-0.483215,-0.474968
-0.046799,0.443871,0.602840,0.293472,-0.251396,-0.605705,-0.497704
-0.021469,0.452374,0.558537,0.201733,-0.357899,-0.689709,-0.530102
0.040234,0.648327,0.875767,0.554123,-0.071304,-0.532810,-0.511505
-0.064537,0.445744,0.617313,0.306751,-0.249065,-0.617153,-0.519871
-0.046448,0.432426,0.546513,0.195606,-0.359158,-0.692005,-0.551979
-0.076237,0.337555,0.349083,-0.070213,-0.612625,-0.862877,-0.619507
-0.037441,0.498295,0.634537,0.284084,-0.282936,-0.636730,-0.545788
-0.134308,0.253906,0.316269,-0.003819,-0.460632,-0.671993,-0.422340
0.167870,0.725323,0.872303,0.501209,-0.120483,-0.535309,-0.447235
0.079552,0.677689,0.915764,0.616379,0.009079,-0.444237,-0.420685
0.047050,0.613045,0.851509,0.573021,-0.009647,-0.450279,-0.427834
0.028065,0.577454,0.804356,0.521248,-0.060131,-0.496544,-0.471867
-0.032303,0.473560,0.641731,0.321938,-0.249868,-0.632820,-0.541475
-0.053423,0.461432,0.613117,0.276018,-0.298277,-0.668064,-0.561718
-0.078327,0.401637,0.508993,0.150449,-0.405040,-0.729808,-0.574938
-0.070810,0.390640,0.455239,0.064100,-0.493398,-0.789870,-0.581563
0.019461,0.623782,0.822101,0.478444,-0.144374,-0.579840,-0.525890
-0.060246,0.444124,0.595190,0.269199,-0.285301,-0.636452,-0.523361
-0.063570,0.356876,0.392570,-0.003761,-0.543934,-0.827139,-0.684780
-0.291666,0.030521,0.044096,-0.264725,-0.649786,-0.771469,-0.492509
0.005658,0.386970,0.394624,0.018360,-0.467753,-0.679824,-0.425989
0.147858,0.668591,0.787007,0.419847,-0.161797,-0.520330,-0.383326
0.172409,0.779684,1.016062,0.707155,0.086514,-0.381992,-0.375458
0.065643,0.583763,0.766983,0.455250,-0.119328,-0.515793,-0.439808
0.030083,0.525948,0.663692,0.325470,-0.238232,-0.591667,-0.466206
0.042950,0.560146,0.702415,0.354021,-0.225620,-0.595831,-0.479174
0.041763,0.594070,0.771128,0.435709,-0.159409,-0.562544,-0.485350
-0.013279,0.479873,0.609074,0.268253,-0.288246,-0.629659,-0.497156
-0.004459,0.464208,0.546688,0.168372,-0.393038,-0.709028,-0.542532
-0.047397,0.366075,0.366537,-0.059819,-0.603366,-0.843030,-0.567683
0.067540,0.652030,0.799444,0.420977,-0.195309,-0.589141,-0.482217
0.014429,0.512397,0.630739,0.272320,-0.292829,-0.634998,-0.526682
-0.130212,0.171836,0.104889,-0.307165,-0.761309,-0.888924,-0.546490
0.069267,0.570992,0.641291,0.244054,-0.324396,-0.641513,-0.502512
-0.062947,0.328670,0.384626,0.061110,-0.390322,-0.590500,-0.327826
0.277229,0.852299,1.012810,0.641430,0.003811,-0.434624,-0.371922
0.138508,0.731171,0.974556,0.679443,0.069538,-0.393208,-0.385845
0.051197,0.562363,0.741627,0.435741,-0.124249,-0.502350,-0.413055
0.072948,0.596493,0.762629,0.431038,-0.153448,-0.547029,-0.465252
0.014286,0.522646,0.667886,0.325371,-0.252347,-0.625533,-0.506934
0.035462,0.635401,0.867459,0.559183,-0.053983,-0.508219,-0.493385
-0.080175,0.363451,0.463127,0.116512,-0.420315,-0.726589,-0.559254
-0.054497,0.395859,0.441647,0.037731,-0.522655,-0.810265,-0.590248
0.005775,0.581718,0.738243,0.366859,-0.257042,-0.667206,-0.574501
-0.079231,0.429108,0.559692,0.212433,-0.345551,-0.678658,-0.534019
-0.038071,0.416237,0.472778,0.077560,-0.481049,-0.773743,-0.576347
-0.065231,0.339661,0.315025,-0.132286,-0.677048,-0.898384,-0.596077
0.054153,0.629097,0.751427,0.352997,-0.261574,-0.633186,-0.492523
0.056107,0.622185,0.800186,0.461784,-0.137260,-0.540382,-0.456352
0.046906,0.600250,0.793961,0.473083,-0.121300,-0.537392,-0.469124
0.034126,0.617744,0.850235,0.547272,-0.064529,-0.524254,-0.507042
-0.069016,0.428505,0.587425,0.268250,-0.284386,-0.639549,-0.519691
-0.014130,0.508308,0.657730,0.309586,-0.278580,-0.660172,-0.547928
-0.007935,0.592575,0.826172,0.512589,-0.112656,-0.578842,-0.564133
-0.126633,0.364517,0.513245,0.192749,-0.352371,-0.691299,-0.562180
-0.073807,0.393524,0.475662,0.095062,-0.468597,-0.783875,-0.611786
-0.099380,0.346848,0.379761,-0.035919,-0.594284,-0.866211,-0.616959
0.035370,0.697357,0.938171,0.599487,-0.059433,-0.552185,-0.556931
-0.160202,0.250519,0.308807,-0.057312,-0.571442,-0.830780,-0.649155
-0.225937,0.051865,-0.056686,-0.487457,-0.923996,-0.998016,-0.573151
0.127213,0.666855,0.704407,0.231750,-0.407539,-0.750877,-0.559723
0.021378,0.587395,0.751678,0.412392,-0.161163,-0.520477,-0.389122
0.150276,0.724754,0.922791,0.593491,-0.017075,-0.450188,-0.394905
0.103298,0.684822,0.918159,0.616028,0.004059,-0.453884,-0.429062
0.045792,0.620796,0.865265,0.581974,-0.011314,-0.462467,-0.447514
-0.014664,0.480644,0.637371,0.314056,-0.252449,-0.623310,-0.513153
-0.000607,0.545349,0.720024,0.382252,-0.217140,-0.623528,-0.534897
-0.007542,0.594101,0.835667,0.531929,-0.084545,-0.547913,-0.538216
-0.125206,0.317253,0.413826,0.067070,-0.461098,-0.750969,-0.569336
-0.067986,0.347740,0.345558,-0.087318,-0.638306,-0.884354,-0.602631
0.073090,0.743607,0.981133,0.631378,-0.038521,-0.537254,-0.525490
-0.041107,0.555077,0.819557,0.550255,-0.039917,-0.499695,-0.545044
-0.287163,-0.079437,-0.181221,-0.572083,-0.967110,-1.026340,-0.646404
-0.084293,0.256878,0.143723,-0.338535,-0.839779,-0.971085,-0.599087
0.044016,0.540613,0.579471,0.157924,-0.407259,-0.681085,-0.432776
0.207861,0.838710,1.045705,0.694008,0.053429,-0.399672,-0.349548
0.153294,0.743317,0.985069,0.690281,0.081676,-0.376850,-0.358479
0.109001,0.675709,0.910965,0.622456,0.026913,-0.422569,-0.398155
0.070431,0.638241,0.879482,0.600811,0.014042,-0.432602,-0.420998
-0.000259,0.476208,0.614265,0.278316,-0.288006,-0.647942,-0.518166
0.032379,0.636486,0.866817,0.547062,-0.083336,-0.551712,-0.526466
-0.043369,0.543724,0.797247,0.519039,-0.075068,-0.526041,-0.518715
-0.114894,0.321390,0.412821,0.061948,-0.472253,-0.769083,-0.573828
0.021098,0.641838,0.864234,0.526851,-0.119054,-0.594979,-0.569399
-0.081076,0.510223,0.765965,0.488008,-0.105844,-0.557539,-0.538229
-0.073702,0.494019,0.738121,0.463280,-0.119667,-0.562511,-0.559814
-0.199638,0.140675,0.128254,-0.273724,-0.776478,-0.978630,-0.669998
0.015800,0.682640,0.910667,0.554443,-0.118919,-0.614243,-0.598122
-0.107437,0.493034,0.760803,0.494759,-0.093147,-0.545792,-0.537186
-0.105721,0.397011,0.565010,0.247017,-0.321037,-0.698311,-0.592537
-0.062843,0.529411,0.757782,0.443909,-0.175758,-0.634468,-0.602562
-0.117729,0.467178,0.716599,0.436295,-0.155975,-0.603157,-0.579376
-0.111382,0.452934,0.684891,0.395081,-0.195847,-0.633881,-0.597122
-0.119202,0.449097,0.678162,0.380600,-0.221893,-0.667511,-0.631393
-0.147293,0.433014,0.676895,0.392075,-0.202698,-0.648453,-0.620316
-0.146057,0.427414,0.673325,0.398315,-0.185760,-0.627747,-0.610519
-0.186142,0.290054,0.426895,0.092697,-0.464050,-0.810562,-0.667465
-0.107590,0.501862,0.734589,0.417221,-0.207870,-0.670959,-0.641434
-0.156021,0.430435,0.684326,0.409439,-0.178436,-0.624191,-0.600952
-0.136414,0.424484,0.653046,0.359894,-0.234360,-0.671768,-0.631454
-0.147079,0.427628,0.662064,0.365921,-0.234192,-0.680374,-0.643845
-0.159317,0.423355,0.670563,0.390015,-0.200531,-0.645020,-0.616608
-0.145981,0.426819,0.673035,0.402252,-0.177643,-0.616486,-0.593201
-0.134506,0.417694,0.637619,0.337875,-0.258987,-0.695099,-0.649567
-0.159058,0.421738,0.663177,0.375946,-0.219284,-0.663513,-0.631912
-0.154221,0.422653,0.669968,0.395401,-0.187271,-0.627869,-0.602448
-0.144547,0.401001,0.613373,0.312012,-0.275726,-0.698868,-0.641479
-0.145065,0.436676,0.672226,0.377197,-0.224762,-0.670792,-0.636093
-0.153366,0.427505,0.675858,0.398422,-0.188080,-0.631500,-0.604950
-0.140083,0.420174,0.656891,0.383530,-0.189140,-0.616913,-0.582672
-0.116043,0.437164,0.654198,0.347672,-0.255920,-0.696732,-0.651962
-0.157310,0.431473,0.681816,0.399490,-0.193787,-0.640022,-0.612358
-0.137581,0.438339,0.687653,0.417976,-0.162773,-0.602448,-0.590752
-0.196266,0.215157,0.279041,-0.089344,-0.622318,-0.898376,-0.670803
-0.044815,0.598900,0.836258,0.506866,-0.136978,-0.612810,-0.591042
-0.105515,0.484969,0.744792,0.474787,-0.109232,-0.554112,-0.539767
-0.113362,0.373619,0.531878,0.221815,-0.322756,-0.674804,-0.552834
-0.020760,0.565054,0.782148,0.460033,-0.161942,-0.616104,-0.576771
-0.083603,0.505657,0.757427,0.478462,-0.113457,-0.559326,-0.533264
-0.064003,0.506454,0.753265,0.482079,-0.095291,-0.533592,-0.509796
-0.052551,0.496231,0.710823,0.407730,-0.190514,-0.626038,-0.577995
-0.085976,0.496300,0.739189,0.453384,-0.141396,-0.585220,-0.554199
-0.080025,0.493355,0.740135,0.465988,-0.115288,-0.554520,-0.530685
-0.081184,0.448196,0.641617,0.327316,-0.260529,-0.671097,-0.595383
-0.081802,0.510117,0.749863,0.454102,-0.150543,-0.600220,-0.569153
-0.090027,0.488235,0.735962,0.460800,-0.124420,-0.565598,-0.544647
-0.105850,0.401215,0.579391,0.279266,-0.274002,-0.646393,-0.553375
-0.061722,0.466476,0.630402,0.289810,-0.304550,-0.699097,-0.598740
-0.061691,0.545654,0.791885,0.495728,-0.111282,-0.566254,-0.546265
-0.092804,0.439545,0.642761,0.352798,-0.207031,-0.601547,-0.545120
-0.119003,0.319855,0.407959,0.051849,-0.488525,-0.787552,-0.590576
0.011917,0.641144,0.875839,0.551636,-0.083176,-0.552994,-0.530167
-0.049454,0.536255,0.793289,0.526367,-0.052643,-0.495499,-0.477203
-0.021500,0.534531,0.770950,0.497284,-0.079636,-0.516495,-0.493225
-0.036514,0.510757,0.726791,0.427063,-0.166855,-0.601044,-0.555573
-0.069046,0.507797,0.749191,0.464844,-0.125565,-0.567017,-0.544388
-0.105865,0.395065,0.563248,0.256180,-0.294235,-0.658905,-0.550415
-0.027786,0.551575,0.766205,0.444580,-0.174973,-0.624771,-0.583054
-0.089493,0.497238,0.744553,0.463135,-0.129272,-0.574646,-0.547119
-0.077362,0.492584,0.736954,0.463364,-0.115433,-0.553177,-0.534683
-0.104172,0.391754,0.560822,0.257568,-0.291992,-0.657761,-0.555252
-0.039536,0.533981,0.748657,0.429031,-0.188522,-0.640244,-0.605316
-0.123367,0.454803,0.702423,0.429108,-0.150360,-0.592667,-0.604095
-0.245224,0.169022,0.300156,0.026718,-0.439529,-0.715912,-0.580490
-0.121002,0.350891,0.501053,0.203476,-0.318954,-0.649078,-0.512207
0.025833,0.612656,0.833694,0.519379,-0.094894,-0.547272,-0.519867
-0.053177,0.500092,0.723022,0.437958,-0.135590,-0.553482,-0.512405
-0.073181,0.409882,0.554504,0.233841,-0.313416,-0.660309,-0.531281
0.005814,0.591736,0.807938,0.484955,-0.138870,-0.595856,-0.562241
-0.074738,0.512802,0.766785,0.493912,-0.090019,-0.533836,-0.520393
-0.096848,0.387306,0.542763,0.231873,-0.311569,-0.663475,-0.543320
-0.014999,0.567093,0.781487,0.459618,-0.159187,-0.609230,-0.570694
-0.082230,0.501396,0.749535,0.469910,-0.116806,-0.559479,-0.540985
-0.107544,0.387383,0.550591,0.240540,-0.309883,-0.670654,-0.568077
-0.093300,0.383995,0.496513,0.144066,-0.412209,-0.745575,-0.587502
-0.018677,0.589882,0.816818,0.494682,-0.132206,-0.593193,-0.566479
-0.099495,0.447224,0.657825,0.364456,-0.206566,-0.616093,-0.584286
-0.191353,0.227318,0.334515,0.029549,-0.454277,-0.719749,-0.522728
0.052456,0.645817,0.847919,0.505081,-0.130604,-0.589561,-0.552055
-0.060707,0.527729,0.779655,0.503773,-0.083141,-0.526989,-0.512604
-0.082256,0.412533,0.578522,0.272209,-0.277447,-0.642351,-0.542889
-0.061441,0.436129,0.561899,0.203039,-0.377184,-0.737207,-0.596762
-0.033680,0.582857,0.825514,0.521883,-0.093506,-0.553848,-0.539198
-0.100774,0.403975,0.575929,0.268686,-0.283838,-0.649634,-0.553006
-0.083155,0.391209,0.500830,0.148436,-0.404863,-0.733323,-0.570390
0.000320,0.608788,0.834654,0.511456,-0.113555,-0.573662,-0.547059
-0.083116,0.458635,0.665290,0.370935,-0.196180,-0.595976,-0.534024
-0.082908,0.396327,0.525424,0.191347,-0.357481,-0.695189,-0.564863
-0.082127,0.365940,0.423141,0.026631,-0.532277,-0.823307,-0.607647
-0.011053,0.572282,0.745907,0.394397,-0.214706,-0.625831,-0.566311
-0.138107,0.298902,0.397891,0.074041,-0.425574,-0.694976,-0.497945
0.046970,0.563466,0.681604,0.308327,-0.283269,-0.649693,-0.514625
0.046045,0.657251,0.894615,0.583775,-0.033884,-0.492577,-0.474352
-0.029463,0.482658,0.658974,0.352135,-0.205862,-0.580021,-0.489738
-0.021299,0.459465,0.578350,0.230240,-0.326639,-0.665493,-0.521660
0.004728,0.536074,0.679674,0.321859,-0.271017,-0.649454,-0.527267
0.021618,0.631895,0.876152,0.577028,-0.032927,-0.492775,-0.482529
-0.051407,0.447077,0.616722,0.312068,-0.235945,-0.600206,-0.503043
-0.028762,0.458772,0.582408,0.232172,-0.334629,-0.686241,-0.547235
0.007578,0.610057,0.839755,0.527188,-0.087291,-0.539895,-0.516605
-0.074504,0.429000,0.595811,0.284445,-0.267284,-0.629364,-0.529058
-0.059471,0.408766,0.507432,0.146135,-0.413056,-0.738563,-0.590282
-0.121978,0.258085,0.228388,-0.206347,-0.725946,-0.921356,-0.603123
0.057022,0.643747,0.777751,0.382093,-0.246337,-0.641452,-0.531886
-0.027731,0.476706,0.599512,0.247472,-0.311351,-0.644320,-0.490753
0.044298,0.579340,0.726595,0.372396,-0.219836,-0.602526,-0.489441
0.045536,0.633239,0.851219,0.538762,-0.063893,-0.499902,-0.460174
-0.009607,0.487629,0.642360,0.320971,-0.233860,-0.592182,-0.478393
0.022125,0.541507,0.692781,0.349407,-0.235026,-0.616820,-0.510660
0.010623,0.578902,0.781553,0.462704,-0.133577,-0.554471,-0.499757
-0.043124,0.447432,0.586760,0.254025,-0.300320,-0.646432,-0.521513
-0.033397,0.440500,0.532074,0.159841,-0.404331,-0.726961,-0.567042
-0.068655,0.362692,0.387702,-0.027030,-0.576641,-0.837943,-0.586967
0.024111,0.587613,0.720099,0.339548,-0.265119,-0.636685,-0.509645
-0.002828,0.490572,0.595603,0.228882,-0.333743,-0.659736,-0.513901
-0.057796,0.303330,0.258771,-0.178976,-0.692777,-0.890257,-0.623886
-0.090321,0.343658,0.397648,0.047762,-0.431749,-0.658768,-0.462715
-0.012524,0.355434,0.378178,0.032497,-0.421364,-0.606365,-0.324741
0.291267,0.859627,1.002731,0.617043,-0.020103,-0.445374,-0.364738
0.148804,0.722092,0.934570,0.621521,0.021202,-0.411530,-0.368561
0.084221,0.579727,0.725899,0.393089,-0.170143,-0.528992,-0.410843
0.090073,0.597145,0.728409,0.373978,-0.204803,-0.568314,-0.445015
0.065895,0.582870,0.720039,0.364632,-0.218056,-0.586395,-0.460083
0.081169,0.663361,0.870995,0.549263,-0.053802,-0.483376,-0.435326
0.021538,0.519142,0.669350,0.341522,-0.218712,-0.578484,-0.468094
0.014412,0.493488,0.597996,0.232708,-0.334358,-0.671585,-0.522232
-0.006001,0.486961,0.584724,0.203968,-0.374516,-0.711330,-0.548866
-0.003040,0.529013,0.663549,0.302618,-0.277721,-0.633968,-0.504444
-0.009815,0.456860,0.532486,0.146403,-0.416840,-0.725853,-0.557325
-0.086541,0.266675,0.200611,-0.254529,-0.767975,-0.935795,-0.579480
0.109606,0.707422,0.834828,0.428718,-0.202264,-0.592103,-0.466572
0.064132,0.609512,0.767983,0.422938,-0.164137,-0.546608,-0.436245
0.092121,0.671312,0.883784,0.564886,-0.045132,-0.488439,-0.445201
0.042044,0.618584,0.852851,0.555552,-0.052591,-0.509665,-0.490808
-0.043339,0.473293,0.654081,0.346790,-0.213608,-0.589165,-0.494408
-0.002979,0.524975,0.689632,0.353657,-0.235161,-0.631073,-0.540848
-0.036324,0.516335,0.704491,0.377151,-0.223625,-0.641151,-0.576248
-0.111458,0.376450,0.503395,0.162308,-0.386627,-0.713692,-0.565002
-0.053329,0.436104,0.534279,0.155884,-0.420235,-0.755692,-0.599686
-0.085632,0.385651,0.454132,0.059021,-0.508270,-0.811508,-0.601105
0.020538,0.664841,0.902756,0.569016,-0.082062,-0.567993,-0.564072
-0.137238,0.333572,0.459213,0.122696,-0.418777,-0.738434,-0.591202
-0.135651,0.216141,0.154541,-0.298126,-0.814972,-0.991028,-0.654587
-0.027191,0.443130,0.429596,-0.046783,-0.637939,-0.901321,-0.632889
-0.008392,0.559616,0.700470,0.338959,-0.239029,-0.586121,-0.434830
0.123344,0.709610,0.911507,0.578217,-0.038246,-0.477203,-0.424774
0.071579,0.655182,0.892540,0.595367,-0.012665,-0.470604,-0.447723
0.023247,0.594414,0.833122,0.546089,-0.049927,-0.499870,-0.482742
-0.049675,0.439987,0.590157,0.263275,-0.297966,-0.656776,-0.538574
-0.035622,0.476410,0.608696,0.250420,-0.335091,-0.700363,-0.564133
-0.000366,0.616852,0.856277,0.541626,-0.090561,-0.563629,-0.552795
-0.121078,0.360413,0.497620,0.171585,-0.369278,-0.696167,-0.552185
-0.055908,0.405548,0.473099,0.081955,-0.483383,-0.789566,-0.585022
0.027908,0.666473,0.900681,0.566193,-0.082703,-0.566467,-0.548676
-0.065140,0.524338,0.779266,0.505371,-0.080551,-0.522446,-0.515884
-0.144058,0.218521,0.231079,-0.155930,-0.662415,-0.884888,-0.629608
-0.095322,0.289581,0.221695,-0.258682,-0.803970,-0.996506,-0.650009
0.046921,0.664246,0.810982,0.407433,-0.238586,-0.651131,-0.538330
0.008102,0.596413,0.806213,0.486626,-0.110382,-0.525162,-0.452682
0.055733,0.641525,0.876167,0.576309,-0.031448,-0.487160,-0.463058
0.008163,0.576645,0.812698,0.522057,-0.076553,-0.525162,-0.497910
-0.025513,0.545105,0.782310,0.497696,-0.089081,-0.526932,-0.502693
-0.071381,0.409721,0.549454,0.218094,-0.340736,-0.693237,-0.560974
-0.012840,0.586929,0.812973,0.492882,-0.135887,-0.600685,-0.573845
-0.089157,0.496590,0.746834,0.466354,-0.128036,-0.578308,-0.567352
-0.162849,0.267273,0.352615,0.000595,-0.526917,-0.812233,-0.615326
-0.067581,0.439034,0.534706,0.143105,-0.448074,-0.791603,-0.619179
-0.022446,0.614731,0.860260,0.541885,-0.093971,-0.570686,-0.554680
-0.076820,0.505081,0.752495,0.472145,-0.117249,-0.564514,-0.583786
-0.289314,-0.048271,-0.134613,-0.532654,-0.950409,-1.029251,-0.621857
0.069008,0.619774,0.682991,0.227951,-0.414375,-0.776360,-0.595856
0.012772,0.647095,0.878067,0.555035,-0.067863,-0.517094,-0.474838
0.007530,0.565571,0.778587,0.474895,-0.111256,-0.526997,-0.465229
0.031593,0.607855,0.835991,0.530668,-0.079565,-0.531870,-0.501448
-0.021034,0.557537,0.801638,0.517998,-0.076607,-0.524170,-0.502720
-0.050728,0.479176,0.673113,0.369085,-0.203709,-0.601316,-0.521572
-0.015718,0.562668,0.789005,0.481909,-0.129099,-0.582161,-0.551508
-0.070856,0.505028,0.745499,0.456316,-0.140842,-0.587994,-0.558317
-0.083513,0.491457,0.735909,0.457508,-0.129942,-0.574312,-0.568249
-0.197899,0.161289,0.166584,-0.226627,-0.735359,-0.952225,-0.660126
0.014168,0.677420,0.906778,0.552851,-0.116287,-0.610353,-0.592003
-0.100096,0.501591,0.768606,0.499863,-0.089745,-0.542116,-0.549847
-0.213673,0.080400,0.017284,-0.402679,-0.876366,-1.015514,-0.660076
-0.033369,0.423558,0.393826,-0.093701,-0.683208,-0.933244,-0.637887
0.019128,0.600804,0.723953,0.323406,-0.294237,-0.666935,-0.539059
-0.030430,0.479412,0.625156,0.304626,-0.231766,-0.557175,-0.401993
0.156136,0.753090,0.967522,0.631996,-0.006218,-0.474548,-0.444382
0.045532,0.634483,0.883972,0.597855,-0.002159,-0.456062,-0.433090
0.036995,0.610207,0.855827,0.580521,-0.005836,-0.452072,-0.432251
0.026909,0.580498,0.804733,0.509216,-0.083481,-0.520363,-0.482475
-0.004433,0.563004,0.793137,0.495651,-0.105827,-0.552383,-0.520164
-0.041878,0.533615,0.775642,0.492882,-0.098892,-0.545601,-0.519402
-0.051949,0.516708,0.760757,0.485863,-0.095192,-0.536156,-0.515007
-0.058426,0.489693,0.704613,0.398911,-0.204842,-0.646805,-0.604164
-0.112598,0.472149,0.717503,0.429253,-0.167950,-0.617096,-0.589390
-0.113605,0.462341,0.708740,0.433250,-0.152287,-0.595737,-0.591688
-0.231140,0.107594,0.091658,-0.310867,-0.810255,-1.003202,-0.684469
0.008410,0.679335,0.906530,0.548506,-0.124691,-0.619846,-0.600620
-0.108824,0.491779,0.758699,0.491817,-0.094969,-0.547475,-0.541665
-0.109068,0.412369,0.615504,0.324504,-0.240254,-0.636733,-0.560745
-0.059586,0.516108,0.739787,0.431038,-0.179644,-0.629448,-0.592628
-0.106837,0.476098,0.723558,0.441307,-0.150934,-0.597119,-0.570390
-0.100458,0.469689,0.715223,0.442781,-0.136810,-0.577299,-0.554693
-0.097639,0.451935,0.669273,0.366949,-0.231499,-0.668198,-0.622292
-0.132374,0.447815,0.688656,0.399849,-0.196930,-0.641743,-0.609741
-0.133606,0.441719,0.686531,0.409470,-0.174694,-0.615803,-0.592827
-0.144192,0.378494,0.564320,0.248360,-0.333305,-0.732849,-0.646210
-0.126671,0.466263,0.702148,0.399651,-0.210701,-0.662125,-0.629837
-0.146568,0.435822,0.684700,0.406784,-0.181145,-0.625015,-0.599892
-0.138382,0.417572,0.648064,0.370499,-0.201462,-0.624619,-0.584831
-0.114647,0.440117,0.655769,0.349823,-0.252213,-0.690506,-0.644226
-0.151985,0.432472,0.677536,0.392914,-0.199715,-0.644318,-0.615044
-0.140625,0.432014,0.678078,0.405190,-0.174843,-0.613808,-0.588715
-0.128212,0.423813,0.641624,0.338799,-0.259163,-0.694405,-0.647049
-0.154709,0.427879,0.670120,0.381737,-0.214630,-0.659027,-0.625633
-0.148117,0.428581,0.674751,0.399033,-0.184769,-0.624535,-0.602188
-0.158081,0.361099,0.552238,0.257179,-0.299881,-0.685783,-0.602249
-0.098480,0.471992,0.688545,0.373726,-0.241013,-0.690918,-0.649307
-0.154854,0.435692,0.687775,0.409126,-0.181488,-0.628014,-0.601608
-0.131027,0.441727,0.689850,0.419975,-0.158051,-0.597954,-0.574768
-0.115189,0.435921,0.653809,0.353001,-0.243938,-0.678165,-0.630783
-0.139404,0.444191,0.687428,0.401970,-0.191486,-0.634964,-0.603592
-0.128078,0.445648,0.692780,0.418995,-0.160942,-0.599823,-0.579525
-0.142330,0.363155,0.540733,0.240040,-0.312824,-0.685787,-0.588448
-0.074911,0.500351,0.716770,0.398878,-0.216955,-0.666973,-0.626453
-0.134060,0.456396,0.709358,0.432562,-0.156227,-0.600944,-0.583500
-0.155972,0.327248,0.476902,0.162228,-0.379090,-0.721071,-0.587164
-0.045211,0.545511,0.762590,0.438511,-0.185410,-0.639543,-0.599197
-0.106005,0.483286,0.734114,0.454222,-0.137638,-0.582470,-0.555378
-0.085093,0.485409,0.731285,0.459183,-0.119095,-0.556335,-0.531490
-0.073196,0.475647,0.691284,0.386292,-0.211872,-0.646339,-0.598225
-0.104168,0.479141,0.722088,0.435364,-0.159351,-0.603107,-0.572014
-0.096783,0.477634,0.722519,0.448463,-0.132736,-0.571892,-0.551865
-0.124718,0.360077,0.514214,0.202026,-0.341721,-0.691971,-0.568214
-0.036324,0.547356,0.764290,0.443001,-0.176208,-0.626640,-0.586548
-0.096527,0.489609,0.739273,0.460175,-0.127968,-0.571075,-0.548134
-0.101486,0.421173,0.614777,0.319214,-0.240303,-0.629631,-0.558273
-0.102722,0.367241,0.474457,0.110893,-0.455414,-0.786995,-0.617378
-0.030273,0.597366,0.839310,0.526176,-0.098625,-0.564384,-0.546318
-0.087898,0.452286,0.662270,0.374130,-0.187790,-0.585358,-0.523178
-0.075729,0.396942,0.522461,0.188751,-0.354843,-0.685394,-0.535294
0.019760,0.614685,0.831985,0.506180,-0.119461,-0.576294,-0.541550
-0.052963,0.532761,0.783936,0.510239,-0.074509,-0.517197,-0.500671
-0.074066,0.413101,0.570572,0.257751,-0.290527,-0.647217,-0.529861
-0.001389,0.580856,0.795395,0.473663,-0.145981,-0.595871,-0.556213
-0.065674,0.520020,0.767273,0.486755,-0.102798,-0.547287,-0.525742
-0.082428,0.431076,0.613647,0.312027,-0.245667,-0.625381,-0.543518
-0.082443,0.392990,0.511475,0.168854,-0.379654,-0.709244,-0.553268
0.008575,0.610214,0.832245,0.508179,-0.117706,-0.575729,-0.543167
-0.058670,0.524933,0.776947,0.504074,-0.078857,-0.521713,-0.507309
-0.081833,0.405212,0.565475,0.257385,-0.288147,-0.645081,-0.530869
-0.007477,0.569748,0.781250,0.460434,-0.157333,-0.605362,-0.565811
-0.076340,0.507294,0.755447,0.476822,-0.109894,-0.552567,-0.533096
-0.101608,0.392349,0.554596,0.243591,-0.307770,-0.668503,-0.562950
-0.080345,0.413483,0.542397,0.197388,-0.365204,-0.713615,-0.572403
-0.018341,0.583405,0.809448,0.490334,-0.134537,-0.594498,-0.567741
-0.100716,0.449944,0.664459,0.373009,-0.199043,-0.605690,-0.549538
-0.097336,0.388840,0.526764,0.197533,-0.353333,-0.696968,-0.558838
-0.009781,0.585045,0.806183,0.485146,-0.136742,-0.591805,-0.556290
-0.071793,0.510826,0.759926,0.483192,-0.101631,-0.544380,-0.525970
-0.088707,0.416840,0.594467,0.291870,-0.263870,-0.639687,-0.554947
-0.090034,0.391151,0.511436,0.164726,-0.394661,-0.734039,-0.585831
-0.031662,0.557495,0.767162,0.442570,-0.170139,-0.608284,-0.565773
-0.113407,0.377815,0.519764,0.190617,-0.359192,-0.700798,-0.570427
-0.078857,0.392609,0.481781,0.110107,-0.446667,-0.760983,-0.574268
0.018055,0.641098,0.870663,0.544285,-0.088764,-0.560745,-0.572277
-0.194942,0.237568,0.372147,0.091377,-0.384106,-0.668667,-0.549160
-0.153320,0.194984,0.221722,-0.111195,-0.557266,-0.743324,-0.470531
0.120148,0.643890,0.736977,0.327148,-0.290901,-0.662056,-0.512138
0.069099,0.701660,0.954315,0.652763,0.033554,-0.434494,-0.431412
-0.004463,0.489876,0.657364,0.353493,-0.191795,-0.552383,-0.451591
0.029205,0.525139,0.659042,0.314087,-0.256279,-0.619255,-0.495422
0.033607,0.600769,0.794495,0.467773,-0.133377,-0.553238,-0.494568
-0.037918,0.446785,0.576416,0.238953,-0.311287,-0.648445,-0.512695
-0.017761,0.452148,0.536835,0.161690,-0.396584,-0.709457,-0.534019
0.001221,0.499352,0.591492,0.202232,-0.377838,-0.706467,-0.529053
0.051117,0.646492,0.849609,0.517540,-0.093796,-0.523758,-0.473152
-0.016693,0.476624,0.619659,0.292542,-0.259163,-0.605606,-0.488831
-0.027336,0.391853,0.426300,0.029701,-0.511719,-0.779556,-0.548744
0.050163,0.626022,0.792221,0.436279,-0.171356,-0.579086,-0.523048
-0.110016,0.308052,0.399986,0.083794,-0.395538,-0.649727,-0.462051
0.035515,0.485558,0.558365,0.189026,-0.352760,-0.650276,-0.465492
0.071190,0.564880,0.649673,0.257034,-0.323463,-0.654472,-0.498962
0.017517,0.519501,0.646706,0.304886,-0.245781,-0.581413,-0.468590
-0.028595,0.386879,0.459633,0.123444,-0.368866,-0.619324,-0.402557
0.159950,0.688972,0.811699,0.432198,-0.176323,-0.562462,-0.444984
0.088470,0.660988,0.858063,0.531723,-0.066132,-0.483711,-0.421814
0.038986,0.530731,0.668304,0.332832,-0.223259,-0.572090,-0.445961
0.053101,0.550522,0.669296,0.308372,-0.268051,-0.621399,-0.490959
0.010437,0.494560,0.591370,0.215527,-0.356133,-0.687168,-0.518982
0.036419,0.588692,0.744236,0.389454,-0.208237,-0.597317,-0.497402
-0.008671,0.480476,0.593014,0.232758,-0.332256,-0.666470,-0.525852
-0.067104,0.295668,0.247856,-0.197018,-0.717876,-0.907700,-0.579048
0.088484,0.678619,0.814043,0.419788,-0.203352,-0.593233,-0.483370
0.009352,0.500504,0.620882,0.275225,-0.272396,-0.596224,-0.435560
0.106514,0.653389,0.811380,0.459995,-0.143134,-0.544445,-0.448844
0.080522,0.679259,0.916959,0.611332,-0.008001,-0.476170,-0.466359
-0.032739,0.461380,0.617908,0.297328,-0.258651,-0.616155,-0.499598
-0.001215,0.507263,0.638952,0.283991,-0.297268,-0.662231,-0.543297
-0.052319,0.417583,0.499344,0.117390,-0.446640,-0.759361,-0.571060
-0.006466,0.536373,0.673782,0.308857,-0.278366,-0.642410,-0.516708
-0.011215,0.484779,0.594337,0.225266,-0.347496,-0.686462,-0.537857
-0.029198,0.440636,0.510612,0.117950,-0.448868,-0.755569,-0.550560
0.065750,0.705711,0.944214,0.619850,-0.016098,-0.489006,-0.479988
-0.060822,0.401405,0.521454,0.185249,-0.354942,-0.676277,-0.541451
-0.105042,0.227791,0.156174,-0.293709,-0.800964,-0.975349,-0.682167
-0.172806,0.147354,0.038788,-0.414497,-0.877251,-0.979195,-0.613266
-0.011330,0.446434,0.486870,0.107918,-0.397476,-0.623779,-0.359634
0.262497,0.853516,1.021049,0.646851,0.005463,-0.434753,-0.367950
0.139702,0.717892,0.940105,0.633781,0.029381,-0.413258,-0.374252
0.107811,0.682137,0.918110,0.630302,0.039364,-0.403606,-0.384464
0.041790,0.519810,0.660374,0.332764,-0.223351,-0.579048,-0.464607
0.025810,0.516632,0.630821,0.267311,-0.309723,-0.660728,-0.512344
0.054695,0.669273,0.903137,0.582977,-0.051735,-0.527321,-0.521919
-0.106331,0.345512,0.452362,0.111870,-0.416931,-0.713295,-0.538101
-0.026535,0.427628,0.473289,0.064354,-0.502968,-0.796471,-0.586205
-0.021317,0.487633,0.571930,0.169052,-0.424515,-0.757706,-0.569183
0.042496,0.689606,0.939102,0.624649,-0.006363,-0.480240,-0.481934
-0.095856,0.302338,0.352112,-0.014618,-0.530350,-0.788361,-0.598587
-0.154602,0.148651,0.049683,-0.397018,-0.866928,-0.977905,-0.571136
0.162079,0.801682,0.958740,0.543915,-0.133812,-0.591454,-0.540932
-0.094292,0.367805,0.477974,0.150543,-0.358498,-0.633339,-0.444633
0.055885,0.465889,0.458023,0.019485,-0.536140,-0.784851,-0.517502
0.099045,0.647453,0.750320,0.341393,-0.274788,-0.639206,-0.477745
0.118843,0.760742,1.011902,0.700073,0.070671,-0.402611,-0.398849
0.020958,0.490631,0.620987,0.288147,-0.260452,-0.595016,-0.448898
0.097321,0.672714,0.868736,0.532555,-0.088722,-0.530479,-0.476913
0.024483,0.615036,0.860268,0.568947,-0.037178,-0.495193,-0.486053
-0.065788,0.401421,0.528374,0.194122,-0.349998,-0.677177,-0.534477
-0.046310,0.393456,0.435593,0.030014,-0.529099,-0.812515,-0.579544
0.056656,0.705597,0.940300,0.600456,-0.056694,-0.545723,-0.531181
-0.048920,0.540276,0.793930,0.514877,-0.075188,-0.523125,-0.533310
-0.215187,0.054161,-0.021729,-0.433846,-0.885086,-1.001038,-0.625526
0.029839,0.534691,0.554382,0.084557,-0.533340,-0.844734,-0.610184
0.032471,0.670235,0.883118,0.536316,-0.098427,-0.545708,-0.493713
-0.014374,0.515266,0.687462,0.362862,-0.208832,-0.584839,-0.474907
0.058899,0.652275,0.879784,0.563087,-0.059395,-0.522865,-0.496666
-0.017517,0.561760,0.806557,0.520676,-0.076149,-0.525909,-0.502731
-0.034378,0.531265,0.766464,0.478897,-0.109833,-0.547653,-0.522415
-0.087173,0.398796,0.543350,0.211899,-0.350937,-0.709351,-0.580994
-0.033798,0.567963,0.797943,0.480789,-0.145081,-0.609924,-0.584122
-0.102386,0.481384,0.733597,0.457016,-0.133499,-0.582870,-0.572968
-0.167557,0.270294,0.364273,0.014954,-0.520630,-0.819794,-0.625870
-0.031281,0.589127,0.813171,0.478394,-0.165894,-0.640213,-0.614014
-0.125076,0.466858,0.722244,0.443939,-0.150238,-0.600296,-0.578384
-0.111282,0.454117,0.686157,0.394501,-0.201202,-0.653732,-0.696762
-0.460968,-0.284882,-0.400406,-0.768707,-1.114975,-1.118073,-0.683472
-0.046692,0.403625,0.391769,-0.056580,-0.616043,-0.870514,-0.639114
-0.097244,0.380127,0.476135,0.134659,-0.378525,-0.648674,-0.445564
0.095612,0.580063,0.647903,0.238457,-0.352829,-0.680855,-0.486244
0.128532,0.775761,1.020481,0.693474,0.045128,-0.441051,-0.427608
0.051598,0.639702,0.899096,0.627665,0.038303,-0.413845,-0.407700
0.004701,0.466069,0.588193,0.250128,-0.298755,-0.630666,-0.475076
0.090298,0.697371,0.922817,0.596262,-0.038927,-0.508152,-0.483758
-0.001505,0.583765,0.833526,0.551580,-0.042324,-0.493105,-0.470945
-0.004580,0.563972,0.806934,0.530954,-0.053131,-0.496134,-0.483845
-0.075109,0.370920,0.474930,0.123816,-0.426258,-0.748589,-0.574697
0.008823,0.629984,0.861589,0.537237,-0.097712,-0.568644,-0.544954
-0.062414,0.524126,0.779060,0.507134,-0.079768,-0.527511,-0.533584
-0.200654,0.087274,0.017091,-0.409877,-0.888547,-1.029703,-0.675275
-0.042730,0.432676,0.427114,-0.042328,-0.631502,-0.896841,-0.624464
0.007826,0.571838,0.687256,0.289795,-0.315014,-0.675976,-0.543301
-0.045547,0.442791,0.569176,0.244125,-0.277214,-0.578903,-0.403145
0.166580,0.764282,0.970665,0.625214,-0.020889,-0.492142,-0.460976
0.032867,0.627670,0.882957,0.601608,0.004372,-0.450699,-0.431808
0.033257,0.603447,0.849007,0.577545,-0.005005,-0.448441,-0.435616
-0.005844,0.490311,0.650810,0.323418,-0.252991,-0.634644,-0.528343
0.004807,0.603401,0.839012,0.532303,-0.084183,-0.543655,-0.518387
-0.042091,0.537277,0.786079,0.510025,-0.076080,-0.522057,-0.506851
-0.072762,0.433548,0.613876,0.315903,-0.237206,-0.613358,-0.523087
-0.018524,0.548813,0.758350,0.434612,-0.187019,-0.639862,-0.600189
-0.106686,0.484867,0.735981,0.454418,-0.141048,-0.591404,-0.567837
-0.098106,0.473793,0.720087,0.447420,-0.134346,-0.576015,-0.576064
-0.231298,0.076175,0.025359,-0.396090,-0.887849,-1.054670,-0.721762
-0.090027,0.412906,0.450246,0.008661,-0.583189,-0.883414,-0.682716
-0.145857,0.335340,0.425374,0.071161,-0.449749,-0.731461,-0.573965
-0.126804,0.263556,0.314377,-0.017151,-0.476509,-0.682575,-0.417908
0.206711,0.820713,1.016872,0.651516,-0.010403,-0.488548,-0.457367
0.039421,0.636162,0.894341,0.617805,0.024361,-0.427917,-0.414093
0.033264,0.568321,0.782005,0.499481,-0.065697,-0.475311,-0.423103
0.050560,0.601921,0.809296,0.494141,-0.115082,-0.557594,-0.514534
-0.024521,0.558670,0.801498,0.516594,-0.078293,-0.526123,-0.501045
-0.033730,0.533813,0.775780,0.501747,-0.078449,-0.518574,-0.496593
-0.039188,0.515606,0.749828,0.471054,-0.111885,-0.554722,-0.533466
-0.076778,0.475361,0.696215,0.398342,-0.196672,-0.633881,-0.592392
-0.109785,0.463157,0.701695,0.417442,-0.169943,-0.608384,-0.585697
-0.156879,0.322734,0.465887,0.145749,-0.398051,-0.738583,-0.613001
-0.122263,0.355223,0.445480,0.063169,-0.512928,-0.843451,-0.672781
-0.112944,0.450588,0.622187,0.282358,-0.308315,-0.704098,-0.643032
-0.223049,0.215588,0.337688,0.044563,-0.433395,-0.710632,-0.583864
-0.184727,0.161964,0.180271,-0.166853,-0.623085,-0.808456,-0.515449
0.137265,0.772280,0.981456,0.624121,-0.035710,-0.518611,-0.495071
-0.008781,0.581469,0.841045,0.572733,-0.010598,-0.457741,-0.446630
-0.010749,0.506114,0.701776,0.409215,-0.152219,-0.548348,-0.478862
0.009984,0.571512,0.784076,0.471143,-0.136855,-0.580101,-0.539719
-0.053335,0.526272,0.770428,0.489777,-0.098932,-0.542602,-0.526083
-0.103386,0.372108,0.515078,0.197680,-0.344388,-0.685165,-0.563742
-0.084944,0.368986,0.435903,0.043159,-0.523740,-0.830500,-0.623591
-0.005391,0.638415,0.880736,0.559189,-0.077867,-0.554795,-0.542910
-0.093552,0.435702,0.631932,0.338970,-0.217970,-0.600846,-0.526033
-0.072917,0.393650,0.506287,0.163718,-0.380826,-0.705496,-0.551508
-0.008219,0.559408,0.748720,0.412752,-0.197553,-0.629405,-0.598233
-0.176630,0.299743,0.470940,0.199095,-0.300765,-0.630000,-0.557696
-0.191046,0.157637,0.210143,-0.096261,-0.530712,-0.733575,-0.521390
-0.015165,0.466908,0.601736,0.285046,-0.249500,-0.581860,-0.441370
0.102200,0.691574,0.913155,0.596439,-0.020206,-0.483757,-0.495735
-0.124718,0.299572,0.429901,0.147846,-0.327950,-0.613800,-0.497536
-0.105888,0.240208,0.267673,-0.064526,-0.509895,-0.699165,-0.422729
0.205734,0.816704,1.008896,0.641556,-0.021355,-0.500473,-0.472214
0.008987,0.579544,0.810814,0.527161,-0.048912,-0.470299,-0.431709
0.004051,0.479782,0.616127,0.291176,-0.254486,-0.595901,-0.461456
0.080032,0.666367,0.879089,0.551643,-0.073677,-0.529205,-0.494171
-0.008209,0.574875,0.824425,0.548134,-0.038216,-0.482491,-0.469505
-0.051292,0.420723,0.563164,0.244263,-0.297348,-0.640610,-0.520676
-0.042389,0.422752,0.511513,0.144302,-0.412933,-0.730644,-0.558037
0.002724,0.569107,0.739609,0.385979,-0.227180,-0.646217,-0.592590
-0.161430,0.294136,0.420303,0.113617,-0.386574,-0.682922,-0.558495
-0.142151,0.232330,0.277184,-0.053421,-0.512825,-0.720886,-0.459167
0.163506,0.775589,0.973770,0.614319,-0.039787,-0.512131,-0.480087
0.010719,0.598602,0.850952,0.575478,-0.011040,-0.460373,-0.466072
-0.079079,0.364944,0.504074,0.210220,-0.295830,-0.605804,-0.466568
0.032799,0.529549,0.651566,0.292877,-0.287189,-0.651955,-0.522076
0.027592,0.629852,0.860306,0.546535,-0.075001,-0.536552,-0.518223
-0.074200,0.434139,0.606712,0.297153,-0.256699,-0.624786,-0.527504
-0.054077,0.424797,0.536934,0.184093,-0.374535,-0.708279,-0.550583
0.017860,0.627010,0.852573,0.531025,-0.094307,-0.553759,-0.530416
-0.077518,0.442545,0.624784,0.318936,-0.240026,-0.618067,-0.532600
-0.068928,0.404192,0.516486,0.167715,-0.383951,-0.712747,-0.570660
-0.090917,0.333678,0.362743,-0.043083,-0.586797,-0.852020,-0.621528
-0.041485,0.495182,0.622577,0.254573,-0.330812,-0.693027,-0.590893
-0.149758,0.272722,0.355366,0.029975,-0.452605,-0.698289,-0.496310
0.018352,0.477530,0.550608,0.175668,-0.373608,-0.674648,-0.481627
0.092520,0.663361,0.831427,0.476349,-0.133371,-0.543167,-0.472576
-0.018768,0.443590,0.553028,0.212166,-0.318974,-0.626469,-0.481842
-0.014240,0.411980,0.472919,0.111355,-0.404148,-0.665863,-0.453407
0.095070,0.582859,0.655949,0.254639,-0.327614,-0.652546,-0.472466
0.087887,0.632362,0.770401,0.402184,-0.198082,-0.576042,-0.461212
0.036438,0.524651,0.629417,0.266342,-0.292686,-0.616089,-0.455002
0.064056,0.549072,0.636017,0.251373,-0.320229,-0.645355,-0.468391
0.097656,0.665359,0.835197,0.485771,-0.118340,-0.521606,-0.437714
0.036102,0.521210,0.638535,0.288864,-0.264687,-0.595367,-0.451256
0.042191,0.496941,0.557823,0.164932,-0.393333,-0.692543,-0.508446
-0.020287,0.349159,0.291351,-0.166359,-0.693108,-0.887802,-0.590340
0.000389,0.495880,0.577591,0.206322,-0.333466,-0.626083,-0.463783
0.002762,0.417198,0.475250,0.130348,-0.357903,-0.592613,-0.359276
0.198158,0.687965,0.758163,0.348114,-0.245743,-0.583160,-0.412521
0.137466,0.665817,0.788849,0.416504,-0.170288,-0.529037,-0.412750
0.048248,0.477676,0.540817,0.180435,-0.331940,-0.591553,-0.373123
0.188110,0.699265,0.797424,0.404358,-0.193207,-0.551880,-0.412079
0.104446,0.602554,0.705399,0.327713,-0.251648,-0.591324,-0.431702
0.110321,0.644440,0.781006,0.417191,-0.173843,-0.545578,-0.426529
0.079178,0.583191,0.704590,0.342346,-0.232460,-0.583229,-0.446342
0.057533,0.537270,0.624847,0.241806,-0.330162,-0.654671,-0.477089
0.088593,0.653000,0.818604,0.466942,-0.133537,-0.527336,-0.436012
0.044189,0.532700,0.650452,0.294373,-0.269432,-0.610275,-0.478188
-0.016174,0.373253,0.362591,-0.063068,-0.595184,-0.822548,-0.551617
0.009895,0.427605,0.385380,-0.089134,-0.652073,-0.882629,-0.605083
-0.014549,0.484653,0.566139,0.192696,-0.343388,-0.619637,-0.406940
0.152508,0.660923,0.750534,0.350933,-0.245270,-0.592823,-0.441998
0.066891,0.526203,0.578896,0.175941,-0.387424,-0.678005,-0.463879
0.109692,0.635040,0.738503,0.349695,-0.239716,-0.584448,-0.428875
0.103271,0.616873,0.731157,0.356007,-0.229637,-0.582361,-0.440565
0.078910,0.586793,0.701278,0.329259,-0.253279,-0.604874,-0.453166
0.120076,0.737870,0.971982,0.648144,0.009783,-0.469431,-0.461775
-0.027361,0.466568,0.620953,0.301178,-0.247168,-0.594177,-0.473087
0.010250,0.476479,0.558495,0.177761,-0.390930,-0.713158,-0.539162
0.015152,0.558548,0.700409,0.332085,-0.272194,-0.658989,-0.538246
0.016037,0.632645,0.878296,0.575661,-0.037766,-0.498123,-0.494240
-0.104576,0.297157,0.353394,-0.012817,-0.532898,-0.797180,-0.591156
-0.095901,0.267883,0.197647,-0.272369,-0.806427,-0.991714,-0.645874
0.041641,0.642792,0.772522,0.359955,-0.287201,-0.691086,-0.570663
-0.040131,0.500198,0.649796,0.300858,-0.275421,-0.632523,-0.502869
0.002625,0.495697,0.599426,0.225555,-0.350021,-0.688828,-0.522491
0.061340,0.684769,0.917618,0.591568,-0.049942,-0.527390,-0.516037
-0.073044,0.435226,0.601898,0.287445,-0.264404,-0.621719,-0.509857
-0.024933,0.458511,0.566376,0.200516,-0.371017,-0.712662,-0.563782
-0.033371,0.491241,0.623276,0.255005,-0.341400,-0.713547,-0.578293
-0.011566,0.610550,0.855774,0.545914,-0.082504,-0.554764,-0.551941
-0.145721,0.287079,0.373093,0.018829,-0.512863,-0.799408,-0.607605
-0.084473,0.365540,0.397339,-0.023376,-0.588684,-0.866501,-0.620178
0.033173,0.696182,0.938965,0.600281,-0.061569,-0.556229,-0.559952
-0.151459,0.283600,0.368942,0.018875,-0.498886,-0.770645,-0.581787
-0.114288,0.224915,0.144989,-0.314117,-0.821716,-0.976898,-0.614899
0.054443,0.592651,0.646378,0.194626,-0.430756,-0.766190,-0.557434
0.080170,0.743195,0.996719,0.676498,0.034882,-0.446579,-0.447021
-0.035294,0.410782,0.509949,0.158905,-0.380356,-0.683197,-0.498795
0.054123,0.588303,0.718109,0.341736,-0.263672,-0.641830,-0.507645
0.060928,0.687775,0.935760,0.627609,-0.000076,-0.475540,-0.469055
-0.034836,0.463791,0.622849,0.304749,-0.248764,-0.602844,-0.485825
0.009094,0.507309,0.625900,0.259918,-0.321510,-0.676880,-0.529884
0.039688,0.658730,0.897026,0.580269,-0.051056,-0.525246,-0.506752
-0.030334,0.553062,0.806831,0.533752,-0.054306,-0.504173,-0.504539
-0.137634,0.225929,0.239471,-0.149498,-0.660866,-0.888168,-0.609360
0.053719,0.709763,0.936852,0.583595,-0.085854,-0.580231,-0.562195
-0.071579,0.527840,0.791634,0.518723,-0.075996,-0.530510,-0.536461
-0.188751,0.128464,0.091202,-0.317810,-0.801155,-0.972351,-0.686760
-0.175163,0.159920,0.068092,-0.386192,-0.866539,-0.983971,-0.577721
0.170609,0.837860,1.024284,0.626816,-0.056179,-0.535664,-0.502872
-0.021091,0.551025,0.800449,0.543568,-0.008900,-0.417652,-0.380222
0.030943,0.454952,0.525412,0.153742,-0.394245,-0.693027,-0.491906
0.113703,0.743061,0.973005,0.639178,-0.007126,-0.488348,-0.469007
0.013118,0.601191,0.856653,0.582310,-0.007976,-0.459081,-0.453848
-0.049181,0.390861,0.488934,0.138773,-0.402548,-0.711325,-0.527918
0.060144,0.677985,0.901407,0.566990,-0.076960,-0.550954,-0.525420
-0.038126,0.553123,0.807835,0.529824,-0.063110,-0.513902,-0.494679
-0.031221,0.535431,0.778469,0.503544,-0.079493,-0.522428,-0.510067
-0.095399,0.363349,0.480938,0.135468,-0.423666,-0.760833,-0.603594
-0.029732,0.587723,0.822497,0.503244,-0.126645,-0.595490,-0.571680
-0.089996,0.494726,0.747862,0.473181,-0.115469,-0.573725,-0.633179
-0.415627,-0.255661,-0.381300,-0.752802,-1.095407,-1.089016,-0.632322
0.053694,0.576212,0.625121,0.184231,-0.428442,-0.768854,-0.604088
-0.056946,0.512552,0.726186,0.443618,-0.107920,-0.500109,-0.469694
-0.087925,0.334316,0.469448,0.193121,-0.279934,-0.555267,-0.379757
0.174088,0.753124,0.948830,0.603539,-0.035564,-0.498901,-0.463795
0.029072,0.618996,0.870430,0.588188,-0.007973,-0.460991,-0.441055
0.022125,0.589470,0.833183,0.560875,-0.019577,-0.461914,-0.450920
-0.040543,0.416870,0.534103,0.188274,-0.371223,-0.709732,-0.554810
0.014797,0.629005,0.860554,0.541031,-0.089130,-0.556297,-0.530834
-0.049469,0.533955,0.786770,0.511772,-0.076221,-0.523094,-0.506821
-0.065819,0.449295,0.629559,0.311008,-0.269325,-0.665611,-0.580635
-0.080334,0.468143,0.653149,0.323666,-0.271412,-0.677420,-0.590359
-0.065527,0.536552,0.783443,0.490850,-0.114573,-0.570896,-0.552261
-0.088402,0.470844,0.704600,0.428302,-0.144366,-0.572134,-0.541808
-0.106402,0.380706,0.522489,0.182430,-0.390880,-0.757724,-0.629892
-0.076375,0.534600,0.774680,0.467528,-0.151342,-0.612194,-0.590230
-0.118182,0.456018,0.703619,0.433226,-0.145311,-0.589636,-0.601103
-0.219797,0.243998,0.425200,0.161324,-0.345284,-0.680222,-0.559849
-0.039124,0.536423,0.749210,0.430645,-0.185856,-0.636547,-0.599625
-0.112755,0.470272,0.719780,0.440533,-0.148731,-0.593918,-0.574017
-0.126472,0.401966,0.604225,0.314316,-0.245457,-0.640900,-0.570724
-0.079224,0.483971,0.697220,0.381077,-0.233021,-0.682297,-0.640060
-0.145962,0.444229,0.695957,0.415005,-0.177891,-0.626678,-0.601547
-0.130264,0.442200,0.691017,0.419876,-0.159401,-0.599571,-0.588371
-0.188507,0.237030,0.317818,-0.045532,-0.588173,-0.883583,-0.679100
-0.069145,0.568451,0.806580,0.481873,-0.155380,-0.628578,-0.607132
-0.124847,0.462418,0.720039,0.450783,-0.132484,-0.576622,-0.562515
-0.136345,0.352371,0.513317,0.205925,-0.337952,-0.694191,-0.577347
-0.051327,0.529469,0.744530,0.421379,-0.201614,-0.656784,-0.618439
-0.126247,0.464985,0.718716,0.440723,-0.150227,-0.600990,-0.598331
-0.196190,0.263832,0.413952,0.120251,-0.390511,-0.708073,-0.560711
-0.018131,0.564423,0.771454,0.438389,-0.189548,-0.644733,-0.601524
-0.105492,0.486612,0.737299,0.455311,-0.138624,-0.585514,-0.560459
-0.095119,0.463642,0.694963,0.416256,-0.157820,-0.582100,-0.551244
-0.124103,0.339195,0.453485,0.101819,-0.459542,-0.794027,-0.630221
-0.049847,0.573087,0.811339,0.496512,-0.130945,-0.597379,-0.573136
-0.091995,0.491210,0.745774,0.474463,-0.108896,-0.552146,-0.536185
-0.104275,0.394020,0.565439,0.261576,-0.287600,-0.654961,-0.552069
-0.041830,0.517466,0.714153,0.386477,-0.223423,-0.656820,-0.611549
-0.141796,0.410603,0.640511,0.370174,-0.185833,-0.597084,-0.587502
-0.225376,0.180351,0.305004,0.035892,-0.419243,-0.686565,-0.566578
-0.188808,0.133778,0.136021,-0.212372,-0.656174,-0.822395,-0.513336
0.137703,0.746643,0.922180,0.547142,-0.102875,-0.552605,-0.497169
-0.005638,0.546837,0.746529,0.444283,-0.124802,-0.524612,-0.486130
-0.099274,0.298706,0.382446,0.069870,-0.400986,-0.643860,-0.422516
0.168961,0.766724,0.963394,0.611252,-0.034637,-0.499817,-0.464584
0.029388,0.620392,0.873886,0.596619,0.007324,-0.439865,-0.426834
0.003113,0.499451,0.667953,0.364090,-0.185089,-0.551483,-0.459381
0.000122,0.456390,0.539307,0.158478,-0.408356,-0.728729,-0.542160
0.057816,0.692352,0.934265,0.618164,-0.011551,-0.484146,-0.473831
-0.026031,0.500671,0.698288,0.407654,-0.147964,-0.534424,-0.464142
-0.016510,0.447540,0.560623,0.220428,-0.322754,-0.654861,-0.536575
-0.071625,0.399826,0.530975,0.211624,-0.318710,-0.647858,-0.545197
-0.114288,0.318558,0.436859,0.142883,-0.336899,-0.617920,-0.500778
-0.114120,0.228989,0.263275,-0.055344,-0.487259,-0.676865,-0.442764
0.088089,0.589661,0.730133,0.401428,-0.153824,-0.507690,-0.383636
0.145584,0.720734,0.927246,0.608292,0.002106,-0.436417,-0.402130
0.037186,0.515442,0.651382,0.324051,-0.221039,-0.558975,-0.431808
0.049713,0.508286,0.589539,0.220749,-0.327332,-0.634018,-0.448563
0.135666,0.745789,0.962524,0.627335,-0.009583,-0.475632,-0.451996
0.007996,0.544861,0.745667,0.448441,-0.116638,-0.510544,-0.445679
0.002441,0.470886,0.588303,0.248505,-0.298187,-0.627930,-0.489731
-0.004074,0.442963,0.495224,0.092834,-0.470932,-0.765808,-0.548111
0.070999,0.704941,0.933594,0.604340,-0.028625,-0.493713,-0.475952
-0.039337,0.448959,0.598740,0.281250,-0.261902,-0.606705,-0.487320
-0.007614,0.460861,0.553894,0.187012,-0.371857,-0.703888,-0.574768
-0.102020,0.371307,0.500427,0.185898,-0.330864,-0.646568,-0.542305
-0.139099,0.237984,0.300064,-0.015427,-0.468651,-0.693062,-0.514931
-0.091270,0.254311,0.265648,-0.077660,-0.521324,-0.695244,-0.400665
0.241867,0.857986,1.048424,0.678375,0.014725,-0.463173,-0.437622
0.031128,0.572739,0.773376,0.474998,-0.091240,-0.485291,-0.419624
0.028320,0.492683,0.603111,0.259323,-0.287422,-0.613312,-0.467377
0.041550,0.534103,0.641212,0.273621,-0.301590,-0.647873,-0.495781
0.071014,0.681450,0.912193,0.595760,-0.025490,-0.485786,-0.469151
-0.031696,0.468170,0.632351,0.321301,-0.230122,-0.591900,-0.493256
-0.025322,0.442251,0.542206,0.182180,-0.375756,-0.702956,-0.558311
-0.086777,0.307222,0.294256,-0.134651,-0.665091,-0.883945,-0.590901
0.052095,0.633548,0.772094,0.384845,-0.238184,-0.633808,-0.527676
-0.031809,0.460512,0.574244,0.217123,-0.338917,-0.665220,-0.510900
-0.004402,0.464272,0.535042,0.145123,-0.420948,-0.729832,-0.533829
0.057926,0.658916,0.858810,0.519638,-0.098740,-0.536652,-0.506618
-0.091038,0.356895,0.480370,0.171978,-0.331863,-0.625000,-0.462238
0.048714,0.535465,0.632919,0.253807,-0.326965,-0.673866,-0.518471
0.053551,0.668190,0.901138,0.583977,-0.038971,-0.499977,-0.483070
-0.040451,0.466484,0.638641,0.328659,-0.227562,-0.598984,-0.505981
-0.036804,0.441765,0.555550,0.202393,-0.358513,-0.697441,-0.557579
-0.054657,0.425125,0.515694,0.138565,-0.430450,-0.755928,-0.583206
-0.025253,0.528595,0.684723,0.331497,-0.263657,-0.647293,-0.543915
-0.057617,0.430115,0.541245,0.184494,-0.373138,-0.701004,-0.553131
-0.071548,0.345108,0.358475,-0.057037,-0.600586,-0.850006,-0.589218
0.037445,0.627121,0.786530,0.414078,-0.205032,-0.609467,-0.516968
-0.028732,0.466751,0.591446,0.244186,-0.310852,-0.643997,-0.499390
0.011169,0.502411,0.605301,0.233536,-0.340942,-0.682571,-0.547348
-0.076355,0.338577,0.365891,-0.028976,-0.555984,-0.806610,-0.580200
-0.032547,0.461288,0.561874,0.201492,-0.347031,-0.660019,-0.509117
-0.022606,0.432129,0.521309,0.172104,-0.352654,-0.638191,-0.446411
0.102081,0.621132,0.735939,0.355446,-0.242332,-0.610001,-0.474220
0.070541,0.639618,0.825478,0.491928,-0.105247,-0.511406,-0.436241
0.032837,0.523018,0.650238,0.308434,-0.249054,-0.590469,-0.457001
0.037621,0.512100,0.601303,0.224762,-0.341736,-0.665703,-0.506142
-0.004219,0.436493,0.469788,0.058372,-0.495781,-0.768433,-0.534569
0.053684,0.585773,0.689091,0.295265,-0.301064,-0.649712,-0.498985
0.009815,0.469044,0.522644,0.122551,-0.433090,-0.719917,-0.531361
-0.058311,0.283470,0.209982,-0.238846,-0.735296,-0.882374,-0.511374
0.183463,0.771342,0.883032,0.463296,-0.170452,-0.557175,-0.442235
0.045745,0.529263,0.649885,0.316185,-0.213737,-0.520037,-0.354710
0.171465,0.677185,0.789511,0.414364,-0.176170,-0.537651,-0.404537
0.118046,0.645603,0.787384,0.428734,-0.164017,-0.550156,-0.469791
-0.039509,0.380016,0.457764,0.121643,-0.371582,-0.620987,-0.399269
0.165207,0.686420,0.794563,0.403553,-0.202694,-0.575840,-0.446465
0.069492,0.577797,0.694653,0.325958,-0.254257,-0.602577,-0.455433
0.073246,0.589272,0.713779,0.350716,-0.223930,-0.569664,-0.430710
0.078136,0.565723,0.662052,0.284744,-0.288380,-0.620872,-0.467815
0.030598,0.470737,0.504448,0.093437,-0.461296,-0.735500,-0.492443
0.150810,0.802818,1.037617,0.694920,0.033958,-0.460815,-0.462723
-0.039738,0.427242,0.549076,0.216587,-0.317001,-0.626915,-0.472971
-0.006882,0.370966,0.339058,-0.102766,-0.636242,-0.850298,-0.560318
0.020069,0.452574,0.416216,-0.061277,-0.633036,-0.865492,-0.560537
0.097185,0.672716,0.788786,0.385124,-0.227802,-0.594862,-0.471174
-0.000891,0.427990,0.482773,0.112179,-0.402512,-0.660484,-0.473621
-0.035465,0.265888,0.176750,-0.257305,-0.718605,-0.832809,-0.437057
0.282295,0.912029,1.064194,0.650356,-0.027382,-0.481152,-0.413128
0.076214,0.588417,0.724762,0.375381,-0.193527,-0.539436,-0.398705
0.113846,0.608025,0.708931,0.330292,-0.250015,-0.588661,-0.421196
0.165707,0.791164,1.027008,0.700966,0.058464,-0.423885,-0.422272
-0.005573,0.452248,0.565971,0.228378,-0.304409,-0.610607,-0.445164
0.066490,0.532444,0.597582,0.198166,-0.376343,-0.690666,-0.500063
0.072666,0.629412,0.777658,0.406854,-0.207696,-0.605664,-0.494048
0.057054,0.674404,0.922733,0.619826,-0.002674,-0.473980,-0.478022
-0.096210,0.293846,0.335571,-0.037199,-0.547184,-0.786804,-0.555370
-0.040806,0.330395,0.257725,-0.222527,-0.762810,-0.951363,-0.599964
0.117455,0.776550,0.969543,0.583485,-0.090157,-0.559387,-0.513508
-0.044144,0.458054,0.595242,0.254528,-0.298935,-0.633438,-0.500916
-0.036522,0.374809,0.400490,0.002052,-0.528496,-0.775795,-0.513885
0.136337,0.784508,1.009651,0.658363,-0.008179,-0.502609,-0.487572
-0.002869,0.589714,0.847687,0.571938,-0.022675,-0.477089,-0.472206
-0.062996,0.388390,0.498672,0.152802,-0.395996,-0.719986,-0.554588
0.008797,0.593414,0.786850,0.443237,-0.182449,-0.623688,-0.561768
-0.049164,0.551529,0.802917,0.512817,-0.095016,-0.554718,-0.549194
-0.142273,0.297104,0.391586,0.044724,-0.485519,-0.779388,-0.598770
-0.085724,0.361115,0.395615,-0.020447,-0.585052,-0.865112,-0.624924
0.019440,0.674500,0.912354,0.571716,-0.086197,-0.576965,-0.563171
-0.080658,0.511719,0.773407,0.503296,-0.084732,-0.536514,-0.546600
-0.213745,0.077057,0.009720,-0.413452,-0.892273,-1.037476,-0.676331
-0.000977,0.562729,0.651474,0.215881,-0.421814,-0.792892,-0.623352
-0.010925,0.649612,0.915359,0.608215,-0.027267,-0.512405,-0.514511
-0.082947,0.416962,0.579239,0.263382,-0.290833,-0.647568,-0.522430
0.016678,0.611404,0.835388,0.515198,-0.109756,-0.572754,-0.545090
-0.063507,0.519165,0.764404,0.479935,-0.116455,-0.565781,-0.541183
-0.071426,0.495621,0.731247,0.445068,-0.144226,-0.582596,-0.561813
-0.154404,0.271759,0.349258,-0.011490,-0.545700,-0.833755,-0.625870
-0.019409,0.609848,0.837738,0.502899,-0.143433,-0.621719,-0.598480
-0.113449,0.478500,0.736847,0.463440,-0.126892,-0.576080,-0.571838
-0.186707,0.211548,0.262375,-0.106247,-0.623825,-0.878769,-0.635162
-0.002075,0.635971,0.858917,0.513275,-0.142746,-0.625778,-0.602341
-0.111252,0.483765,0.743195,0.466934,-0.125214,-0.576218,-0.555222
-0.089035,0.473495,0.704651,0.414062,-0.179611,-0.618423,-0.603912
-0.240799,0.079956,0.037430,-0.378738,-0.866241,-1.030807,-0.684937
0.001648,0.616531,0.771591,0.377274,-0.271317,-0.695175,-0.596527
-0.048477,0.569763,0.823868,0.533554,-0.068665,-0.522781,-0.507828
-0.082794,0.390152,0.520813,0.184387,-0.369705,-0.706757,-0.554298
0.010918,0.620766,0.848984,0.526154,-0.104355,-0.570877,-0.542824
-0.058891,0.529030,0.783371,0.509888,-0.078560,-0.526855,-0.515900
-0.104576,0.347931,0.460312,0.117500,-0.427277,-0.745338,-0.574051
0.003960,0.617706,0.842941,0.513260,-0.124031,-0.593384,-0.565189
-0.076233,0.514717,0.769138,0.492798,-0.099453,-0.547607,-0.526745
-0.059700,0.507580,0.752216,0.479858,-0.101608,-0.542004,-0.523224
-0.083633,0.427151,0.602150,0.279366,-0.304188,-0.700722,-0.608177
-0.080841,0.519819,0.762377,0.462563,-0.148058,-0.605621,-0.579420
-0.100248,0.481010,0.731693,0.457514,-0.128683,-0.573767,-0.575245
-0.236778,0.056641,-0.009074,-0.433562,-0.908795,-1.048497,-0.681882
-0.005034,0.557234,0.642604,0.207566,-0.425678,-0.787452,-0.614552
-0.022240,0.586151,0.794369,0.463451,-0.145760,-0.569702,-0.501404
-0.011780,0.530994,0.722050,0.414185,-0.155586,-0.546295,-0.460701
0.048004,0.624329,0.841782,0.523911,-0.094841,-0.547775,-0.509178
-0.018715,0.568832,0.817924,0.535324,-0.059235,-0.508705,-0.484268
-0.016624,0.553200,0.797424,0.522697,-0.060150,-0.500938,-0.482559
-0.044342,0.463112,0.632858,0.308777,-0.270210,-0.658325,-0.559395
-0.030617,0.566574,0.802757,0.498589,-0.115387,-0.571396,-0.542679
-0.062981,0.516846,0.766098,0.488541,-0.099045,-0.543549,-0.526901
-0.101120,0.377411,0.515579,0.181702,-0.376678,-0.723862,-0.583389
-0.025162,0.581680,0.811798,0.492813,-0.134842,-0.598557,-0.568680
-0.082932,0.503845,0.756104,0.479568,-0.110924,-0.557327,-0.534729
-0.067924,0.500099,0.745483,0.474838,-0.102005,-0.540749,-0.528145
-0.118111,0.333122,0.442291,0.092384,-0.462341,-0.792206,-0.624802
-0.043793,0.578789,0.816696,0.500549,-0.127235,-0.594002,-0.571060
-0.092186,0.491699,0.745964,0.475334,-0.107353,-0.551895,-0.538185
-0.116318,0.358353,0.492706,0.153091,-0.410980,-0.766716,-0.646423
-0.138466,0.400032,0.582962,0.272926,-0.292137,-0.675232,-0.602577
-0.142807,0.376266,0.581955,0.314964,-0.214279,-0.591194,-0.559311
-0.198524,0.186333,0.291290,0.016327,-0.427017,-0.664101,-0.455566
0.115402,0.695778,0.883057,0.527481,-0.115952,-0.576736,-0.533218
-0.032990,0.562286,0.816116,0.535263,-0.058533,-0.509201,-0.490829
-0.044830,0.483047,0.684753,0.394272,-0.166077,-0.561127,-0.490585
0.001282,0.562866,0.773544,0.455795,-0.156952,-0.601990,-0.558487
-0.066071,0.519501,0.765671,0.480179,-0.114304,-0.561737,-0.535278
-0.064651,0.506195,0.749481,0.474808,-0.107971,-0.547722,-0.527321
-0.084175,0.437950,0.634926,0.342697,-0.219368,-0.614159,-0.543343
-0.050240,0.514549,0.729370,0.417702,-0.190010,-0.633942,-0.591293
-0.103645,0.479187,0.723610,0.441277,-0.149086,-0.593414,-0.568756
-0.110634,0.434135,0.650620,0.366013,-0.202187,-0.613800,-0.560623
-0.081093,0.478058,0.692184,0.381794,-0.223671,-0.664398,-0.618576
-0.126789,0.457207,0.701813,0.417713,-0.176353,-0.627274,-0.630623
-0.227596,0.266510,0.474815,0.229000,-0.276325,-0.637348,-0.606304
-0.266857,0.082222,0.151737,-0.137806,-0.568237,-0.771996,-0.527489
0.071312,0.664635,0.853024,0.491711,-0.161301,-0.629612,-0.591595
-0.094856,0.497948,0.751282,0.475819,-0.108723,-0.550217,-0.531540
-0.108654,0.365070,0.504337,0.185223,-0.354637,-0.691269,-0.552067
-0.005852,0.584206,0.798672,0.471992,-0.154507,-0.610226,-0.572430
-0.080791,0.505978,0.755280,0.474850,-0.116570,-0.561943,-0.540276
-0.090015,0.440136,0.643108,0.351948,-0.210049,-0.606724,-0.545582
-0.097221,0.378307,0.505688,0.171867,-0.377678,-0.716095,-0.572800
-0.020565,0.577408,0.799713,0.477879,-0.146755,-0.604527,-0.571701
-0.084988,0.499836,0.751116,0.476551,-0.109056,-0.552580,-0.537868
-0.113052,0.369423,0.521267,0.209730,-0.333370,-0.689817,-0.621031
-0.240280,0.119453,0.157524,-0.180752,-0.642866,-0.852617,-0.632589
-0.138105,0.287430,0.353565,0.012794,-0.477211,-0.731224,-0.563858
-0.130360,0.241581,0.282940,-0.045261,-0.493500,-0.698318,-0.496864
-0.055962,0.293030,0.293083,-0.072136,-0.529709,-0.703735,-0.393639
0.272079,0.911179,1.120468,0.758347,0.093750,-0.391953,-0.378021
0.085037,0.629807,0.841385,0.552841,-0.010483,-0.411438,-0.355545
0.084656,0.550125,0.670441,0.335449,-0.208450,-0.539337,-0.393494
0.154404,0.742187,0.952438,0.622528,-0.006226,-0.465179,-0.431580
0.052948,0.634613,0.881760,0.605042,0.018250,-0.427444,-0.413925
0.010666,0.499741,0.661026,0.352982,-0.195480,-0.559219,-0.462524
0.002518,0.465240,0.552597,0.175186,-0.395081,-0.721802,-0.542511
0.049301,0.679642,0.921310,0.606918,-0.019150,-0.489090,-0.480072
-0.041367,0.467545,0.646561,0.344330,-0.210052,-0.584549,-0.497528
-0.034271,0.437454,0.550308,0.203064,-0.349045,-0.680229,-0.526848
0.029510,0.623749,0.840401,0.515877,-0.106537,-0.567001,-0.571999
-0.191132,0.244888,0.387825,0.113380,-0.361702,-0.652702,-0.546410
-0.165619,0.174606,0.204086,-0.121223,-0.558784,-0.744217,-0.487411
0.063995,0.537109,0.597626,0.190704,-0.391243,-0.710983,-0.516953
0.090424,0.727394,0.970741,0.654106,0.023857,-0.450249,-0.440468
0.018509,0.575836,0.809624,0.532364,-0.041275,-0.470016,-0.443604
-0.007202,0.491615,0.659634,0.348480,-0.211842,-0.591228,-0.497337
0.014717,0.589474,0.808311,0.497681,-0.109993,-0.556824,-0.527813
-0.082972,0.419344,0.583025,0.267583,-0.289159,-0.653273,-0.551073
-0.078629,0.392443,0.493919,0.136385,-0.417122,-0.738950,-0.582141
-0.069254,0.405757,0.479884,0.085489,-0.484030,-0.795343,-0.594906
0.011019,0.637775,0.866133,0.540518,-0.085918,-0.546463,-0.524204
-0.081169,0.418377,0.581264,0.268948,-0.279816,-0.636028,-0.532833
-0.071129,0.372700,0.442303,0.064915,-0.485798,-0.790195,-0.623920
-0.117271,0.360355,0.467354,0.124084,-0.406498,-0.713425,-0.583843
-0.153603,0.236603,0.294106,-0.034702,-0.498199,-0.721062,-0.520878
-0.044125,0.365780,0.418373,0.066124,-0.431355,-0.681061,-0.484047
0.005184,0.415730,0.438671,0.046303,-0.472376,-0.715738,-0.488997
0.062897,0.579468,0.717211,0.381907,-0.172071,-0.524676,-0.446248
-0.054991,0.321958,0.387800,0.077982,-0.371597,-0.585569,-0.351210
0.195516,0.676673,0.744154,0.335320,-0.259285,-0.600372,-0.432396
0.132551,0.705009,0.881516,0.537716,-0.065720,-0.472225,-0.394482
0.074215,0.558151,0.676254,0.327358,-0.227386,-0.561211,-0.417294
0.086700,0.569481,0.662998,0.286812,-0.284225,-0.615631,-0.460514
0.046768,0.507416,0.564369,0.166618,-0.390614,-0.679028,-0.463726
0.125652,0.694984,0.855690,0.496246,-0.110970,-0.513401,-0.428684
0.044971,0.526016,0.638329,0.282722,-0.276711,-0.609310,-0.471989
-0.020416,0.338169,0.292057,-0.148205,-0.665482,-0.855667,-0.530315
0.132969,0.715954,0.842335,0.438137,-0.189972,-0.582825,-0.478840
-0.001709,0.468140,0.574245,0.233013,-0.293621,-0.589813,-0.416412
0.103123,0.591530,0.687691,0.310215,-0.266983,-0.617195,-0.522705
-0.138962,0.177822,0.160629,-0.196270,-0.619221,-0.755985,-0.473419
0.031246,0.411182,0.413563,0.035976,-0.441681,-0.635620,-0.353073
0.250183,0.779533,0.874245,0.466011,-0.150482,-0.524017,-0.390160
0.129257,0.640976,0.760231,0.393913,-0.186897,-0.538742,-0.391197
0.169121,0.765312,0.978989,0.656387,0.042686,-0.399399,-0.362778
0.091530,0.600273,0.764435,0.444557,-0.122467,-0.499722,-0.407635
0.069412,0.565533,0.695709,0.345097,-0.229904,-0.593563,-0.464558
0.083267,0.684666,0.912308,0.597692,-0.021755,-0.480271,-0.464801
-0.045105,0.411782,0.526543,0.189981,-0.347638,-0.665451,-0.515417
-0.026832,0.411398,0.452986,0.048811,-0.507931,-0.792908,-0.588833
-0.078918,0.312096,0.266872,-0.193016,-0.733635,-0.938156,-0.615273
0.051434,0.632942,0.753967,0.352287,-0.264526,-0.635433,-0.497974
0.027950,0.543213,0.665993,0.300247,-0.279007,-0.631248,-0.504585
-0.031349,0.394600,0.432808,0.038963,-0.496796,-0.757080,-0.509995
0.130424,0.775711,1.003860,0.663368,0.013382,-0.472466,-0.493843
-0.121399,0.303329,0.429214,0.140793,-0.338371,-0.611938,-0.439560
0.061394,0.518700,0.579178,0.180023,-0.396172,-0.716072,-0.537819
0.004120,0.506927,0.599792,0.207344,-0.380775,-0.719322,-0.554665
-0.020332,0.477867,0.571060,0.190651,-0.375755,-0.688896,-0.506882
0.045624,0.570610,0.690323,0.312744,-0.282127,-0.644974,-0.508301
0.020752,0.553741,0.697037,0.338913,-0.254288,-0.631073,-0.507278
0.047119,0.659927,0.901794,0.597382,-0.015869,-0.475082,-0.467133
-0.060760,0.377075,0.471008,0.122620,-0.412079,-0.714279,-0.546814
-0.056595,0.355927,0.357407,-0.070877,-0.619263,-0.867615,-0.596008
0.047241,0.658249,0.831924,0.455078,-0.189896,-0.626801,-0.558640
-0.091614,0.378983,0.475113,0.114227,-0.425003,-0.727814,-0.597092
-0.221375,0.024979,-0.092255,-0.512115,-0.926117,-0.994385,-0.646851
-0.165680,0.072845,-0.097061,-0.547638,-0.949089,-0.958061,-0.487320
0.214554,0.736160,0.775352,0.334572,-0.257507,-0.561905,-0.356613
0.200378,0.704403,0.795513,0.408134,-0.168156,-0.495014,-0.333462
0.160650,0.573078,0.571495,0.140154,-0.408363,-0.651030,-0.374779
0.279865,0.907981,1.099558,0.729650,0.073948,-0.387302,-0.343304
0.123196,0.628384,0.774372,0.438442,-0.122025,-0.471302,-0.339779
0.174385,0.694569,0.830990,0.471897,-0.121288,-0.501034,-0.381142
0.164474,0.768555,1.001774,0.684856,0.054321,-0.418118,-0.400826
0.073399,0.648746,0.892574,0.609625,0.019598,-0.423443,-0.413155
-0.023993,0.375292,0.430053,0.061397,-0.463081,-0.731723,-0.516356
0.042825,0.550996,0.639403,0.237648,-0.362622,-0.712238,-0.542929
0.054604,0.693546,0.941784,0.625112,-0.012981,-0.495832,-0.508379
-0.155500,0.171721,0.142410,-0.260674,-0.740120,-0.905502,-0.593655
-0.027729,0.359207,0.277710,-0.216171,-0.765079,-0.951435,-0.603722
0.060246,0.592163,0.638664,0.184647,-0.430294,-0.749516,-0.533482
0.067383,0.633450,0.770424,0.390404,-0.212765,-0.589691,-0.508009
-0.119379,0.207129,0.187847,-0.181870,-0.624357,-0.763880,-0.419592
0.252671,0.857233,1.005950,0.601398,-0.064199,-0.511794,-0.433740
0.105581,0.726875,0.987893,0.699504,0.085517,-0.385180,-0.385701
0.033763,0.513844,0.658410,0.332806,-0.221320,-0.571135,-0.439154
0.104776,0.698410,0.918354,0.594156,-0.036737,-0.503666,-0.478947
0.001675,0.583374,0.829594,0.546097,-0.050323,-0.502617,-0.482929
-0.018040,0.549057,0.791550,0.516090,-0.067482,-0.511925,-0.504967
-0.112251,0.307159,0.381882,0.019341,-0.520561,-0.815216,-0.611938
-0.007111,0.621498,0.849739,0.515221,-0.131752,-0.610687,-0.590042
-0.104645,0.484726,0.741501,0.466522,-0.124374,-0.578033,-0.592880
-0.276443,-0.004868,-0.078522,-0.491348,-0.944275,-1.059906,-0.688004
-0.056686,0.394058,0.352356,-0.144104,-0.737564,-0.985657,-0.688370
-0.041138,0.514236,0.607437,0.191879,-0.413269,-0.752090,-0.570129
-0.004959,0.534515,0.655914,0.272202,-0.328751,-0.714218,-0.705429
-0.505203,-0.425873,-0.601105,-0.931870,-1.155960,-1.022362,-0.526550
0.041969,0.349426,0.237030,-0.200546,-0.649719,-0.759735,-0.435040
0.100628,0.495647,0.509052,0.145306,-0.320611,-0.507809,-0.226425
0.353206,0.826905,0.853768,0.404673,-0.203470,-0.524776,-0.308891
0.325966,0.984276,1.229202,0.894547,0.236649,-0.259026,-0.255020
0.217735,0.800400,1.056335,0.783401,0.193512,-0.261147,-0.261406
0.141685,0.588936,0.698021,0.350929,-0.200073,-0.528244,-0.367012
0.201004,0.807755,1.029938,0.699150,0.059753,-0.414635,-0.394394
0.085686,0.667816,0.917374,0.637177,0.042053,-0.410919,-0.394852
0.064491,0.627052,0.868950,0.594833,0.013565,-0.430565,-0.432098
-0.070274,0.286308,0.293884,-0.101967,-0.619194,-0.851330,-0.576332
0.083935,0.738163,0.966381,0.617172,-0.046322,-0.537735,-0.522629
-0.039804,0.551897,0.812916,0.543108,-0.044630,-0.495159,-0.486420
-0.055813,0.445090,0.609319,0.281722,-0.300738,-0.700100,-0.660162
-0.290409,0.074055,0.128542,-0.189560,-0.636562,-0.837200,-0.604240
-0.071556,0.417210,0.536217,0.200928,-0.338356,-0.669544,-0.562057
-0.124413,0.312187,0.429317,0.132233,-0.351616,-0.625916,-0.442535
0.119122,0.701015,0.894684,0.544456,-0.097580,-0.560890,-0.521828
-0.027000,0.562927,0.812424,0.527290,-0.070747,-0.522690,-0.501678
-0.035461,0.531960,0.772842,0.497726,-0.084518,-0.525696,-0.503777
-0.048386,0.498558,0.712303,0.407387,-0.192657,-0.630936,-0.588562
-0.102158,0.475540,0.711945,0.419708,-0.179489,-0.626694,-0.596100
-0.120377,0.453568,0.696991,0.417587,-0.169876,-0.613266,-0.589645
-0.132538,0.416107,0.641327,0.361450,-0.208878,-0.630417,-0.594894
-0.149445,0.352509,0.509979,0.176682,-0.407516,-0.793930,-0.688400
-0.149185,0.458389,0.704880,0.407990,-0.202667,-0.660233,-0.641861
-0.184097,0.359360,0.574554,0.289642,-0.274933,-0.679031,-0.625244
-0.178299,0.297806,0.416000,0.061371,-0.508789,-0.853943,-0.698730
-0.121979,0.501282,0.743774,0.431213,-0.193024,-0.664093,-0.664886
-0.239838,0.277100,0.492371,0.235901,-0.287811,-0.665070,-0.639404
-0.293549,0.062866,0.133789,-0.160202,-0.595047,-0.802200,-0.557144
0.044159,0.639969,0.829834,0.468048,-0.185425,-0.655182,-0.616638
-0.114471,0.485657,0.745255,0.470169,-0.122803,-0.573624,-0.557343
-0.111450,0.416336,0.618912,0.329330,-0.230133,-0.625259,-0.552826
-0.059097,0.506317,0.719803,0.405838,-0.205124,-0.649353,-0.605042
-0.113770,0.471649,0.718658,0.434967,-0.157715,-0.603348,-0.577057
-0.114410,0.439758,0.665543,0.385254,-0.186462,-0.605484,-0.568436
-0.137100,0.326447,0.440002,0.085663,-0.478348,-0.814484,-0.650345
-0.069641,0.554596,0.795120,0.481567,-0.145599,-0.611740,-0.587219
-0.107735,0.475777,0.730644,0.459633,-0.122444,-0.565399,-0.550117
-0.124741,0.361221,0.519455,0.209366,-0.334251,-0.687309,-0.568291
-0.039131,0.542809,0.759010,0.436981,-0.181976,-0.633141,-0.593765
-0.102509,0.483887,0.732826,0.453011,-0.136818,-0.580616,-0.557384
-0.103611,0.433922,0.644215,0.357372,-0.208157,-0.617119,-0.588661
-0.198071,0.214378,0.303688,-0.026808,-0.532017,-0.803038,-0.590996
0.009826,0.630549,0.855861,0.527228,-0.108055,-0.575410,-0.551105
-0.068932,0.516270,0.773786,0.508325,-0.070220,-0.512611,-0.500689
-0.074738,0.421555,0.593912,0.292929,-0.256325,-0.624744,-0.525841
-0.014671,0.557259,0.771347,0.454063,-0.158241,-0.603798,-0.563751
-0.075741,0.507431,0.754154,0.475067,-0.112091,-0.554222,-0.533249
-0.093437,0.418541,0.600586,0.299438,-0.255852,-0.634148,-0.553818
-0.108902,0.326103,0.388924,0.003845,-0.547630,-0.839111,-0.629761
-0.051125,0.497818,0.634445,0.265823,-0.328964,-0.696594,-0.567596
-0.047104,0.475464,0.616241,0.271271,-0.295212,-0.646515,-0.515976
-0.013519,0.482391,0.599686,0.246094,-0.312332,-0.648788,-0.518219
-0.021576,0.480301,0.621078,0.285858,-0.272903,-0.630219,-0.533997
-0.087982,0.369598,0.499710,0.200821,-0.295578,-0.595001,-0.485352
-0.090515,0.268524,0.314667,-0.002930,-0.444611,-0.644867,-0.415436
0.125397,0.644684,0.796844,0.467987,-0.100128,-0.472595,-0.362122
0.166351,0.756378,0.988373,0.685883,0.078430,-0.376038,-0.361450
0.071014,0.568878,0.735901,0.429657,-0.119995,-0.484894,-0.392303
0.068665,0.532227,0.634064,0.280792,-0.268555,-0.591125,-0.428284
0.137482,0.739044,0.956085,0.625122,-0.009552,-0.476318,-0.450470
0.024414,0.590668,0.822571,0.539520,-0.038849,-0.464508,-0.431122
0.005371,0.487640,0.632446,0.311981,-0.235107,-0.584778,-0.459503
0.074860,0.658051,0.872528,0.548767,-0.072876,-0.526733,-0.493927
-0.020935,0.534637,0.753052,0.463501,-0.110596,-0.526123,-0.480713
-0.042114,0.428619,0.555145,0.224365,-0.320190,-0.652710,-0.517273
-0.015778,0.476257,0.588715,0.227386,-0.342560,-0.687531,-0.536102
0.029083,0.637909,0.867065,0.547150,-0.080505,-0.546173,-0.524078
-0.058762,0.494110,0.712769,0.425400,-0.147491,-0.560822,-0.512299
-0.066666,0.418839,0.560989,0.234955,-0.317627,-0.667847,-0.538208
0.002441,0.592834,0.812515,0.491974,-0.126480,-0.581070,-0.549011
-0.075745,0.483047,0.707565,0.421143,-0.154724,-0.573944,-0.533188
-0.095261,0.385544,0.525970,0.202148,-0.345322,-0.691437,-0.570427
-0.082268,0.398514,0.503746,0.140175,-0.425179,-0.759720,-0.600861
-0.046867,0.522575,0.705879,0.364944,-0.241486,-0.656799,-0.585800
-0.114960,0.376976,0.507927,0.167877,-0.384918,-0.718735,-0.578697
-0.080475,0.385872,0.464111,0.083553,-0.475178,-0.781666,-0.585239
0.008900,0.619095,0.829094,0.492126,-0.132854,-0.578281,-0.536152
-0.078312,0.423214,0.576344,0.252399,-0.301044,-0.652122,-0.534077
-0.049839,0.425098,0.523567,0.161095,-0.395357,-0.716198,-0.554510
-0.030933,0.465406,0.565542,0.189093,-0.387075,-0.723547,-0.561718
-0.009682,0.545128,0.706116,0.354786,-0.243391,-0.635872,-0.540298
-0.055866,0.433915,0.550017,0.198180,-0.357506,-0.685407,-0.529741
-0.008229,0.492897,0.600699,0.228911,-0.348500,-0.691094,-0.531431
0.041892,0.651967,0.876489,0.555859,-0.061732,-0.511564,-0.482602
-0.038793,0.454681,0.604713,0.282580,-0.269076,-0.620342,-0.503461
-0.019408,0.455344,0.552646,0.186085,-0.375399,-0.702207,-0.545455
-0.035560,0.432574,0.501837,0.112384,-0.447358,-0.747038,-0.543868
0.040341,0.614326,0.780633,0.419913,-0.194413,-0.602904,-0.517339
-0.031110,0.471191,0.603600,0.258145,-0.303920,-0.646939,-0.518955
-0.060030,0.329284,0.320462,-0.101415,-0.630751,-0.853401,-0.564122
0.080998,0.671387,0.821713,0.438315,-0.186765,-0.591265,-0.511513
-0.058388,0.395490,0.500438,0.169780,-0.340501,-0.620483,-0.434926
0.091778,0.578500,0.662252,0.272484,-0.310055,-0.646992,-0.493452
0.001535,0.430479,0.449190,0.035046,-0.506182,-0.752352,-0.492252
0.115156,0.662310,0.776634,0.385891,-0.218140,-0.583221,-0.447811
0.066311,0.565964,0.677177,0.312668,-0.256573,-0.593033,-0.441959
0.080849,0.589108,0.705914,0.337173,-0.244072,-0.597313,-0.457008
0.075642,0.615135,0.765820,0.415012,-0.173866,-0.551289,-0.444710
0.041824,0.525860,0.632351,0.271954,-0.287346,-0.614929,-0.463840
0.036522,0.493248,0.550220,0.152485,-0.409607,-0.706738,-0.512768
0.006657,0.434422,0.437321,0.003597,-0.549210,-0.797081,-0.524990
0.109932,0.696068,0.843155,0.461426,-0.160053,-0.559032,-0.457218
0.029484,0.505875,0.598930,0.227180,-0.330662,-0.646057,-0.494606
-0.050518,0.280148,0.207363,-0.235886,-0.727783,-0.884026,-0.567028
0.013763,0.475967,0.529579,0.153915,-0.360924,-0.613190,-0.413841
0.076714,0.500282,0.554665,0.195389,-0.308098,-0.555962,-0.332733
0.210770,0.677994,0.722885,0.303383,-0.281281,-0.592979,-0.395889
0.171539,0.705437,0.822243,0.434929,-0.169624,-0.539131,-0.405182
0.111389,0.610535,0.714401,0.339676,-0.231873,-0.561844,-0.396530
0.140388,0.653824,0.766960,0.389694,-0.200005,-0.555779,-0.413094
0.116035,0.638367,0.768143,0.400513,-0.193306,-0.561943,-0.432022
0.101082,0.651764,0.819382,0.480469,-0.106400,-0.492577,-0.400551
0.071556,0.544228,0.644333,0.278587,-0.285034,-0.614952,-0.469109
-0.004211,0.372456,0.339378,-0.100677,-0.630447,-0.838879,-0.526722
0.144966,0.764599,0.931190,0.541435,-0.116325,-0.560059,-0.488911
0.006468,0.533453,0.689333,0.350523,-0.222551,-0.587234,-0.466075
0.038813,0.542991,0.665530,0.303450,-0.277048,-0.631501,-0.485550
0.082968,0.699994,0.935302,0.613634,-0.024527,-0.503536,-0.493719
-0.045441,0.476875,0.661343,0.357697,-0.200066,-0.573997,-0.482506
-0.005062,0.489502,0.619133,0.267014,-0.309471,-0.671661,-0.552902
-0.065025,0.401802,0.481499,0.098480,-0.466606,-0.779396,-0.584320
0.022141,0.657242,0.893875,0.563751,-0.082779,-0.566162,-0.561646
-0.134247,0.341034,0.470139,0.135086,-0.410782,-0.738724,-0.590897
-0.092773,0.363708,0.421448,0.022522,-0.541702,-0.837997,-0.617783
0.010666,0.659744,0.899475,0.564621,-0.091492,-0.581436,-0.579514
-0.157608,0.307343,0.425247,0.090820,-0.439774,-0.741837,-0.580078
-0.111115,0.257874,0.213303,-0.234222,-0.763565,-0.962753,-0.654114
-0.051331,0.400452,0.379303,-0.094849,-0.674988,-0.922592,-0.628738
0.034607,0.639160,0.789841,0.400955,-0.230545,-0.633591,-0.525040
-0.016037,0.496140,0.620743,0.258774,-0.314789,-0.657471,-0.509613
-0.000732,0.468338,0.536591,0.140259,-0.427277,-0.730789,-0.519684
0.103622,0.750534,0.990036,0.656906,0.004456,-0.484833,-0.481277
-0.045074,0.451614,0.605804,0.285828,-0.261734,-0.606003,-0.478287
0.017456,0.502823,0.603806,0.229156,-0.348160,-0.688705,-0.524078
0.059036,0.683701,0.919739,0.596848,-0.041550,-0.519806,-0.503403
-0.025131,0.559113,0.813721,0.538528,-0.052582,-0.504501,-0.503967
-0.130325,0.243835,0.270798,-0.110748,-0.625488,-0.864944,-0.611847
-0.021118,0.500748,0.586121,0.173569,-0.433487,-0.781036,-0.599899
0.011307,0.663818,0.919632,0.603653,-0.036697,-0.521774,-0.530655
-0.143875,0.253067,0.299667,-0.067291,-0.573471,-0.811264,-0.576050
-0.058731,0.316177,0.246216,-0.232330,-0.773849,-0.962646,-0.607590
0.128113,0.826797,1.062927,0.697128,0.009369,-0.499268,-0.489502
-0.000259,0.598770,0.861176,0.587860,-0.003357,-0.452454,-0.444260
-0.048386,0.369278,0.442245,0.080902,-0.451981,-0.737717,-0.528564
0.079155,0.707680,0.932899,0.595367,-0.054596,-0.535530,-0.514923
-0.030556,0.560722,0.818382,0.543297,-0.049667,-0.502449,-0.498863
-0.107552,0.306580,0.377037,0.018082,-0.506546,-0.780212,-0.566879
0.017632,0.585083,0.740036,0.369057,-0.256409,-0.669098,-0.569122
-0.023682,0.593925,0.846428,0.550598,-0.065849,-0.532135,-0.516541
-0.047882,0.522949,0.761337,0.474976,-0.116463,-0.557953,-0.550011
-0.200264,0.100418,0.037994,-0.385201,-0.864037,-1.009270,-0.640327
0.086670,0.763069,0.978096,0.602150,-0.082962,-0.581131,-0.558067
-0.057594,0.550629,0.821182,0.553978,-0.037033,-0.493744,-0.505775
-0.164101,0.150063,0.111717,-0.297379,-0.780823,-0.947235,-0.613937
0.038673,0.594505,0.686180,0.258362,-0.372620,-0.742905,-0.580391
0.008457,0.628059,0.852261,0.529362,-0.087540,-0.529854,-0.484646
-0.008141,0.531399,0.719254,0.403328,-0.177349,-0.573990,-0.485474
0.031994,0.619928,0.847906,0.537542,-0.080616,-0.538820,-0.509361
-0.026968,0.553562,0.800583,0.517883,-0.076765,-0.526325,-0.502949
-0.034399,0.534370,0.777552,0.500818,-0.084013,-0.527746,-0.519108
-0.128632,0.278805,0.340683,-0.026768,-0.555899,-0.829136,-0.603659
0.017311,0.652140,0.879705,0.540606,-0.109932,-0.590450,-0.567467
-0.079763,0.513849,0.773838,0.503016,-0.085722,-0.535280,-0.543154
-0.209076,0.081944,0.016777,-0.404242,-0.877018,-1.016243,-0.649160
0.041816,0.637609,0.761069,0.341294,-0.311028,-0.718088,-0.590071
-0.010010,0.635068,0.902089,0.606965,-0.014657,-0.489976,-0.481388
-0.016750,0.556928,0.808876,0.541800,-0.037372,-0.480390,-0.464211
-0.020376,0.507299,0.700978,0.386923,-0.206550,-0.627579,-0.562246
-0.055044,0.536405,0.778620,0.484324,-0.121809,-0.575904,-0.550179
-0.073435,0.505413,0.753702,0.478127,-0.109458,-0.554942,-0.535336
-0.086142,0.442949,0.638040,0.330276,-0.252072,-0.658165,-0.582911
-0.073685,0.511956,0.744515,0.441635,-0.169093,-0.620898,-0.588991
-0.107091,0.474917,0.722436,0.444149,-0.146118,-0.591324,-0.567531
-0.099533,0.468698,0.715262,0.444819,-0.133769,-0.573263,-0.552604
-0.097479,0.450184,0.665630,0.361429,-0.240829,-0.681301,-0.638157
-0.146090,0.441114,0.688906,0.405033,-0.189785,-0.637543,-0.611385
-0.137135,0.437298,0.686108,0.413986,-0.167236,-0.609337,-0.604927
-0.239136,0.111633,0.110550,-0.287025,-0.793232,-1.003681,-0.706196
-0.042183,0.586479,0.777672,0.409382,-0.237835,-0.685741,-0.618715
-0.093224,0.520258,0.783333,0.503845,-0.095428,-0.555429,-0.563877
-0.169821,0.287069,0.430174,0.124641,-0.397848,-0.718239,-0.563916
-0.005644,0.592453,0.812929,0.487322,-0.142025,-0.603494,-0.570424
-0.082491,0.506467,0.758916,0.481601,-0.108684,-0.555867,-0.533062
-0.066050,0.502178,0.747758,0.477309,-0.099335,-0.538862,-0.517263
-0.063166,0.484450,0.698868,0.395596,-0.202818,-0.639486,-0.592578
-0.101672,0.480469,0.724214,0.438279,-0.155658,-0.601569,-0.572614
-0.100477,0.471855,0.717601,0.443416,-0.137903,-0.578151,-0.560188
-0.128243,0.362277,0.513302,0.181425,-0.389637,-0.757182,-0.632975
-0.084026,0.523401,0.761919,0.454199,-0.164257,-0.622742,-0.595503
-0.113342,0.468924,0.720606,0.446445,-0.139734,-0.582844,-0.562836
-0.121048,0.395824,0.585649,0.290257,-0.265179,-0.648510,-0.564375
-0.061003,0.509073,0.724257,0.409044,-0.203156,-0.649578,-0.607450
-0.115421,0.470766,0.718521,0.435585,-0.155380,-0.601278,-0.573286
-0.103079,0.468317,0.713137,0.441940,-0.137394,-0.575674,-0.551857
-0.093603,0.456182,0.671778,0.368700,-0.229517,-0.665009,-0.617908
-0.125834,0.457472,0.699444,0.412731,-0.181971,-0.626682,-0.595560
-0.119320,0.454153,0.701031,0.426018,-0.156120,-0.595222,-0.574169
-0.135254,0.376823,0.561901,0.264734,-0.289524,-0.667778,-0.578609
-0.073175,0.497963,0.713230,0.397121,-0.217915,-0.667145,-0.626823
-0.134624,0.453686,0.706474,0.428532,-0.161396,-0.607235,-0.587975
-0.149860,0.353619,0.528221,0.225567,-0.323380,-0.688557,-0.586426
-0.088654,0.440716,0.600929,0.256657,-0.339390,-0.732677,-0.627148
-0.085960,0.524513,0.771912,0.475922,-0.132870,-0.589600,-0.568432
-0.106945,0.442142,0.663883,0.381542,-0.184406,-0.593796,-0.547207
-0.108379,0.363560,0.494225,0.167572,-0.373901,-0.706276,-0.560898
-0.011482,0.580765,0.795441,0.467026,-0.162170,-0.621536,-0.587357
-0.104179,0.467377,0.702583,0.418938,-0.161011,-0.585251,-0.548492
-0.112572,0.362350,0.494987,0.167358,-0.374100,-0.707436,-0.559105
-0.003838,0.593231,0.811714,0.484131,-0.143265,-0.600845,-0.564903
-0.073151,0.514709,0.766075,0.487679,-0.102699,-0.548027,-0.523376
-0.055519,0.511589,0.756065,0.483536,-0.095161,-0.533798,-0.517181
-0.088524,0.400688,0.549431,0.217239,-0.353157,-0.721031,-0.598129
-0.050476,0.556633,0.796783,0.492630,-0.121315,-0.578278,-0.553429
-0.080490,0.489708,0.732353,0.457054,-0.120491,-0.553093,-0.530487
-0.102737,0.376785,0.524727,0.210297,-0.330788,-0.676445,-0.548141
-0.013702,0.569565,0.784142,0.461487,-0.159073,-0.610855,-0.572090
-0.083405,0.501419,0.749779,0.471336,-0.116158,-0.564476,-0.568192
-0.187012,0.250275,0.385689,0.095970,-0.398148,-0.701164,-0.587242
-0.175453,0.198425,0.232925,-0.120621,-0.601784,-0.818687,-0.549126
0.091125,0.726471,0.945755,0.600403,-0.049515,-0.527466,-0.505859
-0.027344,0.551300,0.802307,0.531372,-0.045761,-0.481873,-0.463730
-0.040421,0.442505,0.596741,0.285614,-0.259048,-0.612167,-0.496155
0.029022,0.607025,0.821259,0.501190,-0.114868,-0.564148,-0.527786
-0.042465,0.539017,0.786972,0.512054,-0.071976,-0.513916,-0.496689
-0.065460,0.435074,0.607727,0.304092,-0.247772,-0.619766,-0.522446
-0.010910,0.560425,0.772934,0.455078,-0.158783,-0.604904,-0.564430
-0.076004,0.506599,0.751785,0.471176,-0.116508,-0.559166,-0.537735
-0.091614,0.428581,0.620712,0.321732,-0.239212,-0.628975,-0.557083
-0.098068,0.386070,0.519051,0.184914,-0.368851,-0.713402,-0.575211
-0.027061,0.568825,0.791016,0.469063,-0.155678,-0.619423,-0.614967
-0.204208,0.268257,0.428749,0.144356,-0.363052,-0.688042,-0.597839
-0.202713,0.169304,0.222473,-0.098900,-0.555023,-0.764709,-0.508499
0.107758,0.716415,0.914131,0.557175,-0.094467,-0.564354,-0.528893
-0.034691,0.557541,0.813232,0.538139,-0.048973,-0.494972,-0.479797
-0.039886,0.478050,0.670868,0.374527,-0.185776,-0.576866,-0.507263
-0.045647,0.450821,0.596992,0.266144,-0.298042,-0.661728,-0.543472
-0.007271,0.584587,0.811573,0.498276,-0.118874,-0.576073,-0.554401
-0.109993,0.391899,0.555164,0.241268,-0.311012,-0.668743,-0.560219
-0.082485,0.390900,0.491741,0.131622,-0.421513,-0.741020,-0.566288
0.015141,0.630318,0.856968,0.531616,-0.098461,-0.561638,-0.539055
-0.088863,0.425591,0.602276,0.294834,-0.259846,-0.626801,-0.531330
-0.064579,0.401829,0.503559,0.148235,-0.399181,-0.716930,-0.563892
-0.085022,0.318203,0.319256,-0.100643,-0.634861,-0.878944,-0.650940
-0.132927,0.300297,0.348660,-0.018513,-0.518070,-0.757126,-0.561272
-0.096607,0.291561,0.327507,-0.014862,-0.474205,-0.675385,-0.426384
0.129005,0.632431,0.744438,0.384605,-0.182930,-0.525528,-0.377617
0.182083,0.784500,1.008255,0.688789,0.065506,-0.393898,-0.368584
0.104805,0.676392,0.917458,0.638611,0.052643,-0.391266,-0.374031
0.067909,0.592720,0.794289,0.502686,-0.064659,-0.470551,-0.416618
0.045090,0.562149,0.731621,0.403343,-0.181763,-0.577904,-0.490845
0.014435,0.576622,0.784958,0.477600,-0.111206,-0.532509,-0.485039
-0.039490,0.444962,0.585083,0.259964,-0.288780,-0.633255,-0.512581
-0.028664,0.444000,0.539230,0.170616,-0.392895,-0.720730,-0.551323
0.029705,0.647415,0.879501,0.560509,-0.063271,-0.526073,-0.508007
-0.062294,0.452599,0.631668,0.327560,-0.229677,-0.604059,-0.519852
-0.064264,0.393032,0.485741,0.124404,-0.427987,-0.744801,-0.591811
-0.134466,0.213255,0.144683,-0.312934,-0.826872,-1.001030,-0.696884
-0.127832,0.321785,0.365881,-0.007473,-0.511207,-0.748544,-0.546100
-0.068080,0.341133,0.396949,0.061569,-0.409430,-0.629971,-0.379652
0.228788,0.822851,1.009018,0.651340,0.008747,-0.449272,-0.409874
0.071609,0.628761,0.840889,0.540207,-0.041012,-0.454807,-0.403820
0.045200,0.530155,0.667828,0.335388,-0.218670,-0.567444,-0.447128
0.045208,0.534016,0.647184,0.286566,-0.284670,-0.631897,-0.499294
-0.016264,0.419388,0.459398,0.059519,-0.485155,-0.750368,-0.516951
0.069881,0.607399,0.722923,0.337284,-0.260704,-0.622725,-0.489157
0.019241,0.509321,0.609108,0.238165,-0.326694,-0.651968,-0.492729
0.015715,0.472641,0.525908,0.125483,-0.435367,-0.728333,-0.515584
0.070301,0.630316,0.774965,0.406459,-0.196050,-0.577206,-0.465536
0.027997,0.515065,0.622608,0.260325,-0.299861,-0.626371,-0.480078
-0.015712,0.359454,0.324891,-0.113703,-0.640072,-0.845130,-0.550141
0.023486,0.433669,0.372268,-0.110505,-0.658187,-0.859949,-0.556808
0.043451,0.541546,0.619970,0.242506,-0.298542,-0.585579,-0.402130
0.110756,0.579880,0.666702,0.302437,-0.243122,-0.561001,-0.450115
-0.075523,0.221443,0.190464,-0.165455,-0.581573,-0.708645,-0.407700
0.147400,0.613426,0.697174,0.345474,-0.177864,-0.469833,-0.312782
0.170036,0.629860,0.735786,0.399223,-0.130615,-0.440750,-0.280212
0.251945,0.784088,0.930397,0.571320,-0.034561,-0.435692,-0.340897
0.187645,0.781647,1.014641,0.708244,0.096916,-0.358444,-0.341827
0.099495,0.609047,0.784744,0.475319,-0.088188,-0.472702,-0.390747
0.087975,0.602356,0.761364,0.426617,-0.156113,-0.546978,-0.458603
0.029423,0.547169,0.702682,0.362530,-0.221643,-0.606112,-0.506509
-0.008325,0.512655,0.663565,0.325692,-0.247427,-0.613125,-0.504688
-0.027049,0.436468,0.519711,0.142153,-0.419481,-0.735687,-0.573307
-0.097870,0.270702,0.218872,-0.234859,-0.762539,-0.952274,-0.617672
0.065529,0.676079,0.825867,0.433151,-0.201164,-0.607002,-0.507080
-0.009567,0.492203,0.615288,0.257660,-0.309624,-0.653915,-0.536949
-0.101639,0.273079,0.275185,-0.117302,-0.616531,-0.822052,-0.539238
0.059425,0.558868,0.607376,0.170975,-0.433342,-0.765472,-0.607147
-0.114243,0.339996,0.432617,0.104408,-0.383911,-0.628448,-0.403870
0.172241,0.720604,0.859550,0.482452,-0.138351,-0.544472,-0.449738
0.066078,0.623070,0.811600,0.482658,-0.116783,-0.532028,-0.456093
0.056717,0.647842,0.886795,0.594124,-0.006493,-0.456131,-0.440659
-0.015091,0.464203,0.606049,0.278717,-0.277100,-0.631516,-0.515793
-0.030945,0.444611,0.540741,0.167175,-0.405151,-0.737823,-0.567352
0.018646,0.643234,0.877274,0.551407,-0.089920,-0.568161,-0.561462
-0.136780,0.328964,0.449585,0.114929,-0.418823,-0.727921,-0.569229
-0.080856,0.340561,0.356720,-0.062866,-0.613373,-0.872635,-0.622559
-0.021164,0.517136,0.618805,0.214554,-0.396973,-0.756744,-0.591644
0.006607,0.651154,0.904938,0.596710,-0.030075,-0.504654,-0.525620
-0.199615,0.098053,0.057037,-0.334198,-0.790161,-0.949844,-0.711456
-0.326691,-0.145584,-0.319626,-0.732269,-1.072662,-1.026978,-0.512817
0.220367,0.751526,0.771835,0.288925,-0.349777,-0.687668,-0.491119
0.086517,0.631531,0.764236,0.400497,-0.176773,-0.521210,-0.378052
0.117378,0.563339,0.608665,0.204262,-0.354683,-0.638939,-0.409752
0.215828,0.847389,1.063881,0.716705,0.065948,-0.409927,-0.381401
0.108841,0.698105,0.946922,0.663055,0.067223,-0.381584,-0.367241
0.053276,0.522675,0.652748,0.318649,-0.234131,-0.578705,-0.439575
0.111443,0.709160,0.933151,0.611015,-0.020775,-0.490540,-0.469620
0.008217,0.588135,0.835518,0.554153,-0.041138,-0.493294,-0.483231
-0.069870,0.385620,0.499985,0.160103,-0.381775,-0.700874,-0.546257
-0.038467,0.431480,0.503517,0.108032,-0.464531,-0.778862,-0.580444
0.031296,0.669670,0.907578,0.577751,-0.069466,-0.552559,-0.536041
-0.056702,0.526665,0.775528,0.492706,-0.100113,-0.561523,-0.633873
-0.448624,-0.325562,-0.465271,-0.816544,-1.118576,-1.072952,-0.615479
-0.007790,0.359970,0.260452,-0.226860,-0.755592,-0.927826,-0.598335
0.015343,0.510132,0.571609,0.177368,-0.372482,-0.649673,-0.423264
0.173214,0.737854,0.883160,0.506500,-0.108982,-0.503010,-0.388481
0.162560,0.773001,1.010561,0.695993,0.066813,-0.404291,-0.385679
0.087900,0.664562,0.909685,0.627043,0.033409,-0.418089,-0.398603
0.064121,0.623199,0.852858,0.561735,-0.029547,-0.467966,-0.442348
-0.009672,0.471790,0.608938,0.272087,-0.292196,-0.649136,-0.516390
0.034168,0.637310,0.866682,0.548908,-0.078545,-0.544987,-0.520756
-0.041588,0.541607,0.793221,0.517029,-0.072151,-0.521172,-0.515820
-0.118835,0.304813,0.383728,0.025337,-0.508492,-0.798111,-0.591797
0.012131,0.636909,0.859406,0.520164,-0.127579,-0.605324,-0.580566
-0.091110,0.501320,0.758179,0.483284,-0.109482,-0.561081,-0.542648
-0.080948,0.479095,0.707771,0.414726,-0.180389,-0.619659,-0.598770
-0.204933,0.183388,0.214622,-0.171455,-0.690704,-0.932640,-0.666374
-0.010834,0.645561,0.880829,0.539589,-0.116974,-0.605423,-0.590286
-0.108398,0.483353,0.744446,0.476654,-0.109055,-0.577103,-0.689240
-0.579529,-0.536163,-0.714798,-1.042084,-1.270508,-1.142181,-0.622261
0.037529,0.482307,0.474709,0.038399,-0.515030,-0.779144,-0.565147
-0.027824,0.486046,0.643585,0.343536,-0.175507,-0.509117,-0.420662
0.003967,0.456944,0.610790,0.336384,-0.154320,-0.460831,-0.315252
0.216738,0.784853,0.983404,0.646790,0.015300,-0.444410,-0.410596
0.076095,0.659894,0.907207,0.624780,0.029408,-0.421859,-0.404099
0.057898,0.623087,0.866615,0.595093,0.016390,-0.425194,-0.408581
0.039583,0.581306,0.791821,0.485645,-0.114681,-0.553261,-0.510210
-0.023142,0.554211,0.793198,0.501563,-0.097054,-0.545660,-0.517430
-0.045044,0.526550,0.768627,0.489822,-0.097057,-0.539891,-0.530357
-0.138994,0.267371,0.325258,-0.044191,-0.572369,-0.843683,-0.614346
0.008498,0.644207,0.870694,0.529551,-0.121057,-0.601643,-0.577749
-0.090118,0.503424,0.763345,0.490503,-0.098280,-0.547882,-0.530405
-0.069649,0.494331,0.738636,0.467901,-0.109028,-0.558598,-0.616283
-0.398937,-0.236248,-0.361141,-0.739723,-1.099110,-1.114231,-0.695450
-0.088982,0.308838,0.249851,-0.209024,-0.733013,-0.923982,-0.632598
-0.069366,0.375453,0.412833,0.033792,-0.470697,-0.695120,-0.423246
0.226093,0.864582,1.075237,0.713493,0.045376,-0.440868,-0.416744
0.075970,0.671597,0.926727,0.645203,0.047791,-0.406479,-0.386810
0.077072,0.643158,0.885612,0.610092,0.026451,-0.416115,-0.396576
0.060341,0.617577,0.856148,0.584602,0.007828,-0.431847,-0.414314
0.031837,0.569611,0.777184,0.468102,-0.135101,-0.575554,-0.532402
-0.042297,0.540993,0.786842,0.503960,-0.089890,-0.539627,-0.516434
-0.050011,0.517632,0.762623,0.491592,-0.088558,-0.529613,-0.510502
-0.056919,0.489212,0.703133,0.397411,-0.202450,-0.639576,-0.594097
-0.104609,0.477104,0.718473,0.429209,-0.167049,-0.614283,-0.584683
-0.110929,0.462030,0.706447,0.430945,-0.152652,-0.594178,-0.577481
-0.150693,0.334721,0.491433,0.180820,-0.363314,-0.716877,-0.601282
-0.089190,0.454370,0.626690,0.283669,-0.323845,-0.740211,-0.667313
-0.164314,0.415169,0.653362,0.374630,-0.202393,-0.635445,-0.639641
-0.281395,0.124401,0.248150,-0.022820,-0.477837,-0.731358,-0.538120
0.025505,0.605465,0.797222,0.447071,-0.191944,-0.650288,-0.605328
-0.105606,0.489178,0.742519,0.461205,-0.134014,-0.589012,-0.598358
-0.207138,0.266476,0.454475,0.200260,-0.295803,-0.636902,-0.584167
-0.232018,0.116951,0.177555,-0.121792,-0.557060,-0.758778,-0.509319
0.094383,0.690609,0.880890,0.520473,-0.131653,-0.599091,-0.561195
-0.063599,0.532978,0.790043,0.516319,-0.072365,-0.519918,-0.501394
-0.042532,0.517612,0.756159,0.480694,-0.097015,-0.533693,-0.509272
-0.052378,0.495077,0.710310,0.407845,-0.187819,-0.622740,-0.578011
-0.091219,0.487822,0.728493,0.443417,-0.146738,-0.589882,-0.561115
-0.092096,0.476170,0.717882,0.443611,-0.135841,-0.574242,-0.553471
-0.115818,0.389149,0.556438,0.229927,-0.349499,-0.737053,-0.634632
-0.101406,0.500206,0.741753,0.442902,-0.164814,-0.618519,-0.596306
-0.145493,0.378372,0.570248,0.273956,-0.283340,-0.668514,-0.605736
-0.182106,0.251350,0.350735,0.023373,-0.484592,-0.783745,-0.682587
-0.311741,0.039164,0.107561,-0.171362,-0.579548,-0.771029,-0.575878
-0.131446,0.265002,0.345290,0.043933,-0.411905,-0.655511,-0.506166
-0.103228,0.244287,0.278049,-0.041080,-0.476433,-0.670429,-0.453373
0.045948,0.514336,0.641457,0.327858,-0.192879,-0.507660,-0.352699
0.197388,0.788322,1.005577,0.685539,0.065582,-0.392471,-0.371674
0.083572,0.618622,0.824463,0.534180,-0.029922,-0.431625,-0.378433
0.061050,0.530701,0.659058,0.329117,-0.214661,-0.552261,-0.415024
0.125336,0.708572,0.919205,0.591629,-0.032852,-0.487549,-0.452682
0.031174,0.612152,0.859604,0.583191,-0.002304,-0.445740,-0.431946
-0.004135,0.489105,0.655502,0.348587,-0.202637,-0.569107,-0.477066
-0.011780,0.458054,0.556351,0.185883,-0.385345,-0.719833,-0.551163
0.033035,0.656830,0.897858,0.585785,-0.037018,-0.503738,-0.491501
-0.047653,0.472214,0.662064,0.364731,-0.192627,-0.574951,-0.498627
-0.040100,0.435730,0.558517,0.217194,-0.335876,-0.679749,-0.568222
-0.085571,0.431763,0.617157,0.326141,-0.218109,-0.594284,-0.550919
-0.176804,0.218338,0.323700,0.040359,-0.413254,-0.666367,-0.529388
-0.137711,0.195724,0.212601,-0.117371,-0.549805,-0.721344,-0.430298
0.205826,0.816589,1.004639,0.634186,-0.026917,-0.501328,-0.467407
0.027191,0.619827,0.875885,0.602142,0.015381,-0.432251,-0.417709
0.028397,0.568085,0.787323,0.505417,-0.065002,-0.484695,-0.449310
-0.005966,0.499725,0.673569,0.365265,-0.199081,-0.584404,-0.499329
0.004974,0.577904,0.797867,0.492256,-0.111420,-0.555260,-0.528175
-0.089149,0.401550,0.554703,0.235664,-0.313896,-0.666000,-0.553856
-0.075470,0.392708,0.488380,0.126083,-0.428246,-0.745995,-0.581245
-0.054626,0.442780,0.540062,0.155910,-0.423977,-0.757294,-0.584522
-0.005035,0.598454,0.811577,0.485523,-0.127666,-0.567268,-0.526207
-0.075283,0.419384,0.567673,0.244797,-0.305637,-0.654713,-0.539558
-0.076744,0.350605,0.396069,0.004536,-0.538696,-0.822983,-0.642632
-0.148399,0.300323,0.386505,0.049969,-0.449520,-0.717819,-0.562656
-0.133438,0.235241,0.272396,-0.059975,-0.508438,-0.706638,-0.479092
0.021839,0.452763,0.516399,0.160435,-0.353439,-0.621353,-0.405281
0.194618,0.807564,1.019287,0.679115,0.039207,-0.432747,-0.426689
0.009056,0.539459,0.763176,0.502319,-0.038467,-0.437584,-0.422836
-0.056595,0.355133,0.481804,0.205872,-0.265808,-0.544662,-0.382416
0.134850,0.654213,0.797638,0.442566,-0.159340,-0.560402,-0.471397
0.034843,0.591141,0.785820,0.467857,-0.121681,-0.531013,-0.467773
-0.007584,0.481606,0.617622,0.283558,-0.272110,-0.617588,-0.491062
0.005474,0.495522,0.607971,0.243717,-0.329159,-0.674103,-0.522625
0.042583,0.648525,0.874809,0.556904,-0.061893,-0.515850,-0.491951
-0.049252,0.449961,0.609585,0.294025,-0.257954,-0.616377,-0.510496
-0.038317,0.426626,0.520071,0.152623,-0.405828,-0.727674,-0.575766
-0.101917,0.285589,0.265217,-0.167119,-0.698021,-0.915375,-0.622793
0.014867,0.593968,0.737026,0.358159,-0.255584,-0.649817,-0.565741
-0.122973,0.316747,0.414513,0.092378,-0.400657,-0.666473,-0.489332
-0.006116,0.418977,0.469030,0.092775,-0.434356,-0.709537,-0.526043
-0.029692,0.423069,0.511279,0.167943,-0.344158,-0.627899,-0.489031
-0.079874,0.263060,0.277626,-0.061499,-0.498100,-0.663063,-0.367435
0.238049,0.765701,0.858734,0.445900,-0.176117,-0.554150,-0.420830
0.112701,0.655014,0.807510,0.454582,-0.139328,-0.522713,-0.407402
0.135620,0.736176,0.965889,0.655281,0.040771,-0.414818,-0.391579
0.063156,0.591850,0.784576,0.480301,-0.092751,-0.493561,-0.424820
0.046680,0.562695,0.724304,0.394093,-0.185116,-0.572483,-0.478687
0.022526,0.562130,0.736366,0.407928,-0.176365,-0.568771,-0.484852
-0.011002,0.480009,0.606112,0.258314,-0.303144,-0.648490,-0.518905
-0.037886,0.403590,0.455231,0.059066,-0.494623,-0.780486,-0.577292
-0.056530,0.360852,0.346633,-0.098171,-0.649251,-0.891490,-0.646029
-0.095097,0.380508,0.466946,0.116001,-0.399726,-0.670449,-0.484497
0.017214,0.469419,0.544376,0.180090,-0.354725,-0.649251,-0.500559
-0.066040,0.291278,0.289821,-0.083737,-0.552504,-0.730773,-0.428789
0.188863,0.716859,0.797544,0.378349,-0.233366,-0.592388,-0.465620
0.001856,0.437721,0.512117,0.165833,-0.335514,-0.588093,-0.367577
0.187901,0.688469,0.774208,0.374672,-0.222446,-0.570911,-0.407322
0.177689,0.802254,1.037201,0.712231,0.070786,-0.409542,-0.407879
0.007889,0.459900,0.566895,0.222630,-0.313835,-0.620747,-0.448200
0.078308,0.569725,0.661060,0.273922,-0.306992,-0.643291,-0.482285
0.051350,0.557640,0.661764,0.280460,-0.303457,-0.648598,-0.492443
0.040291,0.552528,0.666449,0.296808,-0.276534,-0.613153,-0.462231
0.040899,0.501342,0.560044,0.163047,-0.399295,-0.696676,-0.507837
-0.012052,0.365926,0.312663,-0.147388,-0.680363,-0.873408,-0.542097
0.123184,0.695458,0.798534,0.375156,-0.262185,-0.648549,-0.538123
-0.068272,0.381673,0.472960,0.138536,-0.358870,-0.618280,-0.434799
0.034181,0.417820,0.420938,0.025527,-0.482488,-0.699658,-0.424505
0.182185,0.713970,0.803291,0.386793,-0.233969,-0.600002,-0.451861
0.080738,0.586977,0.690067,0.312619,-0.257719,-0.581598,-0.411222
0.123873,0.627695,0.727407,0.342700,-0.240694,-0.582397,-0.426749
0.100588,0.605516,0.711210,0.330481,-0.255807,-0.603303,-0.442653
0.139450,0.766020,1.004917,0.683863,0.045324,-0.435046,-0.436355
-0.034264,0.394432,0.477357,0.122930,-0.402107,-0.682056,-0.488642
0.022417,0.444820,0.446310,0.010214,-0.549828,-0.806824,-0.544746
0.080254,0.654613,0.790031,0.396751,-0.231277,-0.626972,-0.505287
0.046024,0.640148,0.853748,0.532066,-0.074844,-0.504330,-0.466919
-0.080177,0.262032,0.231941,-0.182686,-0.681381,-0.866829,-0.563148
0.017143,0.438812,0.387817,-0.100273,-0.673737,-0.901039,-0.590004
0.060089,0.608521,0.687996,0.261749,-0.349113,-0.687744,-0.505608
0.048973,0.558441,0.649109,0.256432,-0.321182,-0.641510,-0.465660
0.045570,0.476936,0.487289,0.057053,-0.499153,-0.754303,-0.493332
0.120789,0.671677,0.781876,0.378265,-0.238518,-0.608429,-0.463142
0.083229,0.632408,0.783905,0.428032,-0.164886,-0.541428,-0.437881
0.008530,0.390312,0.377930,-0.046501,-0.573502,-0.790916,-0.507195
0.083572,0.551750,0.559517,0.101303,-0.487503,-0.767151,-0.517761
0.087830,0.621471,0.712643,0.307758,-0.288788,-0.624962,-0.460899
0.038651,0.449646,0.437874,0.000362,-0.540573,-0.763012,-0.482330
0.083950,0.490749,0.426964,-0.063065,-0.625755,-0.832626,-0.507210
0.125858,0.611525,0.614149,0.146929,-0.442022,-0.710100,-0.447300
0.162775,0.686200,0.756500,0.333856,-0.262714,-0.586218,-0.417421
0.051655,0.401206,0.333441,-0.117545,-0.619082,-0.774148,-0.424751
0.190074,0.615662,0.548988,0.041435,-0.537661,-0.756895,-0.436905
0.200542,0.699326,0.720791,0.267345,-0.319698,-0.599575,-0.367039
0.173004,0.573318,0.517738,0.039742,-0.509094,-0.709084,-0.389572
0.214195,0.643471,0.583382,0.083321,-0.492271,-0.711937,-0.396294
0.224152,0.692406,0.676788,0.205162,-0.373520,-0.622643,-0.342049
0.270004,0.776840,0.820908,0.379105,-0.220840,-0.529129,-0.326721
0.190292,0.581467,0.526611,0.053223,-0.493011,-0.694321,-0.376114
0.227325,0.661148,0.611435,0.121643,-0.447678,-0.668945,-0.358810
0.265930,0.759933,0.783493,0.335022,-0.250015,-0.534744,-0.311920
0.216537,0.606339,0.543274,0.061768,-0.488602,-0.689148,-0.368225
0.236938,0.666611,0.607895,0.108200,-0.467987,-0.688263,-0.375168
0.243713,0.709442,0.696198,0.225952,-0.351379,-0.602081,-0.325989
0.282578,0.791809,0.849976,0.428970,-0.156235,-0.466522,-0.283691
0.205139,0.569366,0.493652,0.008392,-0.540802,-0.736252,-0.408325
0.205719,0.645203,0.596176,0.105133,-0.467377,-0.693756,-0.400406
0.189163,0.640518,0.641342,0.205551,-0.339569,-0.583771,-0.365677
0.085815,0.371063,0.248383,-0.208176,-0.666382,-0.750198,-0.335098
0.318466,0.753113,0.671967,0.142227,-0.454956,-0.684311,-0.369476
0.256027,0.729279,0.720566,0.253815,-0.322968,-0.579971,-0.331635
0.223099,0.673111,0.702911,0.298721,-0.235596,-0.487671,-0.257874
0.254059,0.619659,0.532623,0.033203,-0.525139,-0.724777,-0.396126
0.219627,0.660782,0.612457,0.122093,-0.450722,-0.673515,-0.366821
0.251579,0.733429,0.745926,0.296288,-0.282112,-0.554398,-0.322166
0.208778,0.594223,0.519997,0.026451,-0.532906,-0.735512,-0.409790
0.202080,0.640366,0.590179,0.098949,-0.472767,-0.694462,-0.387661
0.221081,0.679703,0.665283,0.200699,-0.369049,-0.616154,-0.344311
0.256161,0.754427,0.805649,0.381670,-0.202557,-0.516769,-0.357331
0.079025,0.383456,0.281727,-0.176536,-0.661838,-0.792999,-0.449210
0.113188,0.479026,0.394185,-0.069822,-0.572552,-0.730759,-0.421591
0.117239,0.498787,0.470526,0.064522,-0.414934,-0.596977,-0.354420
0.070549,0.301197,0.137115,-0.320412,-0.743439,-0.777725,-0.318417
0.371120,0.837509,0.779980,0.256062,-0.360771,-0.627186,-0.346149
0.278072,0.803780,0.871441,0.451046,-0.140381,-0.460762,-0.273266
0.277798,0.788628,0.891354,0.510582,-0.071861,-0.418510,-0.290253
0.151329,0.493156,0.422607,-0.041885,-0.570496,-0.756310,-0.428581
0.198944,0.684975,0.697708,0.238541,-0.353180,-0.640625,-0.404846
0.183350,0.702652,0.790359,0.390808,-0.197525,-0.534363,-0.384644
0.081131,0.439148,0.373901,-0.094131,-0.630142,-0.820343,-0.493057
0.136978,0.628433,0.642639,0.183960,-0.409210,-0.695160,-0.457886
0.133743,0.656464,0.747559,0.349426,-0.236526,-0.571976,-0.408188
0.126251,0.637238,0.753799,0.387726,-0.187927,-0.547394,-0.470856
-0.110748,0.173798,0.117828,-0.270630,-0.707275,-0.837097,-0.532990
-0.006958,0.376556,0.363953,-0.030426,-0.514954,-0.715698,-0.483826
-0.006897,0.372864,0.393646,0.041138,-0.422424,-0.626801,-0.414185
0.022125,0.311890,0.213226,-0.226379,-0.692200,-0.810913,-0.433289
0.229065,0.745667,0.781830,0.325378,-0.292969,-0.621429,-0.426331
0.141113,0.669159,0.780182,0.398834,-0.188049,-0.543976,-0.427795
0.033081,0.474091,0.563385,0.226959,-0.281250,-0.559174,-0.372559
0.155182,0.640961,0.720856,0.318451,-0.279541,-0.630798,-0.477814
0.055695,0.575562,0.699921,0.335785,-0.241913,-0.595520,-0.462433
0.041595,0.532196,0.639374,0.276703,-0.287781,-0.623444,-0.479370
0.026764,0.501892,0.579041,0.184692,-0.393585,-0.719452,-0.543213
0.006531,0.533630,0.657440,0.288788,-0.295288,-0.658173,-0.552795
-0.100647,0.337616,0.428101,0.094818,-0.408264,-0.686005,-0.527496
-0.067627,0.342163,0.393646,0.035431,-0.470886,-0.731293,-0.547821
-0.068085,0.349670,0.398315,0.032410,-0.476654,-0.734894,-0.558075
-0.106384,0.279663,0.319366,-0.023193,-0.490540,-0.709381,-0.513062
-0.063568,0.306641,0.332611,-0.012817,-0.472260,-0.670624,-0.406097
0.181244,0.704590,0.801178,0.392883,-0.225647,-0.602142,-0.472168
0.046326,0.559082,0.685272,0.328735,-0.241394,-0.587524,-0.452850
0.046844,0.526367,0.621552,0.253845,-0.304871,-0.627014,-0.468567
0.042999,0.518646,0.599243,0.215149,-0.352020,-0.672729,-0.497253
0.054657,0.596619,0.737030,0.372162,-0.228668,-0.612091,-0.505585
-0.013245,0.476532,0.588745,0.233032,-0.323578,-0.651398,-0.500549
-0.000427,0.458984,0.522552,0.131348,-0.428162,-0.729584,-0.534973
0.037811,0.602448,0.767288,0.415878,-0.186310,-0.592529,-0.541824
-0.139938,0.272934,0.371460,0.068634,-0.401352,-0.657028,-0.503036
-0.079880,0.284744,0.313965,-0.029205,-0.491302,-0.694229,-0.439133
0.124237,0.605301,0.660995,0.241455,-0.352997,-0.683182,-0.503418
0.056625,0.595917,0.727859,0.355545,-0.239975,-0.608337,-0.483032
0.019150,0.504044,0.601624,0.234352,-0.322960,-0.639786,-0.470222
0.059196,0.555450,0.651573,0.271141,-0.306053,-0.642586,-0.479843
0.071129,0.622917,0.778946,0.426598,-0.168694,-0.554417,-0.455090
0.025234,0.503120,0.607426,0.249752,-0.301964,-0.622028,-0.463493
0.043274,0.508299,0.576422,0.186806,-0.377018,-0.684658,-0.505010
0.005105,0.433413,0.445634,0.022129,-0.529347,-0.783715,-0.525877
0.088085,0.644670,0.767363,0.379055,-0.223537,-0.588173,-0.454273
0.056404,0.545807,0.644917,0.273296,-0.289307,-0.614307,-0.477261
-0.045498,0.286621,0.228958,-0.199318,-0.685173,-0.853012,-0.573875
-0.058914,0.331230,0.345688,-0.015030,-0.470108,-0.652412,-0.412048
0.069336,0.449646,0.468018,0.109192,-0.361618,-0.565369,-0.320877
0.212433,0.669571,0.731796,0.348022,-0.203186,-0.502274,-0.328812
0.158539,0.558411,0.549271,0.122162,-0.415329,-0.654877,-0.407745
0.152588,0.642365,0.730133,0.364807,-0.174957,-0.470490,-0.295502
0.211914,0.679535,0.762878,0.392212,-0.158722,-0.468262,-0.293457
0.237244,0.733734,0.828125,0.442017,-0.144714,-0.491699,-0.340302
0.190613,0.708832,0.831573,0.462860,-0.119385,-0.473602,-0.340179
0.158325,0.630768,0.713043,0.333527,-0.229095,-0.543396,-0.373291
0.141998,0.601776,0.653961,0.249512,-0.318298,-0.618164,-0.420074
0.113159,0.568298,0.600220,0.176697,-0.392395,-0.674988,-0.442200
0.155731,0.710052,0.838348,0.458496,-0.140625,-0.507690,-0.384979
0.096985,0.540405,0.591949,0.196686,-0.357147,-0.660736,-0.556152
-0.260101,-0.110229,-0.270325,-0.647675,-0.957001,-0.904999,-0.440216
0.187378,0.614868,0.607697,0.194244,-0.321899,-0.545166,-0.295654
0.264130,0.759216,0.855133,0.485168,-0.076782,-0.404083,-0.243988
0.299469,0.845734,1.003082,0.646149,0.035553,-0.374176,-0.287933
0.234100,0.825562,1.057983,0.748077,0.126434,-0.343079,-0.338501
0.071350,0.517487,0.622528,0.280273,-0.251312,-0.555328,-0.386780
0.135773,0.626190,0.717499,0.331299,-0.254547,-0.599670,-0.448364
0.079559,0.588959,0.701050,0.324707,-0.264069,-0.617920,-0.465546
0.109344,0.731720,0.970367,0.656860,0.032669,-0.434479,-0.430496
-0.028030,0.401016,0.486252,0.133133,-0.398422,-0.692642,-0.516296
-0.022141,0.387421,0.383026,-0.051071,-0.602295,-0.848587,-0.573944
0.077179,0.698914,0.884201,0.511993,-0.140091,-0.591858,-0.537476
-0.071388,0.418777,0.541115,0.194489,-0.355064,-0.674934,-0.519119
-0.019928,0.426857,0.471062,0.062645,-0.500259,-0.787437,-0.565037
0.035297,0.613544,0.771381,0.396408,-0.232037,-0.645723,-0.544792
0.002563,0.620119,0.871588,0.574730,-0.037863,-0.498371,-0.490732
-0.076838,0.379187,0.495050,0.156658,-0.386677,-0.709171,-0.558887
-0.055397,0.412254,0.483967,0.090111,-0.482780,-0.799385,-0.603218
0.007263,0.646355,0.885948,0.558777,-0.086784,-0.570190,-0.570580
-0.161697,0.274727,0.364349,0.015594,-0.507713,-0.787865,-0.597580
-0.093521,0.316116,0.303986,-0.136780,-0.686783,-0.924042,-0.636536
0.030273,0.668533,0.865311,0.495712,-0.161591,-0.622452,-0.567291
-0.049652,0.558960,0.816238,0.531006,-0.071045,-0.526962,-0.534302
-0.200668,0.088928,0.024307,-0.392258,-0.860641,-0.998428,-0.645554
-0.023346,0.429108,0.396912,-0.092072,-0.683044,-0.936478,-0.645447
0.011169,0.598312,0.730789,0.334610,-0.287506,-0.679291,-0.608398
-0.228500,0.104019,0.109283,-0.230270,-0.649673,-0.799530,-0.569977
-0.196915,-0.013763,-0.176025,-0.583847,-0.935135,-0.918800,-0.452286
0.249290,0.819427,0.942825,0.558121,-0.052650,-0.446899,-0.375565
0.050644,0.485649,0.597271,0.293724,-0.187763,-0.449982,-0.254658
0.293415,0.825691,0.960407,0.586912,-0.029356,-0.433937,-0.335733
0.197169,0.797442,1.031761,0.720816,0.096195,-0.372346,-0.355107
0.115153,0.690477,0.936223,0.657123,0.066020,-0.385908,-0.381501
0.012572,0.432341,0.510321,0.149035,-0.389638,-0.686029,-0.489375
0.102041,0.706596,0.910016,0.562613,-0.077601,-0.537154,-0.492428
0.010948,0.609335,0.863298,0.579657,-0.022772,-0.482979,-0.490665
-0.143719,0.172741,0.134720,-0.275043,-0.759148,-0.934029,-0.663815
-0.185028,0.105820,-0.016159,-0.467102,-0.912876,-0.984329,-0.551071
0.148821,0.671400,0.685200,0.200722,-0.431704,-0.749697,-0.522680
0.086131,0.649332,0.780533,0.399675,-0.199444,-0.586031,-0.585210
-0.397785,-0.334081,-0.520908,-0.858294,-1.085049,-0.956053,-0.494104
-0.020676,0.143745,-0.084957,-0.539097,-0.893307,-0.857430,-0.430145
0.083145,0.352478,0.244301,-0.145164,-0.524200,-0.556931,-0.111740
0.623352,1.246170,1.383621,0.953186,0.264832,-0.196564,-0.129318
0.398270,1.004974,1.248550,0.942856,0.318512,-0.154663,-0.144989
0.317749,0.883636,1.119995,0.832550,0.237061,-0.215332,-0.198730
0.258179,0.815369,1.050964,0.770554,0.184982,-0.261490,-0.263397
0.106812,0.483383,0.512695,0.124680,-0.409241,-0.673569,-0.434402
0.200104,0.841492,1.069656,0.725266,0.065552,-0.426041,-0.415024
0.064697,0.652328,0.910294,0.638397,0.047623,-0.407898,-0.422668
-0.096420,0.185852,0.111984,-0.317657,-0.798981,-0.942795,-0.587105
0.052544,0.540825,0.544106,0.068756,-0.539963,-0.830536,-0.581230
0.042854,0.612396,0.742073,0.353851,-0.255478,-0.631676,-0.519966
-0.039078,0.443283,0.572540,0.254242,-0.265289,-0.572033,-0.405182
0.155716,0.745644,0.949215,0.604885,-0.038151,-0.506363,-0.474131
0.014913,0.601049,0.846782,0.557915,-0.042851,-0.496522,-0.476249
-0.009800,0.557859,0.797983,0.519196,-0.067673,-0.512455,-0.504852
-0.111504,0.302681,0.371246,0.004562,-0.532608,-0.821632,-0.611794
-0.003387,0.624855,0.850777,0.512993,-0.135277,-0.613525,-0.592209
-0.108109,0.480972,0.734512,0.459274,-0.131897,-0.582870,-0.568710
-0.131729,0.382324,0.570343,0.274124,-0.282120,-0.667221,-0.585815
-0.086121,0.479340,0.688980,0.367294,-0.253250,-0.706970,-0.668152
-0.175507,0.413269,0.663605,0.381287,-0.214935,-0.666046,-0.642212
-0.172211,0.399994,0.645599,0.373230,-0.208221,-0.650543,-0.646362
-0.278809,0.078583,0.083069,-0.313843,-0.827209,-1.047668,-0.764984
-0.125397,0.467377,0.622040,0.240021,-0.390472,-0.805206,-0.725800
-0.243683,0.283875,0.474548,0.188782,-0.344391,-0.707611,-0.652374
-0.275269,0.109192,0.199097,-0.089783,-0.536163,-0.762573,-0.537567
0.049713,0.639435,0.829163,0.471100,-0.177673,-0.644745,-0.605499
-0.105560,0.491394,0.748810,0.472534,-0.120636,-0.570679,-0.552643
-0.094269,0.464417,0.700562,0.426605,-0.147614,-0.576935,-0.547150
-0.086914,0.460937,0.672638,0.364777,-0.236267,-0.673584,-0.627289
-0.136993,0.445526,0.687683,0.400177,-0.194305,-0.639801,-0.610413
-0.137848,0.434906,0.680115,0.405396,-0.175476,-0.615265,-0.595856
-0.163483,0.331390,0.485779,0.155273,-0.417358,-0.789398,-0.671600
-0.126038,0.479980,0.718079,0.411926,-0.204010,-0.661957,-0.633179
-0.153412,0.428467,0.678772,0.405212,-0.179382,-0.620941,-0.602295
-0.169678,0.329346,0.500519,0.197388,-0.351074,-0.714752,-0.615051
-0.130432,0.374176,0.508911,0.153076,-0.431946,-0.798676,-0.664856
-0.108337,0.499756,0.734039,0.426056,-0.184845,-0.634888,-0.610977
-0.168243,0.339798,0.520874,0.227570,-0.312103,-0.678848,-0.618301
-0.229111,0.149719,0.203766,-0.137222,-0.617661,-0.843628,-0.585953
0.045441,0.676910,0.897247,0.553909,-0.094971,-0.570923,-0.547318
-0.060959,0.529373,0.789032,0.521782,-0.059509,-0.503647,-0.486618
-0.031197,0.525536,0.762657,0.489677,-0.087517,-0.523682,-0.499741
-0.042343,0.505615,0.723289,0.423248,-0.170998,-0.604511,-0.564251
-0.098492,0.436268,0.630146,0.326061,-0.243851,-0.637623,-0.564810
-0.106834,0.365528,0.481958,0.139247,-0.405435,-0.726332,-0.561766
0.007631,0.611867,0.828657,0.495490,-0.138420,-0.600506,-0.563162
-0.069044,0.523111,0.776772,0.499680,-0.090389,-0.537361,-0.516300
-0.064693,0.471672,0.681770,0.394741,-0.168053,-0.569435,-0.515892
-0.074081,0.397873,0.525627,0.194115,-0.349236,-0.682495,-0.537994
0.004677,0.577545,0.772057,0.433418,-0.187347,-0.629562,-0.594017
-0.141708,0.380714,0.584824,0.314316,-0.216446,-0.589020,-0.549896
-0.187805,0.181763,0.258850,-0.036865,-0.480270,-0.706665,-0.521713
-0.038559,0.431412,0.567902,0.261673,-0.258606,-0.577805,-0.429153
0.118591,0.708191,0.927063,0.609619,-0.008728,-0.465179,-0.437897
0.038422,0.612930,0.858841,0.584824,0.001678,-0.444305,-0.445740
-0.048615,0.417114,0.581696,0.301300,-0.211945,-0.546600,-0.427948
0.088104,0.654144,0.856506,0.529572,-0.090393,-0.541565,-0.504181
-0.020752,0.551025,0.786438,0.503967,-0.076782,-0.507690,-0.477570
-0.045288,0.435791,0.579407,0.258698,-0.285645,-0.630646,-0.498779
0.040161,0.627869,0.842957,0.518829,-0.104156,-0.557404,-0.521057
-0.032806,0.552521,0.802368,0.525391,-0.059662,-0.503662,-0.484528
-0.040680,0.483093,0.680725,0.386200,-0.178131,-0.576141,-0.514404
-0.063507,0.418457,0.552216,0.218842,-0.334198,-0.682892,-0.572266
-0.104156,0.366516,0.481293,0.140839,-0.401581,-0.729065,-0.613953
-0.179535,0.232422,0.314392,-0.001892,-0.473480,-0.719971,-0.555939
-0.131592,0.226410,0.253967,-0.079132,-0.521454,-0.702850,-0.415680
0.221466,0.839081,1.032990,0.665375,0.004150,-0.471344,-0.439514
0.054993,0.648499,0.906403,0.633484,0.046570,-0.402161,-0.392670
0.032837,0.528656,0.700531,0.399048,-0.150696,-0.520599,-0.432953
0.037720,0.530487,0.666138,0.327789,-0.239929,-0.602264,-0.479736
0.058746,0.651855,0.878143,0.562195,-0.056641,-0.515503,-0.490631
-0.024475,0.529205,0.749634,0.462067,-0.112976,-0.530396,-0.487885
-0.044312,0.442078,0.586090,0.260925,-0.293762,-0.646057,-0.519440
0.019196,0.610504,0.831085,0.513397,-0.103226,-0.556000,-0.526031
-0.062683,0.476547,0.679718,0.380920,-0.190598,-0.591812,-0.529327
-0.076691,0.405014,0.535583,0.200027,-0.351242,-0.692337,-0.563431
-0.085007,0.358765,0.416611,0.028534,-0.522003,-0.809631,-0.597427
-0.005249,0.575668,0.745926,0.388138,-0.228149,-0.643463,-0.574432
-0.115311,0.358200,0.478683,0.146835,-0.383179,-0.691498,-0.527176
-0.002945,0.501846,0.616226,0.248001,-0.330750,-0.682495,-0.531891
0.037338,0.653107,0.888168,0.574066,-0.047791,-0.510658,-0.497528
-0.066483,0.424118,0.583023,0.272621,-0.271317,-0.627632,-0.543098
-0.122345,0.289711,0.365921,0.034157,-0.457672,-0.711533,-0.502037
0.043510,0.542084,0.627815,0.230240,-0.362946,-0.706528,-0.544907
0.003014,0.542023,0.687355,0.332237,-0.251137,-0.619186,-0.504280
-0.017311,0.453499,0.545921,0.180382,-0.368370,-0.677681,-0.504570
0.025436,0.521301,0.618027,0.237213,-0.340355,-0.677246,-0.510963
0.063065,0.662117,0.872780,0.545258,-0.070374,-0.510445,-0.468887
-0.016502,0.478622,0.625412,0.300056,-0.251862,-0.601437,-0.483860
-0.003029,0.463650,0.552948,0.181385,-0.380169,-0.701187,-0.541630
-0.051418,0.363041,0.368382,-0.052158,-0.589947,-0.826836,-0.552650
0.081425,0.666725,0.814938,0.429451,-0.199654,-0.610092,-0.532314
-0.078213,0.380543,0.488369,0.156662,-0.359539,-0.653198,-0.507553
-0.075077,0.280220,0.270901,-0.116302,-0.598583,-0.797077,-0.548321
-0.030273,0.401020,0.458195,0.103649,-0.391232,-0.638371,-0.464211
-0.033760,0.317574,0.329712,-0.014755,-0.457642,-0.626877,-0.335495
0.265785,0.787308,0.872314,0.457390,-0.161827,-0.533173,-0.397148
0.120514,0.616829,0.714958,0.338455,-0.228996,-0.551003,-0.380722
0.154274,0.661896,0.770248,0.396057,-0.181816,-0.525864,-0.382317
0.127167,0.612442,0.704529,0.324959,-0.246506,-0.576385,-0.416840
0.101669,0.584175,0.664726,0.274712,-0.298302,-0.619949,-0.439537
0.126984,0.685387,0.843079,0.486504,-0.113953,-0.504814,-0.407646
0.075409,0.561852,0.674637,0.317528,-0.244370,-0.579422,-0.438667
0.044617,0.474655,0.507141,0.099792,-0.452286,-0.723862,-0.503586
0.030174,0.455551,0.443375,0.000572,-0.546574,-0.777122,-0.488846
0.148434,0.723228,0.854191,0.464298,-0.154526,-0.543068,-0.431889
0.065063,0.553562,0.657631,0.288971,-0.278515,-0.617146,-0.498486
-0.083961,0.248669,0.212986,-0.183731,-0.651016,-0.811199,-0.507885
0.078873,0.576271,0.664745,0.294304,-0.255417,-0.564728,-0.412144
0.069187,0.514862,0.593107,0.237932,-0.287865,-0.571512,-0.382755
0.137344,0.594078,0.640303,0.227999,-0.346588,-0.651228,-0.442245
0.158451,0.756567,0.943832,0.589207,-0.039613,-0.473231,-0.414537
0.048957,0.535555,0.657277,0.306108,-0.255768,-0.593724,-0.447059
0.077241,0.592836,0.717890,0.349505,-0.240176,-0.605688,-0.474606
0.058672,0.611485,0.782204,0.436596,-0.166660,-0.572979,-0.490150
-0.006634,0.497856,0.634384,0.292027,-0.269901,-0.615715,-0.485626
0.003700,0.466095,0.538452,0.151093,-0.414398,-0.725647,-0.550537
-0.055649,0.342918,0.320816,-0.122040,-0.663376,-0.884232,-0.578522
0.105339,0.757545,0.966187,0.599533,-0.059753,-0.528458,-0.497665
-0.057907,0.401276,0.497803,0.138306,-0.408356,-0.725357,-0.619446
-0.276108,-0.054047,-0.171875,-0.567917,-0.949493,-0.985657,-0.597519
-0.046814,0.287933,0.193802,-0.255951,-0.733780,-0.866318,-0.527786
0.062614,0.524567,0.572067,0.192291,-0.323700,-0.567345,-0.323334
0.258347,0.782921,0.881683,0.479408,-0.131180,-0.499840,-0.363106
0.158180,0.669792,0.786011,0.412766,-0.174911,-0.530624,-0.380081
0.192970,0.813492,1.051277,0.736923,0.111855,-0.356155,-0.351089
0.060226,0.507828,0.614342,0.270576,-0.270287,-0.587418,-0.429886
0.084671,0.571075,0.662331,0.278038,-0.302979,-0.641342,-0.473587
0.111656,0.736458,0.970673,0.645966,0.004791,-0.476234,-0.472321
-0.046501,0.431099,0.565407,0.236481,-0.306259,-0.636978,-0.498749
-0.016983,0.416443,0.454239,0.048264,-0.508316,-0.790192,-0.560593
0.050781,0.648758,0.826141,0.459778,-0.178696,-0.614044,-0.538483
-0.009445,0.600723,0.854630,0.564087,-0.041260,-0.502411,-0.523712
-0.203934,0.097336,0.074554,-0.298615,-0.751343,-0.915649,-0.659363
-0.212936,0.044876,-0.095184,-0.540588,-0.967194,-1.014755,-0.552948
0.210388,0.853455,0.995392,0.564590,-0.123093,-0.577927,-0.503128
-0.006073,0.509872,0.646027,0.299408,-0.262863,-0.599243,-0.453934
0.047516,0.512161,0.577957,0.181152,-0.388809,-0.695709,-0.488937
0.127136,0.765884,1.001221,0.666885,0.015182,-0.471390,-0.457352
0.020493,0.603348,0.853638,0.575134,-0.014374,-0.458847,-0.445099
-0.036880,0.406693,0.507278,0.158615,-0.386093,-0.701157,-0.526917
0.051086,0.662872,0.886154,0.553543,-0.087631,-0.562775,-0.540329
-0.056107,0.532120,0.785782,0.507706,-0.086258,-0.539047,-0.534500
-0.140259,0.278732,0.353027,-0.004074,-0.528809,-0.806488,-0.602997
-0.051666,0.451675,0.540207,0.142471,-0.450851,-0.792603,-0.616455
-0.017029,0.621841,0.868073,0.547485,-0.090591,-0.570480,-0.555649
-0.079956,0.499817,0.747070,0.466568,-0.124924,-0.572327,-0.589783
-0.290573,-0.041901,-0.127533,-0.529739,-0.957504,-1.047211,-0.644745
0.052979,0.625168,0.713531,0.271683,-0.378082,-0.763062,-0.608292
-0.010498,0.634567,0.888885,0.580200,-0.046082,-0.516220,-0.505447
-0.070862,0.420319,0.569046,0.243683,-0.311157,-0.658752,-0.522598
0.028412,0.628082,0.851105,0.527023,-0.103729,-0.568573,-0.539810
-0.054199,0.531464,0.782608,0.502045,-0.092438,-0.542801,-0.529022
-0.106110,0.366684,0.500122,0.169388,-0.378067,-0.713455,-0.572998
-0.058746,0.449829,0.570892,0.201508,-0.386215,-0.745850,-0.600143
-0.027939,0.594696,0.836578,0.522400,-0.106369,-0.578018,-0.557968
-0.080002,0.503967,0.757324,0.483841,-0.104599,-0.551910,-0.546814
-0.160812,0.237305,0.288010,-0.085632,-0.613068,-0.877792,-0.638977
-0.003815,0.643127,0.875870,0.535049,-0.121078,-0.607147,-0.587708
-0.098633,0.499268,0.761566,0.489120,-0.102203,-0.554306,-0.560806
-0.221451,0.074783,0.015778,-0.402069,-0.873657,-1.013657,-0.659058
-0.026352,0.449219,0.440880,-0.036201,-0.633911,-0.907715,-0.634933
0.023148,0.642014,0.817627,0.445618,-0.184784,-0.601387,-0.506283
0.020645,0.594513,0.795868,0.472797,-0.123756,-0.536137,-0.477871
-0.062645,0.318527,0.322145,-0.081543,-0.597745,-0.818127,-0.524653
0.151961,0.816515,1.047143,0.695427,0.027483,-0.469328,-0.456648
0.026690,0.621819,0.885250,0.617817,0.031448,-0.420666,-0.422298
-0.038113,0.366985,0.428486,0.062603,-0.464985,-0.736713,-0.512680
0.106842,0.738266,0.962448,0.619011,-0.033882,-0.514801,-0.491241
-0.003960,0.590202,0.848770,0.574570,-0.016541,-0.469444,-0.457199
-0.024101,0.482193,0.661530,0.360611,-0.195435,-0.573509,-0.487114
-0.012756,0.485580,0.616997,0.259819,-0.325592,-0.694664,-0.561234
0.000740,0.619118,0.862602,0.553932,-0.069382,-0.536606,-0.516083
-0.039612,0.540909,0.793777,0.521759,-0.062302,-0.508209,-0.513451
-0.180672,0.105148,0.032875,-0.396164,-0.872986,-1.012306,-0.647278
0.023109,0.566277,0.630768,0.186760,-0.438766,-0.782150,-0.592003
-0.001167,0.577454,0.745422,0.393188,-0.204926,-0.593430,-0.496841
-0.011429,0.485184,0.612930,0.262848,-0.301834,-0.640625,-0.489899
0.046249,0.580429,0.720963,0.355225,-0.244537,-0.622955,-0.496841
0.054932,0.653427,0.877228,0.563690,-0.045914,-0.491730,-0.473434
-0.053864,0.426331,0.592499,0.307846,-0.207657,-0.539703,-0.422348
0.053375,0.521820,0.609924,0.225464,-0.355728,-0.695236,-0.527618
0.050659,0.653915,0.864838,0.533676,-0.086533,-0.528229,-0.480453
-0.001389,0.543594,0.742722,0.438919,-0.134628,-0.533966,-0.468643
-0.014206,0.455627,0.561722,0.197037,-0.372360,-0.707977,-0.549225
-0.004135,0.536957,0.680450,0.317642,-0.281158,-0.659607,-0.536453
0.000702,0.572006,0.765945,0.440414,-0.155640,-0.566559,-0.496078
-0.019928,0.494843,0.656219,0.334564,-0.224442,-0.588852,-0.493774
-0.059662,0.323624,0.318588,-0.104416,-0.642670,-0.876129,-0.598511
0.022354,0.568207,0.668564,0.263992,-0.342972,-0.696304,-0.535553
0.019318,0.568146,0.721237,0.373810,-0.207809,-0.578033,-0.463333
0.033188,0.527130,0.633667,0.255737,-0.330688,-0.678314,-0.526581
0.002762,0.507751,0.613510,0.236755,-0.337753,-0.670639,-0.503311
0.045364,0.582199,0.724396,0.369080,-0.214478,-0.581741,-0.461197
0.042114,0.547653,0.678391,0.331253,-0.233459,-0.583023,-0.456650
0.024094,0.470184,0.522491,0.119156,-0.446533,-0.742340,-0.531433
0.044815,0.580658,0.697433,0.316956,-0.273956,-0.628006,-0.483597
0.043365,0.561584,0.692184,0.339066,-0.228668,-0.576324,-0.443176
0.056000,0.532059,0.614044,0.218613,-0.367569,-0.699310,-0.529877
-0.006439,0.456558,0.507050,0.101929,-0.455765,-0.734863,-0.508362
0.070648,0.594543,0.693634,0.305405,-0.279526,-0.616882,-0.456940
0.077606,0.591629,0.710236,0.346207,-0.226456,-0.572174,-0.445908
-0.005295,0.336563,0.268036,-0.190536,-0.709351,-0.882492,-0.541229
0.095825,0.587402,0.598816,0.140320,-0.448792,-0.726791,-0.477722
0.121689,0.650162,0.742081,0.343796,-0.242325,-0.575974,-0.420166
0.090729,0.573502,0.675812,0.320053,-0.229782,-0.570450,-0.531937
-0.307190,-0.203583,-0.367493,-0.712463,-0.975067,-0.888458,-0.435318
0.101654,0.384674,0.258789,-0.173584,-0.601013,-0.684601,-0.342529
0.188873,0.557175,0.536285,0.153214,-0.308426,-0.473785,-0.174713
0.392181,0.810303,0.768402,0.282440,-0.305573,-0.561981,-0.288635
0.326996,0.852936,0.926727,0.510406,-0.085754,-0.413788,-0.233856
0.315552,0.831573,0.941406,0.563721,-0.017578,-0.367035,-0.228882
0.277222,0.760071,0.844879,0.449249,-0.141052,-0.481781,-0.328156
0.167877,0.590027,0.600037,0.178223,-0.363800,-0.608826,-0.349548
0.242340,0.753601,0.828461,0.420074,-0.169220,-0.499176,-0.327057
0.213684,0.726990,0.841919,0.472290,-0.104980,-0.456238,-0.332550
0.116226,0.484711,0.448410,0.005127,-0.527863,-0.738510,-0.440292
0.174606,0.679382,0.728256,0.297089,-0.293259,-0.603775,-0.401596
0.163055,0.683472,0.789841,0.407822,-0.176819,-0.524658,-0.391708
0.099472,0.566620,0.656372,0.292068,-0.257416,-0.576263,-0.445831
-0.018661,0.336250,0.326538,-0.063011,-0.546654,-0.744545,-0.500092
0.000023,0.394981,0.415176,0.046463,-0.435112,-0.652451,-0.439980
0.030388,0.417358,0.448189,0.096832,-0.376328,-0.588276,-0.345074
0.175255,0.564831,0.515217,0.044104,-0.516464,-0.746641,-0.456047
0.162041,0.675825,0.733644,0.306450,-0.286811,-0.605081,-0.410587
0.149381,0.670033,0.778601,0.398757,-0.184710,-0.532353,-0.392365
0.106754,0.570049,0.640358,0.251919,-0.309769,-0.618237,-0.439415
0.083542,0.546047,0.595062,0.184563,-0.387260,-0.686226,-0.479424
0.086891,0.608955,0.716003,0.333687,-0.253197,-0.601288,-0.455872
0.060356,0.555252,0.657860,0.284821,-0.287979,-0.626999,-0.480392
0.015518,0.462967,0.506836,0.101990,-0.454453,-0.735229,-0.516266
0.053314,0.569839,0.665543,0.273941,-0.312378,-0.653046,-0.497345
0.032013,0.540909,0.656387,0.288300,-0.289352,-0.648804,-0.567368
-0.192657,0.125946,0.115417,-0.237762,-0.670715,-0.828125,-0.563080
-0.064026,0.318146,0.320831,-0.061340,-0.547424,-0.759460,-0.537781
-0.059265,0.329895,0.361969,0.011841,-0.456177,-0.659088,-0.399139
0.167114,0.644165,0.690979,0.265594,-0.329773,-0.654999,-0.472290
0.076019,0.577301,0.664764,0.272797,-0.304108,-0.626678,-0.451080
0.092102,0.604950,0.715546,0.340637,-0.237915,-0.583618,-0.440704
0.070099,0.561554,0.662720,0.290222,-0.283051,-0.621552,-0.477356
0.008362,0.437866,0.466919,0.059113,-0.490479,-0.758636,-0.524200
0.059692,0.585541,0.682678,0.283691,-0.315796,-0.665619,-0.512115
0.018921,0.527557,0.635956,0.263763,-0.310150,-0.649261,-0.500824
-0.001099,0.451080,0.502563,0.103302,-0.452454,-0.740387,-0.528534
0.041840,0.564056,0.667328,0.277344,-0.312195,-0.657074,-0.502625
0.024536,0.528320,0.636810,0.266663,-0.304260,-0.645294,-0.527069
-0.089539,0.298126,0.325745,-0.042419,-0.535187,-0.775299,-0.631256
-0.329285,-0.191132,-0.363770,-0.743774,-1.047943,-0.985870,-0.507233
0.137024,0.579071,0.574646,0.149261,-0.388458,-0.632172,-0.388199
0.177826,0.677124,0.766495,0.385193,-0.184082,-0.508865,-0.343307
0.178207,0.659790,0.738419,0.344559,-0.232300,-0.557755,-0.384048
0.155304,0.659439,0.755554,0.370193,-0.207977,-0.539627,-0.377945
0.143661,0.625320,0.705994,0.319046,-0.249985,-0.566696,-0.395081
0.123657,0.588806,0.645325,0.243225,-0.325165,-0.627563,-0.433952
0.098778,0.559250,0.599419,0.181114,-0.389641,-0.679741,-0.461227
0.113762,0.633675,0.726875,0.328873,-0.261826,-0.601006,-0.436989
0.089851,0.574753,0.652802,0.259331,-0.313202,-0.629478,-0.451569
0.062683,0.499962,0.518127,0.092697,-0.466560,-0.729622,-0.480415
0.121094,0.658485,0.760216,0.364803,-0.228226,-0.571659,-0.417732
0.091293,0.551716,0.604530,0.199738,-0.365448,-0.679325,-0.581055
-0.288280,-0.140713,-0.299160,-0.673889,-0.978687,-0.927040,-0.494864
0.011566,0.231143,0.024852,-0.454951,-0.866825,-0.873442,-0.399396
0.302801,0.834480,0.898289,0.481884,-0.104622,-0.422081,-0.226810
0.358315,0.938034,1.110954,0.751854,0.127365,-0.300034,-0.226410
0.286026,0.872841,1.102600,0.794937,0.179420,-0.282066,-0.273476
0.132538,0.566071,0.653770,0.304039,-0.224182,-0.514145,-0.331657
0.192963,0.672722,0.746635,0.349052,-0.233421,-0.564453,-0.399208
0.126884,0.612030,0.691284,0.297050,-0.281128,-0.605934,-0.418900
0.181534,0.812592,1.047134,0.715904,0.067276,-0.419189,-0.421654
-0.015831,0.418518,0.506058,0.156197,-0.369194,-0.652435,-0.464241
0.039696,0.454056,0.449524,0.012352,-0.543877,-0.794163,-0.529346
0.087620,0.640347,0.752384,0.347660,-0.273151,-0.648014,-0.498848
0.086529,0.723190,0.974045,0.664841,0.038052,-0.438490,-0.463348
-0.125603,0.218842,0.243701,-0.105727,-0.573041,-0.781119,-0.565304
-0.120904,0.188596,0.118288,-0.296123,-0.752603,-0.875699,-0.499491
0.204411,0.827636,0.983130,0.577486,-0.093097,-0.545627,-0.482224
-0.000381,0.501474,0.629532,0.281714,-0.276836,-0.608564,-0.458655
0.049328,0.521416,0.594582,0.201170,-0.372272,-0.688471,-0.492887
0.113094,0.748680,0.983818,0.652206,0.004189,-0.480682,-0.467896
0.006763,0.587440,0.835575,0.553974,-0.036663,-0.480301,-0.463757
-0.037144,0.439301,0.577332,0.246246,-0.312317,-0.665543,-0.534973
0.011482,0.608604,0.833000,0.511269,-0.118149,-0.585548,-0.561287
-0.080124,0.504066,0.753754,0.474670,-0.119308,-0.571121,-0.563660
-0.160660,0.273819,0.366425,0.016708,-0.515366,-0.811050,-0.624420
-0.072220,0.459335,0.586548,0.210556,-0.393478,-0.770264,-0.636658
-0.070572,0.552856,0.798431,0.488907,-0.138168,-0.609116,-0.603989
-0.195496,0.243484,0.334656,-0.014496,-0.542114,-0.839233,-0.712616
-0.338028,-0.065430,-0.133224,-0.511887,-0.917282,-0.998535,-0.608185
0.077515,0.674911,0.821426,0.428406,-0.214996,-0.644485,-0.575806
-0.084824,0.475906,0.707230,0.440231,-0.111496,-0.509735,-0.451126
0.012268,0.527115,0.693420,0.362015,-0.224243,-0.619553,-0.525818
0.000732,0.596695,0.831665,0.523346,-0.095718,-0.559708,-0.534988
-0.055344,0.526382,0.777527,0.498901,-0.093658,-0.543091,-0.529358
-0.099655,0.390594,0.543304,0.220901,-0.334930,-0.691284,-0.564789
-0.023346,0.572708,0.798019,0.479156,-0.146454,-0.608109,-0.580109
-0.097198,0.484833,0.730423,0.444351,-0.153625,-0.602554,-0.576584
-0.102539,0.471695,0.717377,0.441162,-0.146072,-0.590210,-0.578079
-0.168488,0.275467,0.376450,0.024307,-0.522858,-0.837402,-0.654816
-0.062668,0.563141,0.797424,0.469864,-0.170197,-0.645218,-0.621658
-0.134354,0.458878,0.718491,0.445358,-0.145676,-0.595535,-0.585144
-0.169479,0.290268,0.409821,0.073151,-0.469437,-0.789230,-0.621613
-0.046249,0.565857,0.791443,0.463074,-0.173874,-0.641907,-0.613373
-0.124084,0.466248,0.721024,0.442108,-0.151688,-0.601379,-0.578125
-0.108704,0.458984,0.694275,0.407776,-0.179886,-0.616638,-0.579575
-0.103317,0.464310,0.694641,0.399338,-0.199966,-0.644348,-0.609009
-0.128571,0.448074,0.689316,0.402863,-0.192566,-0.638000,-0.607582
-0.131065,0.445618,0.691765,0.415054,-0.171692,-0.614380,-0.592979
-0.149803,0.363564,0.541138,0.226768,-0.343552,-0.727943,-0.628250
-0.101639,0.491470,0.724602,0.417404,-0.196625,-0.652672,-0.621056
-0.137489,0.446182,0.696327,0.418686,-0.169952,-0.614517,-0.589111
-0.121468,0.442513,0.674126,0.383987,-0.207268,-0.644653,-0.604317
-0.123825,0.448006,0.680550,0.384514,-0.215530,-0.660641,-0.624046
-0.138477,0.443268,0.689552,0.407120,-0.185299,-0.630676,-0.601189
-0.127541,0.447266,0.694492,0.421776,-0.159058,-0.599800,-0.575485
-0.113810,0.442301,0.666119,0.370213,-0.223827,-0.660067,-0.617611
-0.131115,0.446661,0.685110,0.394910,-0.201293,-0.645537,-0.611994
-0.131399,0.446390,0.693640,0.416066,-0.169583,-0.612163,-0.584789
-0.118123,0.443909,0.673593,0.382523,-0.209659,-0.645032,-0.603677
-0.122179,0.450644,0.684183,0.390097,-0.209957,-0.653133,-0.615601
-0.131052,0.450653,0.697880,0.418327,-0.170261,-0.614777,-0.586388
-0.115788,0.456978,0.704132,0.434273,-0.143734,-0.581673,-0.558498
-0.100876,0.450233,0.669098,0.367310,-0.232559,-0.673599,-0.629059
-0.136597,0.451004,0.700165,0.418617,-0.174866,-0.622284,-0.594818
-0.120247,0.455475,0.704582,0.432755,-0.149155,-0.589989,-0.572609
-0.145142,0.336067,0.476883,0.143692,-0.416946,-0.768303,-0.628052
-0.069069,0.543411,0.780106,0.466667,-0.156479,-0.617661,-0.589188
-0.103851,0.482529,0.737320,0.463303,-0.122742,-0.568634,-0.544571
-0.078247,0.490265,0.738098,0.470856,-0.104568,-0.542892,-0.522049
-0.066742,0.480118,0.695740,0.391708,-0.208435,-0.646820,-0.601608
-0.108475,0.478806,0.726669,0.444809,-0.149002,-0.596725,-0.568604
-0.095337,0.480057,0.729828,0.458649,-0.120667,-0.561874,-0.539001
-0.078751,0.473984,0.693481,0.393280,-0.204041,-0.640594,-0.594559
-0.103531,0.478714,0.721603,0.434814,-0.160950,-0.606705,-0.574677
-0.097534,0.478775,0.726517,0.451370,-0.132858,-0.573059,-0.551132
-0.102585,0.421982,0.609650,0.295517,-0.286301,-0.686981,-0.601486
-0.082092,0.511658,0.748352,0.446640,-0.162933,-0.614578,-0.582504
-0.099472,0.483658,0.733276,0.456085,-0.132126,-0.576279,-0.550461
-0.081436,0.487823,0.733429,0.463028,-0.115540,-0.554031,-0.531403
-0.074326,0.475266,0.692612,0.391266,-0.206207,-0.641953,-0.595093
-0.104248,0.478821,0.722504,0.436508,-0.156509,-0.601517,-0.570679
-0.096695,0.477478,0.724075,0.450729,-0.129761,-0.570160,-0.550400
-0.113754,0.388260,0.550690,0.224228,-0.350250,-0.729019,-0.617874
-0.077957,0.525391,0.764740,0.461761,-0.151993,-0.608765,-0.579819
-0.099884,0.481171,0.731628,0.458221,-0.125275,-0.567673,-0.543060
-0.079132,0.485062,0.727631,0.455170,-0.122482,-0.560074,-0.537537
-0.079575,0.469925,0.687180,0.387695,-0.206955,-0.641846,-0.597092
-0.108307,0.471725,0.715332,0.432190,-0.158966,-0.602142,-0.575348
-0.112183,0.440521,0.664856,0.384125,-0.187073,-0.605576,-0.558243
-0.082535,0.475739,0.691925,0.383591,-0.219849,-0.659546,-0.613678
-0.120865,0.464142,0.708771,0.423721,-0.169342,-0.614395,-0.584564
-0.110596,0.462570,0.708176,0.434830,-0.145645,-0.585068,-0.561401
-0.108185,0.432709,0.650238,0.367645,-0.201492,-0.615021,-0.565689
-0.087997,0.470291,0.687469,0.380112,-0.223335,-0.665955,-0.623970
-0.133049,0.452034,0.701630,0.422478,-0.166695,-0.610809,-0.590813
-0.154900,0.346397,0.514931,0.207245,-0.343758,-0.712921,-0.630356
-0.163689,0.355377,0.545441,0.254189,-0.296165,-0.670540,-0.573631
-0.056618,0.528923,0.760406,0.459389,-0.145592,-0.594635,-0.563904
-0.088051,0.486984,0.734428,0.461922,-0.118713,-0.559265,-0.541603
-0.108002,0.395866,0.574768,0.275383,-0.277168,-0.651779,-0.558029
-0.049026,0.523682,0.740501,0.424957,-0.189529,-0.639198,-0.601265
-0.111435,0.474525,0.726929,0.451538,-0.133911,-0.578255,-0.560440
-0.122787,0.385109,0.565071,0.262833,-0.292549,-0.668983,-0.573128
-0.059120,0.518570,0.737385,0.422840,-0.189678,-0.637390,-0.596546
-0.107742,0.476227,0.723732,0.443478,-0.145805,-0.588085,-0.563347
-0.102226,0.448452,0.671764,0.389034,-0.185123,-0.605568,-0.567009
-0.128319,0.350327,0.478844,0.133461,-0.433399,-0.782127,-0.634388
-0.067001,0.550877,0.791935,0.483799,-0.136051,-0.600807,-0.596382
-0.175896,0.313049,0.484978,0.196278,-0.327118,-0.674786,-0.600231
-0.210838,0.163311,0.220543,-0.100712,-0.558662,-0.772114,-0.520611
0.092934,0.701839,0.901756,0.545998,-0.105419,-0.574112,-0.539417
-0.044998,0.548431,0.806278,0.533329,-0.052639,-0.498478,-0.483143
-0.041119,0.482819,0.682556,0.389160,-0.176033,-0.574902,-0.514965
-0.060966,0.424049,0.552036,0.201233,-0.370033,-0.722160,-0.578773
-0.014732,0.601776,0.842449,0.535870,-0.081463,-0.542759,-0.523193
-0.057442,0.504654,0.738297,0.458950,-0.117718,-0.546524,-0.516254
-0.081882,0.403217,0.554729,0.237972,-0.309322,-0.661144,-0.539928
-0.006649,0.577423,0.796703,0.478699,-0.138229,-0.589344,-0.553833
-0.070316,0.510357,0.757523,0.480835,-0.103947,-0.546654,-0.528202
-0.095779,0.403023,0.572990,0.267687,-0.283894,-0.651682,-0.549217
-0.033543,0.541882,0.756500,0.438770,-0.174952,-0.621911,-0.583248
-0.097586,0.481314,0.725752,0.447340,-0.139143,-0.586461,-0.598941
-0.235240,0.186699,0.324483,0.050803,-0.422533,-0.708866,-0.587204
-0.166759,0.230340,0.302490,-0.020597,-0.497956,-0.742366,-0.519587
0.075259,0.677357,0.881276,0.534371,-0.110227,-0.579001,-0.547312
-0.056847,0.534618,0.791499,0.519548,-0.067382,-0.515153,-0.500748
-0.058666,0.467279,0.668038,0.377605,-0.185623,-0.586454,-0.519668
-0.029586,0.536104,0.753773,0.446880,-0.155130,-0.596346,-0.556880
-0.073354,0.504401,0.747702,0.467182,-0.118463,-0.560070,-0.539551
-0.099216,0.413282,0.596823,0.296173,-0.260565,-0.643234,-0.563328
-0.095392,0.397579,0.536381,0.198250,-0.366318,-0.724503,-0.593956
-0.046543,0.554474,0.784679,0.473606,-0.145245,-0.603149,-0.582176
-0.132591,0.384197,0.563198,0.257084,-0.298229,-0.670689,-0.575783
-0.098843,0.392315,0.519550,0.174843,-0.386471,-0.731663,-0.587265
-0.028076,0.577763,0.806892,0.489861,-0.130993,-0.590881,-0.579685
-0.141747,0.386944,0.608013,0.344547,-0.194881,-0.588734,-0.568741
-0.207050,0.184574,0.286461,-0.000324,-0.460270,-0.706959,-0.505001
0.054562,0.610962,0.771564,0.409100,-0.215744,-0.640514,-0.561306
-0.038403,0.564697,0.815521,0.529751,-0.067944,-0.520519,-0.502087
-0.045273,0.506012,0.733826,0.454567,-0.119087,-0.543930,-0.509731
-0.055847,0.472027,0.667858,0.366684,-0.208160,-0.615616,-0.550510
-0.056225,0.516563,0.746151,0.450089,-0.143139,-0.582489,-0.548016
-0.077251,0.482979,0.710869,0.424854,-0.158421,-0.589859,-0.559258
-0.119675,0.376457,0.536949,0.221283,-0.334694,-0.699020,-0.595070
-0.114052,0.372353,0.485123,0.125114,-0.440613,-0.775528,-0.614098
-0.046822,0.550438,0.764229,0.442749,-0.168831,-0.607803,-0.567093
-0.114563,0.385612,0.541321,0.221886,-0.329033,-0.682495,-0.561920
-0.048805,0.491859,0.664230,0.331017,-0.259941,-0.658943,-0.569824
-0.049797,0.541664,0.777054,0.478928,-0.120258,-0.564541,-0.538860
-0.098293,0.401741,0.564140,0.251339,-0.300831,-0.662365,-0.552727
-0.049473,0.484348,0.653843,0.322674,-0.263336,-0.658409,-0.567348
-0.045399,0.545040,0.778439,0.477360,-0.126701,-0.572887,-0.540302
-0.065548,0.505466,0.745991,0.467609,-0.116898,-0.556400,-0.530865
-0.069939,0.486397,0.718246,0.436150,-0.145195,-0.580585,-0.549995
-0.085030,0.473354,0.703331,0.416451,-0.172562,-0.611641,-0.584702
-0.137016,0.378860,0.557938,0.246040,-0.322815,-0.706734,-0.619270
-0.143837,0.349739,0.480354,0.139000,-0.418015,-0.758934,-0.622993
-0.127846,0.337402,0.413589,0.031006,-0.525818,-0.828453,-0.625271
-0.021507,0.598228,0.817688,0.488140,-0.135345,-0.582218,-0.544453
-0.089958,0.413136,0.569775,0.250286,-0.301674,-0.654209,-0.534679
-0.031391,0.484882,0.630154,0.284748,-0.294849,-0.666964,-0.553156
-0.039913,0.498922,0.665575,0.327673,-0.260120,-0.650126,-0.550141
-0.023252,0.571093,0.807385,0.509172,-0.095965,-0.547125,-0.531191
-0.095401,0.417479,0.614089,0.331271,-0.211709,-0.586613,-0.496090
0.009696,0.586058,0.812341,0.510067,-0.097140,-0.550350,-0.523753
-0.052982,0.513105,0.747775,0.463587,-0.118858,-0.549481,-0.518082
-0.077710,0.416268,0.573642,0.255859,-0.299295,-0.659882,-0.549301
-0.049024,0.475990,0.631881,0.293087,-0.290704,-0.672831,-0.570897
-0.062581,0.481141,0.655567,0.325371,-0.259670,-0.650854,-0.558874
-0.061399,0.469625,0.635382,0.303432,-0.274555,-0.653862,-0.555975
-0.074133,0.412111,0.524712,0.165501,-0.398462,-0.731628,-0.586056
-0.108717,0.293966,0.289608,-0.134674,-0.669319,-0.896248,-0.609253
0.028732,0.601318,0.729130,0.339062,-0.271130,-0.643280,-0.514874
-0.006699,0.490005,0.605141,0.249413,-0.306236,-0.631172,-0.467705
0.076187,0.618027,0.767128,0.410851,-0.187355,-0.574997,-0.463890
0.079865,0.686028,0.926201,0.623993,0.012939,-0.442154,-0.422318
0.029037,0.559273,0.758415,0.462463,-0.104301,-0.502785,-0.433685
0.059654,0.628555,0.856224,0.560211,-0.039833,-0.488884,-0.465004
0.000130,0.563560,0.796555,0.507782,-0.086052,-0.531876,-0.504799
-0.034531,0.533989,0.773018,0.493141,-0.088936,-0.523109,-0.493279
-0.030052,0.526611,0.752907,0.462379,-0.127327,-0.567093,-0.535965
-0.065582,0.498169,0.730530,0.441120,-0.152355,-0.596828,-0.567429
-0.095825,0.472069,0.708534,0.426132,-0.158443,-0.592152,-0.567705
-0.145935,0.313021,0.430824,0.093386,-0.449971,-0.773454,-0.628045
-0.143049,0.290665,0.327796,-0.075891,-0.624318,-0.894205,-0.666374
-0.108492,0.362280,0.399988,-0.025600,-0.599641,-0.886123,-0.661066
-0.078588,0.457566,0.578598,0.212111,-0.356141,-0.686728,-0.522981
0.018257,0.547712,0.680649,0.316174,-0.273535,-0.641022,-0.514820
-0.000044,0.518820,0.652983,0.295588,-0.287102,-0.649586,-0.510614
0.052948,0.669949,0.911098,0.604008,-0.011894,-0.470798,-0.449860
0.014317,0.570934,0.798161,0.510498,-0.072468,-0.502640,-0.463963
0.009007,0.572376,0.804344,0.515518,-0.078365,-0.524237,-0.499159
-0.032829,0.530809,0.762072,0.469624,-0.128819,-0.577246,-0.553718
-0.111374,0.390423,0.554570,0.239596,-0.313749,-0.671564,-0.552377
-0.029898,0.534690,0.732712,0.410261,-0.192511,-0.618851,-0.558782
-0.059724,0.522676,0.758860,0.461520,-0.146650,-0.600807,-0.574162
-0.097479,0.478380,0.722738,0.443272,-0.141331,-0.577991,-0.559406
-0.155167,0.269825,0.350067,-0.005043,-0.535618,-0.822990,-0.641788
-0.162342,0.202396,0.144833,-0.311646,-0.836170,-1.020821,-0.678238
0.011906,0.623478,0.770386,0.367985,-0.280796,-0.697048,-0.591812
-0.073391,0.460819,0.611172,0.267876,-0.299870,-0.651443,-0.529009
-0.045305,0.420317,0.513458,0.152546,-0.392593,-0.695391,-0.501177
0.094660,0.718244,0.945400,0.610768,-0.036329,-0.514427,-0.501752
-0.061383,0.432591,0.583122,0.260510,-0.284781,-0.621924,-0.477379
0.077051,0.676211,0.903586,0.586757,-0.034886,-0.497526,-0.474421
-0.001260,0.571096,0.810015,0.522214,-0.074560,-0.524272,-0.499095
-0.028760,0.539824,0.776962,0.488379,-0.107212,-0.554770,-0.527455
-0.061832,0.492321,0.712238,0.417344,-0.168866,-0.595401,-0.546270
-0.063911,0.500965,0.723694,0.423773,-0.172304,-0.610565,-0.568172
-0.081743,0.495960,0.733353,0.439167,-0.164898,-0.616936,-0.596981
-0.166962,0.307011,0.436764,0.105301,-0.435062,-0.756557,-0.610161
-0.128090,0.295883,0.319454,-0.089851,-0.634079,-0.891991,-0.639603
-0.018326,0.568958,0.725990,0.347298,-0.283848,-0.697273,-0.592171
-0.038719,0.587811,0.847202,0.554291,-0.058292,-0.521721,-0.514042
-0.088387,0.391014,0.531017,0.200909,-0.352776,-0.696274,-0.555084
-0.002991,0.588982,0.804371,0.479580,-0.143097,-0.595024,-0.553482
-0.059105,0.530373,0.776497,0.488029,-0.114285,-0.568501,-0.547783
-0.096504,0.428791,0.616215,0.311604,-0.252972,-0.636570,-0.542934
-0.027222,0.556049,0.784302,0.477150,-0.134888,-0.588974,-0.560310
-0.082603,0.491348,0.728920,0.437843,-0.161179,-0.609207,-0.578438
-0.100601,0.474457,0.716057,0.433868,-0.153435,-0.590813,-0.563179
-0.115784,0.397858,0.573738,0.260620,-0.308464,-0.691650,-0.595634
-0.075607,0.511948,0.739571,0.429848,-0.187660,-0.644234,-0.614113
-0.130066,0.454063,0.703690,0.423584,-0.170425,-0.619347,-0.607033
-0.205101,0.218590,0.296577,-0.056854,-0.578926,-0.852005,-0.644920
-0.093925,0.406158,0.489502,0.090561,-0.499084,-0.831314,-0.643784
-0.035019,0.610184,0.858780,0.539543,-0.100098,-0.579590,-0.564377
-0.085358,0.498680,0.750160,0.474815,-0.111557,-0.551941,-0.522392
-0.054565,0.507637,0.737473,0.447525,-0.145508,-0.586617,-0.553886
-0.079964,0.489258,0.722145,0.428383,-0.170372,-0.616173,-0.583206
-0.103188,0.474030,0.719734,0.439644,-0.151428,-0.598412,-0.572464
-0.103317,0.463127,0.699135,0.414322,-0.172630,-0.608696,-0.573891
-0.100838,0.463608,0.690804,0.392380,-0.208061,-0.652603,-0.615440
-0.131264,0.450073,0.694984,0.411179,-0.182587,-0.628334,-0.601166
-0.127861,0.442703,0.681816,0.399117,-0.186729,-0.622665,-0.587738
-0.115532,0.449059,0.678345,0.384933,-0.211525,-0.655045,-0.619812
-0.140465,0.435112,0.675293,0.387779,-0.207710,-0.653198,-0.621864
-0.144432,0.433159,0.680206,0.402435,-0.185356,-0.629082,-0.620422
-0.242599,0.131805,0.154137,-0.230988,-0.742439,-0.970787,-0.692993
-0.028961,0.630959,0.863861,0.516380,-0.148315,-0.638947,-0.618172
-0.125809,0.475357,0.740883,0.470665,-0.119423,-0.582024,-0.628212
-0.340874,-0.040482,-0.015285,-0.321373,-0.723251,-0.859631,-0.536629
0.125305,0.753830,0.946815,0.571486,-0.102259,-0.588196,-0.556910
-0.055122,0.549513,0.813583,0.537032,-0.059340,-0.514515,-0.495729
-0.029774,0.536423,0.775103,0.491954,-0.092394,-0.527838,-0.493404
-0.021711,0.540405,0.768204,0.471346,-0.126583,-0.570597,-0.535858
-0.056044,0.518030,0.756706,0.467695,-0.129292,-0.575302,-0.544495
-0.067596,0.507492,0.753036,0.473766,-0.114552,-0.559784,-0.534069
-0.068081,0.494251,0.726177,0.436344,-0.154617,-0.592701,-0.555988
-0.078125,0.491093,0.722031,0.427311,-0.173374,-0.617180,-0.582230
-0.099270,0.479881,0.725544,0.443466,-0.147629,-0.593655,-0.566769
-0.096680,0.469715,0.702740,0.414001,-0.176849,-0.614819,-0.581902
-0.125362,0.396358,0.575363,0.255577,-0.324020,-0.714684,-0.617298
-0.088089,0.513451,0.756878,0.458904,-0.150871,-0.607594,-0.582512
-0.106400,0.472801,0.723400,0.451092,-0.132275,-0.586269,-0.627827
-0.346645,-0.063095,-0.060444,-0.382027,-0.785576,-0.912861,-0.572052
0.105579,0.744778,0.944435,0.571812,-0.102180,-0.590317,-0.563160
-0.066444,0.536095,0.800049,0.528267,-0.063385,-0.521690,-0.530418
-0.122971,0.378433,0.584183,0.320190,-0.208038,-0.576141,-0.487663
0.012184,0.577774,0.790459,0.475693,-0.137054,-0.585007,-0.546356
-0.057777,0.526932,0.775162,0.494652,-0.096855,-0.545250,-0.522675
-0.054909,0.513084,0.758430,0.486778,-0.093025,-0.533722,-0.511330
-0.054497,0.495827,0.712929,0.409386,-0.193207,-0.634995,-0.592178
-0.101425,0.483490,0.729012,0.443863,-0.154182,-0.602211,-0.574379
-0.099449,0.476631,0.724136,0.448761,-0.137642,-0.581947,-0.557274
-0.092300,0.468048,0.696053,0.401367,-0.193420,-0.632362,-0.593559
-0.110687,0.465446,0.702259,0.410442,-0.188343,-0.633198,-0.599281
-0.118317,0.459831,0.705486,0.424374,-0.164783,-0.608883,-0.582043
-0.111996,0.458267,0.703915,0.430611,-0.153736,-0.598934,-0.581970
-0.143200,0.367760,0.541965,0.221334,-0.355190,-0.741827,-0.641422
-0.108244,0.494301,0.736776,0.437864,-0.171862,-0.632439,-0.632660
-0.214815,0.293974,0.506081,0.251329,-0.267736,-0.629675,-0.541925
-0.045717,0.514328,0.720549,0.400362,-0.211884,-0.655420,-0.608479
-0.113630,0.472418,0.717106,0.429177,-0.168687,-0.615559,-0.585599
-0.109536,0.465712,0.711417,0.434264,-0.150971,-0.592168,-0.566355
-0.101238,0.457301,0.681571,0.385134,-0.210412,-0.648144,-0.605218
-0.119233,0.457059,0.695011,0.402364,-0.195288,-0.639015,-0.604961
-0.124837,0.452484,0.697316,0.417345,-0.171655,-0.615602,-0.587628
-0.117439,0.452967,0.698760,0.426578,-0.153731,-0.592975,-0.570110
-0.111821,0.440933,0.660447,0.360280,-0.235054,-0.671595,-0.625532
-0.136435,0.444895,0.686865,0.401131,-0.192602,-0.637327,-0.606218
-0.131941,0.442518,0.688423,0.414398,-0.166758,-0.605860,-0.580902
-0.120537,0.430370,0.646101,0.343164,-0.252954,-0.686369,-0.636227
-0.142113,0.441261,0.683308,0.394714,-0.202824,-0.648388,-0.616158
-0.137836,0.438679,0.684662,0.407791,-0.177158,-0.618069,-0.592945
-0.134369,0.415745,0.639481,0.356194,-0.217525,-0.638515,-0.592670
-0.114540,0.448109,0.670593,0.369461,-0.229763,-0.669182,-0.625969
-0.137745,0.442722,0.686768,0.403088,-0.188610,-0.632298,-0.603085
-0.129715,0.442871,0.689846,0.416882,-0.163219,-0.603237,-0.578205
-0.118744,0.434196,0.653896,0.353912,-0.243191,-0.678555,-0.631325
-0.141071,0.441406,0.684517,0.397957,-0.195618,-0.640186,-0.608917
-0.133507,0.441097,0.688122,0.414234,-0.167763,-0.607704,-0.584549
-0.131828,0.404667,0.616867,0.328987,-0.239513,-0.648491,-0.589771
-0.103760,0.461811,0.682304,0.377243,-0.228802,-0.673027,-0.632626
-0.143276,0.443188,0.693172,0.414406,-0.176334,-0.621025,-0.593790
-0.124331,0.446329,0.691399,0.417524,-0.165436,-0.606331,-0.581192
-0.117718,0.439198,0.662836,0.365776,-0.228430,-0.664833,-0.619610
-0.131346,0.450134,0.693228,0.408607,-0.184023,-0.627659,-0.598400
-0.133768,0.420389,0.644226,0.361040,-0.212584,-0.635429,-0.613887
-0.217448,0.218370,0.342560,0.040759,-0.456534,-0.747069,-0.571948
-0.008690,0.583605,0.794426,0.460234,-0.170781,-0.629016,-0.591760
-0.099677,0.491443,0.746037,0.470848,-0.116351,-0.562428,-0.539504
-0.075300,0.489166,0.730047,0.454945,-0.125332,-0.563572,-0.537762
-0.075584,0.478088,0.699482,0.401173,-0.192326,-0.627056,-0.583111
-0.097097,0.482149,0.724003,0.440102,-0.149868,-0.591850,-0.561935
-0.091774,0.477619,0.719479,0.441441,-0.140766,-0.579941,-0.554077
-0.094776,0.453121,0.664894,0.360958,-0.233227,-0.660816,-0.604908
-0.108013,0.477135,0.718975,0.431152,-0.164650,-0.609482,-0.579453
-0.104301,0.469067,0.714863,0.440727,-0.141518,-0.582680,-0.562698
-0.125820,0.379356,0.556614,0.256588,-0.295624,-0.667938,-0.569958
-0.056770,0.518143,0.736168,0.422794,-0.188564,-0.635132,-0.595100
-0.107105,0.476059,0.723747,0.444653,-0.142509,-0.584637,-0.563656
-0.125790,0.378410,0.550800,0.244968,-0.308105,-0.677372,-0.580273
-0.099209,0.396034,0.521458,0.164215,-0.412449,-0.766010,-0.618179
-0.048756,0.572121,0.816143,0.509964,-0.108925,-0.571762,-0.550789
-0.076797,0.499321,0.748810,0.475410,-0.107101,-0.548523,-0.526855
-0.073662,0.471107,0.692474,0.411705,-0.157570,-0.576118,-0.530792
-0.057091,0.501160,0.721230,0.420624,-0.175148,-0.612129,-0.570427
-0.087608,0.488472,0.731087,0.450874,-0.135445,-0.576744,-0.552986
-0.099670,0.437408,0.648232,0.359955,-0.206985,-0.614433,-0.555168
-0.069603,0.493568,0.711685,0.406208,-0.195362,-0.635162,-0.592335
-0.105473,0.474617,0.718281,0.438129,-0.149105,-0.590324,-0.563560
-0.100433,0.456139,0.686268,0.404430,-0.172752,-0.601078,-0.570328
-0.131565,0.364731,0.525387,0.211842,-0.341064,-0.704296,-0.590473
-0.061584,0.524986,0.747719,0.434128,-0.182331,-0.634930,-0.606735
-0.149998,0.370953,0.553104,0.245228,-0.315731,-0.691833,-0.598579
-0.125225,0.357498,0.475407,0.129276,-0.422695,-0.749840,-0.587551
-0.017479,0.592312,0.817539,0.491760,-0.136787,-0.598438,-0.565548
-0.078770,0.508064,0.759384,0.483883,-0.103630,-0.548069,-0.524498
-0.060631,0.502522,0.743076,0.467648,-0.111000,-0.548607,-0.523148
-0.063271,0.494953,0.728668,0.447445,-0.136940,-0.576324,-0.549690
-0.085720,0.473640,0.702621,0.413780,-0.174240,-0.609406,-0.572731
-0.095875,0.474297,0.711063,0.427006,-0.161160,-0.602329,-0.576492
-0.128925,0.389769,0.577496,0.276115,-0.286226,-0.671515,-0.584431
-0.074228,0.503593,0.728405,0.422733,-0.180992,-0.624880,-0.587080
-0.105202,0.469950,0.711653,0.428578,-0.159592,-0.601742,-0.575896
-0.120512,0.415692,0.623696,0.333611,-0.234148,-0.638484,-0.581999
-0.131412,0.351214,0.478794,0.133456,-0.430428,-0.776207,-0.627501
-0.062088,0.552859,0.792965,0.486813,-0.128139,-0.589020,-0.572946
-0.130175,0.382792,0.563868,0.262736,-0.289592,-0.661051,-0.565150
-0.068673,0.470156,0.652430,0.332942,-0.250281,-0.652359,-0.572151
-0.061924,0.521777,0.753390,0.455429,-0.145543,-0.589638,-0.557909
-0.090838,0.461825,0.681246,0.389771,-0.189139,-0.608438,-0.560925
-0.102629,0.413998,0.588931,0.276825,-0.287355,-0.667629,-0.570696
-0.053664,0.527991,0.750739,0.441065,-0.167605,-0.613464,-0.574691
-0.090872,0.487175,0.729791,0.447621,-0.140634,-0.581894,-0.559076
-0.116460,0.395374,0.574350,0.271135,-0.286188,-0.663573,-0.570615
-0.064356,0.502718,0.717858,0.413347,-0.181415,-0.614468,-0.570816
-0.088025,0.484121,0.718939,0.430995,-0.159072,-0.596266,-0.563557
-0.093561,0.466884,0.696944,0.413079,-0.166106,-0.595448,-0.562769
-0.118195,0.386789,0.556051,0.243212,-0.318758,-0.693909,-0.592873
-0.070793,0.514887,0.741627,0.435909,-0.169817,-0.615688,-0.586691
-0.135996,0.375057,0.546427,0.233727,-0.324202,-0.692415,-0.591341
-0.104380,0.400610,0.541552,0.201633,-0.364704,-0.720737,-0.590010
-0.045349,0.550985,0.779486,0.471603,-0.138227,-0.590124,-0.560266
-0.082355,0.490816,0.728600,0.440662,-0.153303,-0.597292,-0.572292
-0.127512,0.380610,0.552979,0.244196,-0.310825,-0.679092,-0.570259
-0.043389,0.548013,0.783344,0.483206,-0.123836,-0.579807,-0.556917
-0.087863,0.480436,0.717301,0.433341,-0.151803,-0.587050,-0.551436
-0.078565,0.488634,0.725384,0.444236,-0.139098,-0.576460,-0.547825
-0.082848,0.477507,0.710407,0.426424,-0.158743,-0.597916,-0.568144
-0.100080,0.464310,0.700232,0.419247,-0.166855,-0.605976,-0.579082
-0.127541,0.400951,0.594477,0.289076,-0.284086,-0.683029,-0.611427
-0.139996,0.364262,0.513271,0.181355,-0.381939,-0.740807,-0.621681
-0.122686,0.377628,0.501247,0.146122,-0.423557,-0.767265,-0.613579
-0.042255,0.575613,0.812752,0.500727,-0.120047,-0.579861,-0.558825
-0.111139,0.402788,0.579929,0.272943,-0.283232,-0.652647,-0.546909
-0.027016,0.552588,0.775252,0.470376,-0.133546,-0.578612,-0.544917
-0.068088,0.502053,0.734881,0.445940,-0.144141,-0.580373,-0.543785
-0.067995,0.501116,0.738783,0.456590,-0.127783,-0.565199,-0.536621
-0.071699,0.488597,0.721437,0.437394,-0.147833,-0.586091,-0.556392
-0.088403,0.474936,0.709815,0.425840,-0.164199,-0.606246,-0.578345
-0.108230,0.457220,0.691264,0.407442,-0.176584,-0.608767,-0.572067
-0.099092,0.466259,0.701180,0.418226,-0.167871,-0.605038,-0.575230
-0.107128,0.455345,0.689373,0.405533,-0.181440,-0.620445,-0.590508
-0.122276,0.440331,0.670586,0.383011,-0.203751,-0.635712,-0.598789
-0.131447,0.414654,0.628555,0.336506,-0.237110,-0.650177,-0.599415
-0.150585,0.338112,0.480499,0.151787,-0.405396,-0.757229,-0.637962
-0.156406,0.304173,0.381596,0.004150,-0.549538,-0.850037,-0.653522
-0.082729,0.468216,0.613670,0.253796,-0.335251,-0.704027,-0.579092
-0.052868,0.492973,0.660709,0.322906,-0.263814,-0.650801,-0.547826
-0.018951,0.571502,0.801009,0.496073,-0.111818,-0.558868,-0.525188
-0.044471,0.529520,0.767134,0.480977,-0.107326,-0.543756,-0.509322
-0.040555,0.518663,0.744573,0.456587,-0.127665,-0.559103,-0.520695
-0.046036,0.519999,0.753637,0.467449,-0.122835,-0.565134,-0.537487
-0.068605,0.495615,0.728436,0.437536,-0.159369,-0.605288,-0.573412
-0.096428,0.478752,0.721462,0.439384,-0.148779,-0.590923,-0.561167
-0.090189,0.478062,0.716833,0.433784,-0.154364,-0.596492,-0.567695
-0.097670,0.468665,0.706514,0.420601,-0.172336,-0.617253,-0.591218
-0.134667,0.400743,0.602101,0.305436,-0.259074,-0.652374,-0.582023
-0.121601,0.363931,0.493412,0.151910,-0.408177,-0.753126,-0.626061
-0.160219,0.247684,0.259245,-0.151213,-0.683877,-0.921535,-0.649069
-0.014735,0.574743,0.729067,0.348667,-0.277336,-0.685665,-0.607742
-0.151529,0.312256,0.427036,0.102222,-0.409092,-0.692039,-0.494762
0.096294,0.711239,0.935692,0.608150,-0.027035,-0.498215,-0.476738
0.000671,0.580162,0.825172,0.541458,-0.056152,-0.507675,-0.484299
-0.013794,0.555939,0.798111,0.519394,-0.062515,-0.497498,-0.466522
-0.001183,0.557556,0.786888,0.497414,-0.091255,-0.530983,-0.499809
-0.030373,0.533409,0.764824,0.476425,-0.117027,-0.560516,-0.531113
-0.059525,0.508362,0.743835,0.460442,-0.124146,-0.557869,-0.522697
-0.053200,0.507713,0.737267,0.448982,-0.140446,-0.579941,-0.547562
-0.076920,0.488071,0.721657,0.435421,-0.155884,-0.598209,-0.568634
-0.097836,0.467312,0.700081,0.407177,-0.191704,-0.638603,-0.612577
-0.163843,0.346247,0.517643,0.205950,-0.348045,-0.709427,-0.602560
-0.121576,0.357962,0.462952,0.101090,-0.460607,-0.789564,-0.624188
-0.065697,0.502353,0.678421,0.330317,-0.281260,-0.694825,-0.605486
-0.072536,0.535638,0.786613,0.496116,-0.105281,-0.555661,-0.531142
-0.066338,0.491890,0.719749,0.431747,-0.152518,-0.582987,-0.542640
-0.067033,0.499944,0.732567,0.441470,-0.153676,-0.597856,-0.567187
-0.094328,0.474812,0.708605,0.416718,-0.181160,-0.628043,-0.595164
-0.116207,0.460934,0.704609,0.424468,-0.160795,-0.597136,-0.565535
-0.095659,0.467596,0.699465,0.411533,-0.180473,-0.620560,-0.587788
-0.114792,0.451557,0.683563,0.388931,-0.210682,-0.656353,-0.627151
-0.171364,0.351578,0.533752,0.226879,-0.332111,-0.705280,-0.604233
-0.096790,0.454861,0.645939,0.324429,-0.266655,-0.677494,-0.604012
-0.094582,0.492237,0.726944,0.426197,-0.183395,-0.637001,-0.608826
-0.128670,0.450638,0.695480,0.411621,-0.182213,-0.629967,-0.613579
-0.198814,0.245399,0.344704,-0.002266,-0.536499,-0.838234,-0.677124
-0.209763,0.172302,0.158276,-0.255058,-0.762238,-0.959003,-0.638206
0.058666,0.734520,0.966587,0.608501,-0.067699,-0.569744,-0.562233
-0.101583,0.436907,0.633499,0.333084,-0.225382,-0.600000,-0.496500
0.027030,0.615110,0.846166,0.540803,-0.070447,-0.525713,-0.499204
-0.025595,0.545254,0.782684,0.492436,-0.106759,-0.554958,-0.526324
-0.049630,0.526234,0.769611,0.487212,-0.106158,-0.553470,-0.526885
-0.057105,0.510933,0.747535,0.461356,-0.131851,-0.575089,-0.543489
-0.069714,0.500333,0.735996,0.444005,-0.155933,-0.604862,-0.573037
-0.093173,0.484861,0.728442,0.443321,-0.153716,-0.601723,-0.573868
-0.098916,0.476207,0.718857,0.439652,-0.144688,-0.582067,-0.550522
-0.080705,0.482491,0.712346,0.420463,-0.173506,-0.614564,-0.581774
-0.104861,0.464394,0.699278,0.406521,-0.192217,-0.638975,-0.604994
-0.124943,0.452307,0.694138,0.411194,-0.176846,-0.622770,-0.650465
-0.374096,-0.142189,-0.216087,-0.586151,-0.979118,-1.049011,-0.664005
-0.027533,0.465437,0.505592,0.073625,-0.514565,-0.823869,-0.621435
-0.029153,0.578232,0.805959,0.503165,-0.089909,-0.515444,-0.458500
0.039400,0.622591,0.861496,0.570744,-0.026033,-0.470871,-0.441849
0.028378,0.591965,0.823170,0.530651,-0.065914,-0.511517,-0.481293
-0.006935,0.563679,0.800869,0.514290,-0.080299,-0.526867,-0.499550
-0.028072,0.539692,0.776016,0.492489,-0.093212,-0.529018,-0.495922
-0.026531,0.534283,0.762745,0.469475,-0.124901,-0.566368,-0.533012
-0.058479,0.508411,0.739971,0.445866,-0.154213,-0.600353,-0.567719
-0.087051,0.490799,0.736149,0.455711,-0.135712,-0.582064,-0.557455
-0.089628,0.475502,0.710205,0.424103,-0.163161,-0.600507,-0.564042
-0.090324,0.474784,0.701653,0.403882,-0.197871,-0.642732,-0.605894
-0.122035,0.458010,0.702610,0.418504,-0.175572,-0.621618,-0.601583
-0.164646,0.328870,0.482870,0.161758,-0.389845,-0.741039,-0.609421
-0.062899,0.534307,0.760744,0.443007,-0.180490,-0.642017,-0.612904
-0.127907,0.456192,0.703838,0.419815,-0.176128,-0.624023,-0.597034
-0.121960,0.453289,0.698997,0.421848,-0.165333,-0.609432,-0.583565
-0.117413,0.446060,0.677174,0.384586,-0.212025,-0.654720,-0.619640
-0.137520,0.438850,0.677860,0.386261,-0.214256,-0.661789,-0.628578
-0.146355,0.435974,0.684799,0.404877,-0.186020,-0.631851,-0.606712
-0.136406,0.432167,0.670296,0.385628,-0.202156,-0.639030,-0.603073
-0.128876,0.438667,0.667953,0.370628,-0.229698,-0.673141,-0.635872
-0.150604,0.430840,0.675858,0.393143,-0.200531,-0.646172,-0.617912
-0.143539,0.431023,0.678009,0.404076,-0.177956,-0.616959,-0.590912
-0.127525,0.429314,0.652878,0.355743,-0.242439,-0.682785,-0.641464
-0.155106,0.425461,0.667656,0.379219,-0.218163,-0.664551,-0.632156
-0.152695,0.425926,0.674011,0.396286,-0.192444,-0.638069,-0.639099
-0.274788,0.091125,0.123596,-0.237793,-0.723785,-0.937645,-0.657227
-0.003296,0.641739,0.861839,0.507538,-0.155128,-0.639854,-0.614189
-0.118942,0.481178,0.744690,0.471504,-0.120552,-0.571434,-0.553276
-0.101601,0.433853,0.636223,0.335678,-0.238541,-0.641464,-0.566006
-0.061462,0.518562,0.746532,0.440083,-0.171257,-0.621708,-0.585533
-0.099407,0.483860,0.731647,0.448746,-0.145123,-0.591942,-0.564861
-0.091660,0.481731,0.727547,0.452450,-0.131725,-0.573826,-0.548912
-0.084690,0.472961,0.698303,0.402924,-0.192554,-0.630219,-0.589184
-0.104097,0.472279,0.711287,0.420662,-0.176943,-0.621603,-0.588476
-0.109272,0.467133,0.713009,0.433096,-0.155851,-0.599749,-0.571728
-0.103447,0.460182,0.691448,0.400965,-0.189661,-0.625450,-0.585485
-0.105366,0.465111,0.697298,0.401871,-0.198538,-0.642065,-0.604883
-0.121660,0.458731,0.704651,0.422828,-0.168009,-0.612800,-0.584685
-0.112404,0.459097,0.705974,0.434864,-0.145358,-0.585495,-0.568398
-0.141216,0.341657,0.484131,0.148668,-0.417152,-0.775594,-0.641387
-0.084480,0.527900,0.768398,0.459708,-0.160686,-0.626952,-0.629882
-0.211791,0.298218,0.512508,0.259920,-0.256026,-0.627573,-0.589382
-0.202817,0.235911,0.392278,0.127235,-0.355134,-0.655308,-0.505379
0.031933,0.609253,0.814997,0.486515,-0.137871,-0.592472,-0.553574
-0.063774,0.524101,0.775471,0.497089,-0.093281,-0.541527,-0.518803
-0.053822,0.513363,0.757912,0.486439,-0.092201,-0.531750,-0.510174
-0.053173,0.496346,0.713619,0.410248,-0.190220,-0.630882,-0.587929
-0.097038,0.488995,0.735619,0.451557,-0.143456,-0.590431,-0.563515
-0.090466,0.484722,0.732315,0.458984,-0.123444,-0.564793,-0.541084
-0.080017,0.474514,0.694805,0.395401,-0.203087,-0.640804,-0.595913
-0.107006,0.475109,0.716877,0.428982,-0.167870,-0.612762,-0.581818
-0.104782,0.470455,0.716148,0.438984,-0.146267,-0.588451,-0.562645
-0.095581,0.469769,0.711525,0.436321,-0.148937,-0.596016,-0.590679
-0.165382,0.351761,0.559441,0.278812,-0.275665,-0.673668,-0.629459
-0.195911,0.307930,0.507313,0.241913,-0.281845,-0.651363,-0.613110
-0.250896,0.129532,0.224243,-0.058903,-0.502537,-0.730129,-0.506313
0.078815,0.669331,0.861774,0.506432,-0.139694,-0.602158,-0.560303
-0.059769,0.536797,0.791893,0.511330,-0.083145,-0.533516,-0.510933
-0.044151,0.525803,0.771133,0.498482,-0.080353,-0.519119,-0.496773
-0.039978,0.508347,0.723465,0.418930,-0.179756,-0.615723,-0.569107
-0.078491,0.502388,0.742920,0.452827,-0.144257,-0.590363,-0.559647
-0.082840,0.492172,0.736656,0.458290,-0.128151,-0.569565,-0.543976
-0.077133,0.487030,0.727600,0.451218,-0.131302,-0.570793,-0.545242
-0.084297,0.469135,0.690289,0.390770,-0.204906,-0.640812,-0.597057
-0.110249,0.468807,0.709499,0.424446,-0.168613,-0.612675,-0.582867
-0.108902,0.463287,0.707916,0.433601,-0.148819,-0.589180,-0.570354
-0.138527,0.352856,0.503757,0.172739,-0.397470,-0.765148,-0.640093
-0.091280,0.516989,0.757318,0.451395,-0.165279,-0.629812,-0.636885
-0.238522,0.237293,0.420643,0.159870,-0.337801,-0.672676,-0.608881
-0.249680,0.095537,0.143642,-0.163206,-0.596132,-0.784782,-0.515535
0.104845,0.711731,0.903790,0.540249,-0.114979,-0.585495,-0.548695
-0.049255,0.547188,0.805099,0.529282,-0.061481,-0.510120,-0.490719
-0.030010,0.532936,0.772305,0.495697,-0.084122,-0.522892,-0.497616
-0.037926,0.512299,0.729298,0.427605,-0.169254,-0.605358,-0.560829
-0.073261,0.505566,0.746025,0.458786,-0.134495,-0.578781,-0.550175
-0.077408,0.493591,0.738010,0.461533,-0.121082,-0.562618,-0.538124
-0.076271,0.484894,0.725430,0.452915,-0.124794,-0.562445,-0.539959
-0.084002,0.465460,0.683661,0.384142,-0.211529,-0.649384,-0.608533
-0.122650,0.458424,0.705019,0.425819,-0.162418,-0.605612,-0.584705
-0.136167,0.391304,0.590656,0.296888,-0.265727,-0.661054,-0.585875
-0.088442,0.481611,0.700682,0.391278,-0.215163,-0.658807,-0.617832
-0.128895,0.453253,0.698961,0.416929,-0.173138,-0.621071,-0.619507
-0.222355,0.235657,0.387691,0.099804,-0.409103,-0.733614,-0.639034
-0.236629,0.147490,0.211672,-0.106600,-0.567455,-0.787691,-0.542904
0.065941,0.673120,0.872311,0.516817,-0.135315,-0.607643,-0.574589
-0.078859,0.518801,0.779870,0.508163,-0.080474,-0.530912,-0.513289
-0.052391,0.510753,0.754223,0.482661,-0.095088,-0.533758,-0.511310
-0.055396,0.494020,0.713148,0.414542,-0.178275,-0.612330,-0.568697
-0.083970,0.493023,0.733618,0.452374,-0.135942,-0.578238,-0.550589
-0.083654,0.481566,0.720264,0.443978,-0.138445,-0.576859,-0.553171
-0.102859,0.426363,0.619633,0.307138,-0.277939,-0.686733,-0.611223
-0.100761,0.488062,0.728659,0.436676,-0.162275,-0.610226,-0.583290
-0.119989,0.431873,0.653433,0.367016,-0.208836,-0.628033,-0.584320
-0.136620,0.359745,0.516563,0.200191,-0.350628,-0.708862,-0.589108
-0.057274,0.529282,0.750050,0.433533,-0.182892,-0.638390,-0.627716
-0.207867,0.282402,0.462486,0.185776,-0.331600,-0.680138,-0.613277
-0.231510,0.142902,0.211140,-0.097256,-0.549301,-0.767647,-0.538568
0.017599,0.535484,0.653051,0.275303,-0.323645,-0.694418,-0.557795
0.007353,0.627886,0.875470,0.574762,-0.039694,-0.502048,-0.485494
-0.019799,0.549067,0.793321,0.519598,-0.059320,-0.498178,-0.475921
-0.018249,0.538763,0.773224,0.495661,-0.086083,-0.524807,-0.500460
-0.042665,0.509587,0.732501,0.439596,-0.148551,-0.580915,-0.540493
-0.062858,0.506128,0.742693,0.457454,-0.130913,-0.571310,-0.543731
-0.081752,0.471725,0.698786,0.415856,-0.160452,-0.585965,-0.547543
-0.075795,0.481501,0.701603,0.401034,-0.194702,-0.630672,-0.587956
-0.104134,0.473917,0.716541,0.436332,-0.149977,-0.591261,-0.571395
-0.134632,0.366523,0.537850,0.232923,-0.317302,-0.684721,-0.589697
-0.115568,0.372805,0.498260,0.151794,-0.410282,-0.756226,-0.611591
-0.052170,0.554886,0.785219,0.468409,-0.155149,-0.620646,-0.623789
-0.228373,0.223038,0.366581,0.078094,-0.417730,-0.716581,-0.573143
-0.085223,0.397277,0.520819,0.184169,-0.362325,-0.694790,-0.543644
0.014407,0.614234,0.836421,0.515437,-0.107382,-0.563364,-0.530722
-0.047126,0.531671,0.776976,0.497463,-0.091096,-0.534618,-0.509166
-0.044415,0.518636,0.757132,0.480640,-0.100040,-0.539660,-0.514247
-0.053441,0.503751,0.738395,0.458090,-0.125388,-0.565825,-0.539262
-0.076338,0.481980,0.708955,0.418125,-0.172847,-0.611912,-0.576171
-0.098287,0.474857,0.718477,0.440232,-0.145109,-0.586410,-0.560703
-0.096669,0.464705,0.701546,0.420493,-0.164698,-0.604871,-0.577065
-0.109974,0.450525,0.680643,0.393908,-0.192028,-0.624146,-0.585426
-0.110447,0.457867,0.694750,0.411787,-0.173342,-0.610523,-0.583660
-0.130196,0.404110,0.609253,0.315365,-0.257141,-0.664223,-0.609478
-0.163540,0.311554,0.437534,0.100388,-0.448544,-0.780476,-0.628792
-0.078983,0.499992,0.695679,0.362129,-0.249680,-0.681061,-0.631832
-0.178665,0.314339,0.465878,0.151115,-0.385403,-0.718719,-0.575249
-0.023827,0.576279,0.806557,0.495548,-0.121288,-0.582085,-0.559093
-0.086029,0.485264,0.725098,0.442120,-0.143024,-0.579250,-0.544609
-0.072699,0.492567,0.729355,0.448244,-0.136030,-0.572372,-0.543703
-0.077715,0.481686,0.714617,0.430666,-0.154472,-0.592640,-0.562847
-0.095745,0.463787,0.690990,0.399414,-0.188389,-0.620403,-0.579632
-0.100666,0.468666,0.703629,0.418762,-0.168259,-0.606335,-0.574501
-0.105370,0.459103,0.696087,0.415176,-0.169876,-0.607956,-0.580029
-0.113792,0.448788,0.685852,0.404045,-0.181889,-0.621822,-0.593773
-0.126442,0.436253,0.668549,0.382019,-0.203709,-0.636597,-0.601566
-0.145870,0.380886,0.573669,0.271446,-0.293686,-0.683693,-0.607143
-0.130810,0.385139,0.547684,0.222336,-0.349098,-0.725811,-0.626316
-0.133102,0.377110,0.518349,0.172871,-0.397022,-0.752663,-0.621548
-0.095047,0.456932,0.638565,0.314537,-0.266342,-0.658287,-0.568035
-0.059576,0.505772,0.716270,0.408138,-0.184351,-0.609295,-0.553701
-0.061031,0.517967,0.756639,0.466652,-0.130329,-0.579260,-0.556231
-0.101688,0.431727,0.631105,0.331497,-0.236910,-0.632122,-0.557809
-0.081747,0.437833,0.603968,0.279237,-0.292570,-0.670636,-0.565655
-0.037719,0.555714,0.792081,0.491991,-0.115981,-0.570922,-0.547990
-0.077919,0.490412,0.727305,0.442394,-0.142716,-0.576954,-0.545225
-0.094758,0.421923,0.602766,0.296515,-0.265773,-0.648082,-0.557074
-0.054703,0.504610,0.711084,0.400917,-0.191635,-0.615660,-0.560135
-0.067532,0.510426,0.748068,0.456083,-0.143850,-0.593752,-0.570707
-0.115168,0.420214,0.621540,0.322887,-0.248478,-0.646620,-0.577160
-0.103951,0.406946,0.564484,0.235144,-0.334387,-0.704330,-0.598135
-0.115864,0.362022,0.462440,0.098003,-0.461361,-0.786053,-0.627193
-0.095669,0.440784,0.605083,0.279510,-0.281414,-0.642838,-0.538952
-0.059952,0.440071,0.589760,0.269241,-0.277885,-0.624657,-0.491608
0.051430,0.646149,0.875961,0.565453,-0.050896,-0.511215,-0.488739
-0.017174,0.554573,0.793869,0.507423,-0.084099,-0.526657,-0.496338
-0.024818,0.542992,0.777405,0.490997,-0.098526,-0.538116,-0.505844
-0.034332,0.531509,0.765938,0.480522,-0.109970,-0.551506,-0.523102
-0.053467,0.512466,0.746986,0.458740,-0.134560,-0.579842,-0.550270
-0.077522,0.492485,0.732994,0.453613,-0.128944,-0.562614,-0.530319
-0.062698,0.496368,0.726036,0.437874,-0.149483,-0.587898,-0.555420
-0.084686,0.479424,0.713112,0.426003,-0.165188,-0.607399,-0.577709
-0.105820,0.460411,0.696205,0.411186,-0.173050,-0.606419,-0.575775
-0.136143,0.359062,0.514729,0.194290,-0.362511,-0.723743,-0.614769
-0.133652,0.344070,0.447258,0.084595,-0.474966,-0.800831,-0.631409
-0.071838,0.497282,0.671482,0.321527,-0.289927,-0.705324,-0.634401
-0.167543,0.325348,0.468964,0.151236,-0.379435,-0.697191,-0.536358
0.026409,0.628956,0.853836,0.534538,-0.087585,-0.549721,-0.525131
-0.049511,0.525284,0.768581,0.486103,-0.105392,-0.551823,-0.527294
-0.059551,0.505489,0.741077,0.458775,-0.123753,-0.555431,-0.521172
-0.051601,0.509394,0.738041,0.447886,-0.141445,-0.579865,-0.547396
-0.075687,0.489380,0.723043,0.434931,-0.157257,-0.600458,-0.569796
-0.097920,0.468294,0.702118,0.409286,-0.189526,-0.636357,-0.603426
-0.123439,0.455699,0.701355,0.424154,-0.160151,-0.596517,-0.565917
-0.097035,0.464260,0.696139,0.409195,-0.178902,-0.618046,-0.586290
-0.114305,0.451042,0.682056,0.389376,-0.208309,-0.654022,-0.621931
-0.147655,0.417034,0.647408,0.362881,-0.213047,-0.634270,-0.590611
-0.136131,0.373791,0.542088,0.224388,-0.342400,-0.720364,-0.625038
-0.145725,0.347786,0.471504,0.118439,-0.449196,-0.794785,-0.641979
-0.069572,0.549377,0.786613,0.469807,-0.160587,-0.629925,-0.611481
-0.154636,0.376183,0.567135,0.262119,-0.304798,-0.688759,-0.590595
-0.066479,0.528057,0.765522,0.465546,-0.144264,-0.601021,-0.575977
-0.099903,0.474380,0.714245,0.424465,-0.175232,-0.623917,-0.592823
-0.112709,0.467533,0.714279,0.438156,-0.145081,-0.582344,-0.551659
-0.082695,0.478676,0.711609,0.424728,-0.163307,-0.602394,-0.570580
-0.099522,0.465885,0.696957,0.403351,-0.194275,-0.639931,-0.606808
-0.126633,0.450741,0.693672,0.408886,-0.184879,-0.631596,-0.602459
-0.127205,0.446266,0.687283,0.403534,-0.186275,-0.629074,-0.598003
-0.123768,0.447720,0.685795,0.399128,-0.194546,-0.640194,-0.609020
-0.132725,0.439827,0.678955,0.389435,-0.208050,-0.654541,-0.629082
-0.182854,0.322792,0.487846,0.173767,-0.378670,-0.733627,-0.620392
-0.143833,0.314724,0.393066,0.015556,-0.539173,-0.841682,-0.638374
-0.027645,0.607780,0.843761,0.512028,-0.133160,-0.612278,-0.590836
-0.104656,0.487450,0.743999,0.470749,-0.115509,-0.556744,-0.529022
-0.061047,0.503252,0.738104,0.453119,-0.134995,-0.574162,-0.542435
-0.071465,0.491898,0.722891,0.429205,-0.168505,-0.614246,-0.580238
-0.100163,0.476128,0.718960,0.433098,-0.161743,-0.608547,-0.579502
-0.103367,0.469997,0.712858,0.432888,-0.150257,-0.586451,-0.554707
-0.084692,0.477724,0.707783,0.416101,-0.177666,-0.619499,-0.585526
-0.109388,0.462025,0.698072,0.407444,-0.190163,-0.635798,-0.602657
-0.122463,0.453949,0.696905,0.416052,-0.168940,-0.605009,-0.571184
-0.099106,0.466333,0.698414,0.409714,-0.181099,-0.621958,-0.588968
-0.115765,0.452747,0.684942,0.392454,-0.206017,-0.651531,-0.616314
-0.134062,0.445370,0.691319,0.410501,-0.181290,-0.627024,-0.608631
-0.179182,0.300083,0.438990,0.112694,-0.432320,-0.766235,-0.615541
-0.055975,0.545366,0.770041,0.446648,-0.181477,-0.643682,-0.611334
-0.121181,0.468029,0.718781,0.436859,-0.158960,-0.607712,-0.581572
-0.107339,0.465118,0.707082,0.428175,-0.155868,-0.590999,-0.557222
-0.086171,0.476295,0.707381,0.416718,-0.177016,-0.618818,-0.584813
-0.108647,0.461821,0.696930,0.405374,-0.192176,-0.636778,-0.602615
-0.121407,0.457964,0.704827,0.424914,-0.165006,-0.609866,-0.583775
-0.114473,0.453098,0.687294,0.399715,-0.193892,-0.636540,-0.601418
-0.123166,0.450347,0.686522,0.393095,-0.208261,-0.655655,-0.620349
-0.135077,0.448324,0.697228,0.417386,-0.175393,-0.623084,-0.595889
-0.123540,0.448029,0.689116,0.408367,-0.176522,-0.611511,-0.577593
-0.104443,0.460105,0.688374,0.392969,-0.206438,-0.649950,-0.612751
-0.129509,0.449925,0.692945,0.408250,-0.186407,-0.633027,-0.602816
-0.126501,0.449975,0.695924,0.419991,-0.166964,-0.610837,-0.593534
-0.175908,0.281877,0.396571,0.053126,-0.495198,-0.819690,-0.647931
-0.064556,0.558423,0.794769,0.472196,-0.162932,-0.635010,-0.608539
-0.121281,0.471898,0.731462,0.457297,-0.132793,-0.581733,-0.560664
-0.093415,0.473098,0.711123,0.427337,-0.159587,-0.596596,-0.560774
-0.085741,0.481646,0.710772,0.413284,-0.187214,-0.630833,-0.593744
-0.108660,0.472595,0.718393,0.435472,-0.157433,-0.604275,-0.575264
-0.103071,0.467363,0.705368,0.422541,-0.163433,-0.599501,-0.563721
-0.089706,0.474720,0.703840,0.408302,-0.190262,-0.633919,-0.597841
-0.114737,0.462605,0.704527,0.418743,-0.176994,-0.621758,-0.591663
-0.114487,0.461864,0.707687,0.429674,-0.157389,-0.600395,-0.574423
-0.107193,0.455397,0.687582,0.398014,-0.192682,-0.628540,-0.589619
-0.110537,0.460869,0.693003,0.398497,-0.200020,-0.643627,-0.607500
-0.124346,0.455002,0.700865,0.419962,-0.170938,-0.614817,-0.587749
-0.116507,0.450062,0.684238,0.396641,-0.193075,-0.628941,-0.591005
-0.112896,0.456568,0.687754,0.391335,-0.209078,-0.653585,-0.616396
-0.131210,0.450150,0.696056,0.412266,-0.180517,-0.626258,-0.597131
-0.121890,0.452544,0.699399,0.424362,-0.159750,-0.601786,-0.575826
-0.111540,0.447156,0.672557,0.377243,-0.218164,-0.656735,-0.614639
-0.128499,0.449902,0.689944,0.400346,-0.196238,-0.640860,-0.607692
-0.128446,0.448983,0.694899,0.416002,-0.170958,-0.613859,-0.586802
-0.118498,0.445156,0.676449,0.386971,-0.202655,-0.638430,-0.599424
-0.119278,0.451227,0.683447,0.389029,-0.209400,-0.652918,-0.615726
-0.132490,0.447915,0.693851,0.412045,-0.178773,-0.622567,-0.594441
-0.122146,0.450346,0.698207,0.426121,-0.154092,-0.594218,-0.571250
-0.110906,0.442908,0.663472,0.362391,-0.238731,-0.679053,-0.635759
-0.144523,0.441859,0.688835,0.405131,-0.190497,-0.637102,-0.607852
-0.131512,0.444990,0.693895,0.418937,-0.165097,-0.608030,-0.592724
-0.179032,0.272902,0.380824,0.032625,-0.514548,-0.831060,-0.651392
-0.061157,0.564713,0.800016,0.478362,-0.155856,-0.625080,-0.598713
-0.112535,0.475664,0.731273,0.457092,-0.131060,-0.578078,-0.557061
-0.102556,0.437656,0.652557,0.366373,-0.201431,-0.610703,-0.552275
-0.065586,0.499676,0.719856,0.410574,-0.198681,-0.645117,-0.603977
-0.112928,0.475216,0.724909,0.443893,-0.151030,-0.597919,-0.571888
-0.098742,0.475567,0.724247,0.452969,-0.128401,-0.569677,-0.546875
-0.086700,0.467918,0.688301,0.388012,-0.209398,-0.646048,-0.601072
-0.111105,0.471085,0.712925,0.425106,-0.170696,-0.615524,-0.584517
-0.107416,0.467884,0.713642,0.436539,-0.147671,-0.588827,-0.562975
-0.097820,0.459780,0.683119,0.385757,-0.211679,-0.648354,-0.605358
-0.117352,0.461920,0.700872,0.409214,-0.188435,-0.633137,-0.599073
-0.118942,0.459364,0.704193,0.424219,-0.163809,-0.606794,-0.578846
-0.108683,0.460720,0.706493,0.433315,-0.147005,-0.587238,-0.563402
-0.104151,0.448580,0.669044,0.369818,-0.226538,-0.662138,-0.616122
-0.127075,0.454206,0.696126,0.410340,-0.183444,-0.632130,-0.624475
-0.208591,0.283604,0.468527,0.195635,-0.323817,-0.679297,-0.624202
-0.256039,0.100013,0.144203,-0.186055,-0.646082,-0.848879,-0.577042
0.060566,0.689411,0.902256,0.550516,-0.104733,-0.582108,-0.555035
-0.064259,0.530445,0.790535,0.521767,-0.063969,-0.512505,-0.493977
-0.036091,0.525040,0.764561,0.492012,-0.086712,-0.524399,-0.500977
-0.043125,0.507233,0.725342,0.424747,-0.170044,-0.605080,-0.561440
-0.074757,0.503197,0.743767,0.457611,-0.135571,-0.578781,-0.549110
-0.077240,0.493843,0.737373,0.461967,-0.120564,-0.562016,-0.537437
-0.076477,0.476963,0.696175,0.394726,-0.201881,-0.638714,-0.592945
-0.104141,0.476891,0.718559,0.430573,-0.163448,-0.608463,-0.577641
-0.103653,0.470512,0.716122,0.440823,-0.141594,-0.582932,-0.557262
-0.094238,0.468084,0.707819,0.434515,-0.143976,-0.581421,-0.556776
-0.098677,0.451933,0.669323,0.368023,-0.230385,-0.668997,-0.624987
-0.135971,0.447232,0.694963,0.412984,-0.178006,-0.622948,-0.601818
-0.158915,0.353210,0.531503,0.226642,-0.330352,-0.707405,-0.618017
-0.120172,0.438574,0.649378,0.345464,-0.243813,-0.664586,-0.603878
-0.103202,0.481784,0.722488,0.431588,-0.166291,-0.614155,-0.584202
-0.108146,0.466118,0.711826,0.436627,-0.146671,-0.587901,-0.563100
-0.098987,0.464418,0.707180,0.435898,-0.141566,-0.578970,-0.556237
-0.100035,0.449674,0.668123,0.368851,-0.227549,-0.665148,-0.622087
-0.134991,0.447289,0.695080,0.417068,-0.170969,-0.613962,-0.587975
-0.120728,0.445786,0.687723,0.412699,-0.168472,-0.606611,-0.580700
-0.118412,0.436348,0.658833,0.361607,-0.230816,-0.665443,-0.621395
-0.135273,0.443111,0.685093,0.402298,-0.187546,-0.628418,-0.599350
-0.128075,0.440483,0.681511,0.403637,-0.179379,-0.617397,-0.595264
-0.157230,0.343235,0.503143,0.176159,-0.393959,-0.765450,-0.649059
-0.106873,0.497761,0.737419,0.433765,-0.177731,-0.632244,-0.608883
-0.155952,0.370987,0.563957,0.265827,-0.293297,-0.680279,-0.621239
-0.205223,0.221672,0.319443,-0.001701,-0.497643,-0.767300,-0.565632
0.018070,0.619881,0.827423,0.487053,-0.151068,-0.612438,-0.576340
-0.083452,0.506510,0.760929,0.485567,-0.100830,-0.545139,-0.522419
-0.059397,0.500970,0.737783,0.460604,-0.118801,-0.554226,-0.525630
-0.064597,0.486960,0.703331,0.401993,-0.193528,-0.627333,-0.581494
-0.092628,0.485539,0.727299,0.443302,-0.146762,-0.587860,-0.559022
-0.088955,0.478395,0.718225,0.440132,-0.142129,-0.580379,-0.554579
-0.096313,0.451533,0.675948,0.394306,-0.178770,-0.600101,-0.558509
-0.086549,0.471935,0.693216,0.394794,-0.199791,-0.634619,-0.592725
-0.109716,0.465577,0.707422,0.426443,-0.159652,-0.599745,-0.571861
-0.107622,0.450050,0.683226,0.406356,-0.169805,-0.600054,-0.566320
-0.100195,0.452511,0.671000,0.371767,-0.222641,-0.656315,-0.615225
-0.145708,0.396694,0.598145,0.298641,-0.273563,-0.679367,-0.641911
-0.248253,0.160402,0.253778,-0.059011,-0.537880,-0.791592,-0.599506
-0.084867,0.392859,0.491164,0.133418,-0.416393,-0.733582,-0.560458
0.017419,0.629079,0.853222,0.525385,-0.108130,-0.573736,-0.545745
-0.059919,0.526947,0.779272,0.503786,-0.083714,-0.530094,-0.508450
-0.043568,0.521568,0.763105,0.489626,-0.091002,-0.530571,-0.507061
-0.047165,0.505219,0.726307,0.430622,-0.160282,-0.593422,-0.550838
-0.068127,0.505886,0.745483,0.462269,-0.125069,-0.566399,-0.537796
-0.072845,0.488457,0.723267,0.445084,-0.133362,-0.566856,-0.537323
-0.078293,0.470310,0.691570,0.404840,-0.174252,-0.600569,-0.558058
-0.083235,0.480040,0.707043,0.413311,-0.180536,-0.621471,-0.587584
-0.118368,0.434471,0.655046,0.365696,-0.210129,-0.628321,-0.581659
-0.132019,0.365295,0.519146,0.196903,-0.359732,-0.726658,-0.638952
-0.174999,0.338457,0.527836,0.247633,-0.284933,-0.654388,-0.612167
-0.249928,0.121738,0.203857,-0.087849,-0.529222,-0.756527,-0.589060
-0.174011,0.168915,0.185440,-0.149776,-0.586399,-0.756248,-0.461548
0.166470,0.748692,0.900681,0.512077,-0.135742,-0.571579,-0.491631
0.040794,0.652328,0.908577,0.622299,0.020187,-0.437752,-0.421722
0.038559,0.602058,0.845863,0.575600,0.000099,-0.438316,-0.418556
0.033707,0.583389,0.815468,0.537498,-0.041733,-0.478951,-0.456047
0.000313,0.549187,0.769722,0.477379,-0.108261,-0.540100,-0.501114
-0.025887,0.539726,0.774902,0.492187,-0.093681,-0.531609,-0.507454
-0.059608,0.468140,0.667755,0.371300,-0.198860,-0.602661,-0.537834
-0.044807,0.527702,0.760925,0.470421,-0.124146,-0.570686,-0.545288
-0.079605,0.481438,0.709167,0.418106,-0.173100,-0.610435,-0.578846
-0.128513,0.384136,0.560013,0.250801,-0.310509,-0.685005,-0.591133
-0.105450,0.404133,0.550602,0.212254,-0.359367,-0.725517,-0.601887
-0.057417,0.544588,0.778708,0.471510,-0.140570,-0.593721,-0.569010
-0.114752,0.411549,0.601925,0.300239,-0.262411,-0.648008,-0.560259
-0.052328,0.527144,0.758471,0.460228,-0.141026,-0.590283,-0.563669
-0.094830,0.468375,0.699218,0.409292,-0.177853,-0.612148,-0.573635
-0.096910,0.471179,0.706861,0.421728,-0.164574,-0.601944,-0.570385
-0.102503,0.460730,0.695507,0.413387,-0.170906,-0.610188,-0.582478
-0.116455,0.445915,0.681793,0.398815,-0.187305,-0.627422,-0.599556
-0.132401,0.430119,0.662243,0.376518,-0.208412,-0.640503,-0.606644
-0.151123,0.375458,0.567093,0.264702,-0.302544,-0.693665,-0.616264
-0.129326,0.410805,0.600243,0.286880,-0.295151,-0.698967,-0.622429
-0.114861,0.466225,0.698174,0.398613,-0.201012,-0.643768,-0.612656
-0.163757,0.345512,0.517067,0.206512,-0.349281,-0.716354,-0.617073
-0.144592,0.330444,0.435852,0.078316,-0.479088,-0.803795,-0.654709
-0.179741,0.213776,0.201317,-0.225121,-0.752121,-0.969505,-0.686714
-0.069481,0.481575,0.608574,0.238235,-0.342628,-0.688637,-0.538227
0.000546,0.541233,0.693111,0.342518,-0.245155,-0.622349,-0.502838
0.043388,0.650053,0.892679,0.591940,-0.021572,-0.483971,-0.467464
-0.001820,0.563090,0.798536,0.514133,-0.072437,-0.509109,-0.474920
-0.002495,0.562297,0.796650,0.513118,-0.073566,-0.511328,-0.483100
-0.018533,0.540426,0.772911,0.487531,-0.099028,-0.538614,-0.510237
-0.043566,0.517483,0.750089,0.461902,-0.131340,-0.575591,-0.546947
-0.075123,0.493966,0.731612,0.448423,-0.139866,-0.580183,-0.549594
-0.078772,0.488348,0.725020,0.441844,-0.146431,-0.588687,-0.563925
-0.114498,0.407990,0.597521,0.291089,-0.281143,-0.677209,-0.599828
-0.112908,0.419388,0.596173,0.275162,-0.297844,-0.680025,-0.587912
-0.107876,0.386345,0.513691,0.166164,-0.396965,-0.742002,-0.618931
-0.163883,0.233323,0.245031,-0.156490,-0.675416,-0.901414,-0.633025
-0.050585,0.426935,0.455694,0.019277,-0.558665,-0.849019,-0.655147
-0.149469,0.290090,0.357426,0.011009,-0.475803,-0.703213,-0.446022
0.181938,0.801208,1.006496,0.656044,0.009869,-0.458534,-0.426491
0.063324,0.650223,0.899635,0.616356,0.017212,-0.438766,-0.420792
0.042397,0.604866,0.839844,0.558868,-0.022354,-0.453735,-0.419189
0.047714,0.605080,0.833038,0.545128,-0.043961,-0.483124,-0.453362
0.011749,0.572212,0.803261,0.515472,-0.075432,-0.518349,-0.492302
-0.025009,0.536652,0.765953,0.473518,-0.125893,-0.572350,-0.545891
-0.093811,0.426414,0.608826,0.297287,-0.271217,-0.654800,-0.560165
-0.050301,0.514481,0.719543,0.406017,-0.191814,-0.616188,-0.557102
-0.058041,0.524361,0.761520,0.463200,-0.145947,-0.601070,-0.578312
-0.119152,0.417862,0.617882,0.319885,-0.243996,-0.633741,-0.556942
-0.087204,0.412436,0.553934,0.214567,-0.353182,-0.712566,-0.592974
-0.097433,0.392622,0.502167,0.135048,-0.435770,-0.773769,-0.607590
-0.022913,0.603303,0.841872,0.525402,-0.103687,-0.569790,-0.550105
-0.092039,0.442912,0.637950,0.332087,-0.241541,-0.638019,-0.554218
-0.041410,0.543869,0.777041,0.475741,-0.132451,-0.585655,-0.558068
-0.081430,0.490476,0.727983,0.434894,-0.165158,-0.614197,-0.586386
-0.128075,0.405170,0.600477,0.299770,-0.265816,-0.653345,-0.564579
-0.053688,0.527744,0.758080,0.456902,-0.147259,-0.597443,-0.568813
-0.097004,0.471100,0.704842,0.412907,-0.185997,-0.631943,-0.600086
-0.122143,0.453999,0.695705,0.415569,-0.169693,-0.606026,-0.577347
-0.130875,0.381851,0.558784,0.247696,-0.318413,-0.700584,-0.604553
-0.085480,0.500153,0.730759,0.426918,-0.181831,-0.635582,-0.607544
-0.130463,0.442871,0.682785,0.395004,-0.202705,-0.649414,-0.628082
-0.197670,0.276688,0.408791,0.080635,-0.457420,-0.779564,-0.632820
-0.143578,0.299232,0.346352,-0.053307,-0.605553,-0.885086,-0.651192
-0.016014,0.631920,0.867592,0.528717,-0.125504,-0.611626,-0.592232
-0.106133,0.487846,0.746246,0.474838,-0.109596,-0.550987,-0.524391
-0.058502,0.502747,0.735550,0.449516,-0.137688,-0.574974,-0.544312
-0.074394,0.487923,0.715927,0.421234,-0.177475,-0.622246,-0.589233
-0.109161,0.468102,0.709946,0.424080,-0.171738,-0.618538,-0.589478
-0.114311,0.459084,0.700989,0.421051,-0.164009,-0.600143,-0.567368
-0.097305,0.466141,0.695267,0.404617,-0.189102,-0.630890,-0.597847
-0.120674,0.449814,0.684952,0.393417,-0.204109,-0.649658,-0.619362
-0.154678,0.388794,0.595207,0.299652,-0.270599,-0.668602,-0.595100
-0.099327,0.462242,0.674866,0.367874,-0.227394,-0.657036,-0.606087
-0.115082,0.463249,0.698341,0.401886,-0.201500,-0.650902,-0.618568
-0.137215,0.444260,0.692230,0.411461,-0.180275,-0.625961,-0.610451
-0.195580,0.254601,0.360786,0.016731,-0.521454,-0.830040,-0.646416
-0.064964,0.539513,0.749718,0.412964,-0.217651,-0.669624,-0.620293
-0.113319,0.486702,0.743286,0.459320,-0.141457,-0.597076,-0.573830
-0.101501,0.472984,0.717926,0.440994,-0.142067,-0.578178,-0.546356
-0.076267,0.486221,0.716351,0.424740,-0.168957,-0.609749,-0.575722
-0.098557,0.471924,0.707043,0.414516,-0.183018,-0.628582,-0.594395
-0.114143,0.465256,0.712143,0.435184,-0.149857,-0.589882,-0.561935
-0.094704,0.465931,0.694225,0.400799,-0.193718,-0.632385,-0.594299
-0.114082,0.458443,0.692661,0.398273,-0.203060,-0.649456,-0.614140
-0.129833,0.452610,0.699585,0.418812,-0.173916,-0.620579,-0.600178
-0.161907,0.335865,0.494080,0.175190,-0.378120,-0.731007,-0.602045
-0.058155,0.539371,0.766125,0.447723,-0.175455,-0.635691,-0.604322
-0.118071,0.468250,0.718092,0.436247,-0.158520,-0.606230,-0.579058
-0.105756,0.466755,0.705842,0.423108,-0.163749,-0.599714,-0.578483
-0.179428,0.226753,0.282510,-0.087090,-0.609551,-0.871289,-0.632459
-0.002160,0.638986,0.868907,0.530190,-0.121920,-0.603018,-0.580607
-0.092493,0.502506,0.762894,0.490515,-0.099764,-0.549871,-0.528988
-0.063879,0.499531,0.734478,0.449589,-0.137451,-0.573605,-0.536938
-0.062046,0.503242,0.732243,0.434620,-0.165031,-0.609772,-0.571842
-0.087883,0.491276,0.735973,0.451958,-0.141056,-0.587032,-0.559120
-0.086063,0.483269,0.721157,0.438210,-0.147881,-0.584068,-0.548412
-0.076473,0.486870,0.714916,0.418312,-0.180336,-0.624073,-0.587105
-0.105068,0.473164,0.714993,0.429111,-0.166721,-0.612556,-0.582550
-0.105465,0.469822,0.715565,0.437469,-0.149677,-0.592766,-0.566872
-0.100704,0.462788,0.691963,0.398430,-0.199123,-0.640797,-0.603733
-0.120625,0.457699,0.697662,0.406033,-0.193539,-0.641125,-0.607964
-0.125793,0.456482,0.705250,0.426247,-0.163750,-0.609661,-0.599262
-0.207027,0.193371,0.245361,-0.122108,-0.637569,-0.887486,-0.637913
-0.000877,0.640106,0.865963,0.520290,-0.136761,-0.619820,-0.594467
-0.102463,0.495419,0.755733,0.480354,-0.112900,-0.563995,-0.541161
-0.072159,0.499008,0.745552,0.472153,-0.111320,-0.552734,-0.529091
-0.067108,0.489296,0.713402,0.412888,-0.187675,-0.630386,-0.590439
-0.102524,0.481529,0.726196,0.439224,-0.159645,-0.607521,-0.578552
-0.100548,0.477608,0.725204,0.447983,-0.140259,-0.585419,-0.559616
-0.092567,0.471802,0.703789,0.414024,-0.176872,-0.613903,-0.576149
-0.096272,0.473969,0.705921,0.411232,-0.188442,-0.633202,-0.597237
-0.113270,0.466881,0.712559,0.430496,-0.160576,-0.605606,-0.577728
-0.107632,0.458771,0.690830,0.401134,-0.189686,-0.626648,-0.587841
-0.107899,0.462410,0.694427,0.397858,-0.203682,-0.648331,-0.611282
-0.127216,0.454014,0.699791,0.416847,-0.176075,-0.621952,-0.592964
-0.118835,0.455475,0.701225,0.427048,-0.157187,-0.599346,-0.586205
-0.182470,0.248856,0.333431,-0.025198,-0.564144,-0.859800,-0.656534
-0.047796,0.585661,0.821646,0.494802,-0.143583,-0.617914,-0.594656
-0.110582,0.479437,0.735870,0.462509,-0.125809,-0.572016,-0.555077
-0.120241,0.379978,0.542561,0.222137,-0.340515,-0.707546,-0.589676
-0.050915,0.546410,0.774914,0.461178,-0.158356,-0.616940,-0.584911
-0.098984,0.486034,0.736538,0.458275,-0.132950,-0.580082,-0.554291
-0.085293,0.484901,0.731457,0.459053,-0.120510,-0.560966,-0.538338
-0.079308,0.472225,0.691498,0.391085,-0.206448,-0.643217,-0.598364
-0.109493,0.471609,0.713350,0.426407,-0.169502,-0.614437,-0.584513
-0.108482,0.465754,0.710459,0.434265,-0.150017,-0.591248,-0.565466
-0.101360,0.455204,0.678491,0.380105,-0.216395,-0.654095,-0.611135
-0.123164,0.456073,0.695968,0.406222,-0.191485,-0.636245,-0.603214
-0.124104,0.452211,0.696047,0.417043,-0.170999,-0.613997,-0.588014
-0.128584,0.417489,0.637224,0.352902,-0.216962,-0.631199,-0.577691
-0.096849,0.465553,0.683883,0.374724,-0.232450,-0.676816,-0.634601
-0.142480,0.445755,0.694566,0.412680,-0.180172,-0.627934,-0.604714
-0.150952,0.381698,0.584230,0.292636,-0.268799,-0.661982,-0.585651
-0.086103,0.485069,0.704271,0.392069,-0.218122,-0.663528,-0.621370
-0.129307,0.455940,0.701788,0.415010,-0.179756,-0.625511,-0.595419
-0.120201,0.455189,0.701036,0.425001,-0.158148,-0.598253,-0.572334
-0.107111,0.457394,0.698317,0.422283,-0.160862,-0.601938,-0.578936
-0.116604,0.440159,0.663645,0.368387,-0.225986,-0.663532,-0.620419
-0.133270,0.446131,0.690096,0.406338,-0.185440,-0.629204,-0.599098
-0.125813,0.445705,0.691628,0.417618,-0.163521,-0.603584,-0.579578
-0.118206,0.436630,0.657230,0.357162,-0.239048,-0.674503,-0.628342
-0.138172,0.443249,0.686283,0.399651,-0.193993,-0.637657,-0.606472
-0.131142,0.442410,0.689362,0.415405,-0.166664,-0.606670,-0.586514
-0.151413,0.344189,0.499279,0.169476,-0.401482,-0.771851,-0.650440
-0.103283,0.505299,0.744968,0.439365,-0.175037,-0.633408,-0.606056
-0.129642,0.444004,0.686172,0.408447,-0.172470,-0.605473,-0.578381
-0.148125,0.329004,0.468719,0.145174,-0.398096,-0.737125,-0.596384
-0.046682,0.549763,0.770563,0.448214,-0.175945,-0.632271,-0.596052
-0.105971,0.481213,0.730929,0.450912,-0.140093,-0.585054,-0.559068
-0.094757,0.460054,0.688441,0.406825,-0.168179,-0.592399,-0.557578
-0.120646,0.359189,0.489861,0.145634,-0.419106,-0.766710,-0.619814
-0.052290,0.563770,0.804002,0.493090,-0.128534,-0.591141,-0.567012
-0.087940,0.493216,0.745748,0.474377,-0.108065,-0.550406,-0.530615
-0.084169,0.445127,0.650188,0.360113,-0.204710,-0.607119,-0.542870
-0.053345,0.511797,0.731855,0.425381,-0.178165,-0.619923,-0.579035
-0.093122,0.487001,0.731674,0.450565,-0.138592,-0.580746,-0.556862
-0.104399,0.428907,0.632086,0.338194,-0.230410,-0.631674,-0.562384
-0.066883,0.502228,0.722317,0.412943,-0.194450,-0.637089,-0.595118
-0.105200,0.477917,0.721653,0.437662,-0.154346,-0.598349,-0.573362
-0.123713,0.398022,0.587784,0.288418,-0.271929,-0.657196,-0.578884
-0.118387,0.358429,0.480253,0.140928,-0.406254,-0.734512,-0.578217
-0.017010,0.583996,0.804424,0.475845,-0.155472,-0.618889,-0.585796
-0.095882,0.495041,0.751389,0.478916,-0.107548,-0.553871,-0.532169
-0.070156,0.493118,0.732811,0.456535,-0.122948,-0.560406,-0.533821
-0.071854,0.481609,0.702801,0.404282,-0.190395,-0.625320,-0.581566
-0.096718,0.481373,0.723057,0.439964,-0.149204,-0.591370,-0.566517
-0.116020,0.408501,0.602001,0.302429,-0.262028,-0.653324,-0.581963
-0.121517,0.363064,0.495506,0.160847,-0.392464,-0.733627,-0.590122
-0.034752,0.565357,0.790760,0.470043,-0.153484,-0.612114,-0.579159
-0.094269,0.487770,0.736298,0.459980,-0.125404,-0.566753,-0.546955
-0.114170,0.379131,0.541702,0.232002,-0.316113,-0.673630,-0.559032
-0.031334,0.550148,0.767834,0.450214,-0.166328,-0.616085,-0.580196
-0.105095,0.450645,0.667259,0.374954,-0.200867,-0.611244,-0.559772
-0.113182,0.364506,0.494026,0.161354,-0.384129,-0.718513,-0.579037
-0.069649,0.427280,0.534847,0.158924,-0.423546,-0.768215,-0.603760
-0.017864,0.612488,0.857109,0.547611,-0.076527,-0.543591,-0.529739
-0.079414,0.448845,0.645061,0.347198,-0.215572,-0.605202,-0.532196
-0.071110,0.413124,0.543266,0.206314,-0.345367,-0.683949,-0.538864
0.015133,0.613873,0.834980,0.512928,-0.109974,-0.567989,-0.536385
-0.062603,0.497677,0.722691,0.434799,-0.140572,-0.560272,-0.518051
-0.075745,0.407455,0.550243,0.225822,-0.321251,-0.666996,-0.542683
-0.045399,0.447350,0.558571,0.188232,-0.391647,-0.737656,-0.578438
0.000313,0.626511,0.869934,0.562187,-0.058273,-0.524612,-0.508102
-0.046356,0.510796,0.741486,0.464104,-0.107697,-0.530701,-0.496635
-0.060463,0.429352,0.582603,0.263657,-0.291676,-0.654388,-0.543964
-0.024311,0.549194,0.762886,0.452053,-0.149956,-0.593124,-0.590752
-0.222099,0.183258,0.290943,-0.002792,-0.470600,-0.730942,-0.580593
-0.156136,0.210754,0.244186,-0.095772,-0.553699,-0.751511,-0.477669
0.154091,0.770294,0.967674,0.604500,-0.052315,-0.525391,-0.492119
0.001869,0.594856,0.850304,0.574974,-0.014336,-0.462517,-0.444626
0.013603,0.572136,0.811028,0.537849,-0.038582,-0.475952,-0.455154
-0.000877,0.549828,0.780968,0.500122,-0.080978,-0.520035,-0.495049
-0.036613,0.516266,0.739803,0.448490,-0.137104,-0.569870,-0.532776
-0.065277,0.485855,0.703754,0.410767,-0.169647,-0.593365,-0.553162
-0.106995,0.389801,0.544113,0.223299,-0.334852,-0.698404,-0.580992
-0.048546,0.540567,0.764844,0.451800,-0.161187,-0.611325,-0.582651
-0.137159,0.361903,0.518462,0.197928,-0.356038,-0.711531,-0.596874
-0.112081,0.365374,0.469273,0.110237,-0.444755,-0.767073,-0.613676
-0.128578,0.287657,0.300632,-0.113314,-0.651392,-0.900280,-0.664335
-0.102321,0.403796,0.512652,0.153640,-0.399383,-0.722686,-0.596638
-0.160128,0.239218,0.302849,-0.023796,-0.487102,-0.700010,-0.447001
0.146541,0.705341,0.850729,0.476107,-0.145168,-0.554691,-0.459415
0.074512,0.678749,0.918968,0.618767,0.009693,-0.445385,-0.421631
0.048260,0.616390,0.855999,0.576687,-0.006802,-0.446289,-0.426617
0.014812,0.535221,0.727551,0.428757,-0.139835,-0.541103,-0.477688
-0.011459,0.503250,0.671383,0.351555,-0.219315,-0.605251,-0.516869
-0.031754,0.484093,0.635780,0.292824,-0.290211,-0.668659,-0.563080
-0.071663,0.422115,0.541203,0.187439,-0.373081,-0.707724,-0.557758
-0.038960,0.458504,0.565615,0.194122,-0.379086,-0.715555,-0.549822
0.028543,0.640686,0.864330,0.541855,-0.079515,-0.532113,-0.501982
-0.051151,0.456117,0.621770,0.307300,-0.247508,-0.609713,-0.510509
-0.050807,0.390057,0.456718,0.079343,-0.467450,-0.769921,-0.631037
-0.240396,0.021714,-0.082830,-0.496955,-0.911129,-0.977632,-0.588304
0.035841,0.512680,0.554422,0.149410,-0.399387,-0.676510,-0.475414
0.054970,0.541439,0.645458,0.294327,-0.245049,-0.550949,-0.372524
0.192024,0.767990,0.954788,0.614342,-0.001404,-0.433792,-0.377792
0.103539,0.644905,0.833580,0.515518,-0.068275,-0.469963,-0.399162
0.066559,0.556343,0.687073,0.345802,-0.214088,-0.560822,-0.432625
0.067520,0.557220,0.665413,0.298889,-0.273323,-0.615662,-0.471375
0.038849,0.523895,0.614792,0.235039,-0.336601,-0.664680,-0.496506
0.046188,0.576103,0.710472,0.347412,-0.237976,-0.602158,-0.473663
0.040443,0.555710,0.686310,0.330254,-0.246231,-0.603546,-0.473129
0.035072,0.534721,0.649841,0.283340,-0.290787,-0.635994,-0.482841
0.074265,0.655563,0.850601,0.518333,-0.088318,-0.511688,-0.452591
0.011303,0.508072,0.648663,0.310333,-0.254448,-0.612858,-0.514778
-0.094276,0.265762,0.255283,-0.142834,-0.638855,-0.836308,-0.554287
0.015278,0.458546,0.457268,0.009644,-0.558895,-0.828213,-0.620335
-0.123245,0.295101,0.344353,-0.001431,-0.471012,-0.673534,-0.401451
0.197308,0.728073,0.827122,0.422211,-0.192932,-0.565128,-0.427975
0.108379,0.650558,0.800972,0.446960,-0.146072,-0.528591,-0.413395
0.116829,0.688087,0.886841,0.564114,-0.032120,-0.449074,-0.385593
0.098267,0.643124,0.838181,0.524494,-0.062775,-0.477680,-0.418999
0.056206,0.589558,0.776157,0.458981,-0.125877,-0.534475,-0.462700
0.041107,0.620385,0.849554,0.544274,-0.069823,-0.529865,-0.514923
-0.087929,0.385961,0.516596,0.181116,-0.369101,-0.704275,-0.560696
-0.050182,0.443962,0.548759,0.174976,-0.401470,-0.740173,-0.572742
0.012192,0.637680,0.874554,0.549553,-0.090919,-0.571228,-0.563667
-0.133240,0.346985,0.483910,0.157593,-0.379631,-0.706818,-0.581688
-0.144142,0.229866,0.227371,-0.171616,-0.676308,-0.899918,-0.702408
-0.315193,-0.100410,-0.245964,-0.657738,-1.028542,-1.026665,-0.543198
0.209366,0.827103,0.958603,0.540901,-0.118179,-0.542709,-0.446678
0.070412,0.615982,0.785378,0.451157,-0.130081,-0.513611,-0.411133
0.101601,0.657486,0.849800,0.526550,-0.070183,-0.488609,-0.423653
0.076324,0.655708,0.886932,0.584656,-0.027443,-0.486496,-0.464714
0.004204,0.568451,0.801285,0.516243,-0.068024,-0.499489,-0.462097
0.008621,0.569763,0.797577,0.505600,-0.088470,-0.532578,-0.504761
-0.038651,0.522812,0.751923,0.458328,-0.141251,-0.589828,-0.560593
-0.087204,0.484421,0.723602,0.439987,-0.150681,-0.592377,-0.573898
-0.157059,0.295059,0.403168,0.058060,-0.486038,-0.803421,-0.639267
-0.104431,0.416733,0.541473,0.170853,-0.420044,-0.784775,-0.642151
-0.072021,0.550537,0.793289,0.478058,-0.152740,-0.625412,-0.616119
-0.193741,0.267776,0.384216,0.048370,-0.483627,-0.795883,-0.676422
-0.292328,-0.015228,-0.098083,-0.505341,-0.937134,-1.027924,-0.622620
0.097443,0.719116,0.861374,0.442627,-0.231155,-0.674133,-0.581711
-0.026184,0.607285,0.871597,0.579651,-0.033936,-0.497391,-0.492661
-0.082626,0.368591,0.479706,0.142456,-0.392899,-0.702606,-0.528915
0.035858,0.620850,0.815643,0.473373,-0.153915,-0.597733,-0.542282
-0.034134,0.563141,0.814041,0.527374,-0.076080,-0.534378,-0.520630
-0.077240,0.438278,0.620911,0.314468,-0.247040,-0.625641,-0.528046
-0.011322,0.570984,0.797302,0.488235,-0.125702,-0.580704,-0.552933
-0.076126,0.497910,0.735580,0.445557,-0.153397,-0.601349,-0.571487
-0.095520,0.477676,0.718414,0.434387,-0.151794,-0.590027,-0.566162
-0.143021,0.319260,0.438400,0.098373,-0.449509,-0.777466,-0.616959
-0.046692,0.564270,0.791641,0.466034,-0.167221,-0.636459,-0.610107
-0.123932,0.464249,0.718872,0.440796,-0.152206,-0.604019,-0.616074
-0.290024,-0.000122,-0.049774,-0.445648,-0.896423,-1.023621,-0.668060
-0.046112,0.412949,0.389221,-0.092346,-0.684738,-0.945435,-0.660660
0.006393,0.629272,0.804947,0.429108,-0.206070,-0.633263,-0.577950
-0.151955,0.276031,0.367058,0.044113,-0.439957,-0.691017,-0.511948
-0.060020,0.310638,0.317513,-0.058537,-0.539539,-0.735794,-0.437958
0.225386,0.869946,1.082705,0.720116,0.049205,-0.443711,-0.424247
0.064831,0.661738,0.923991,0.651484,0.060077,-0.395079,-0.383127
0.073109,0.629660,0.857792,0.565155,-0.028606,-0.471432,-0.439442
0.036663,0.605091,0.838158,0.542603,-0.058926,-0.508472,-0.479225
-0.001930,0.574520,0.817497,0.533718,-0.061031,-0.508736,-0.493290
-0.068733,0.405670,0.538765,0.207672,-0.340153,-0.673943,-0.524113
0.035561,0.637970,0.860764,0.534508,-0.097435,-0.563446,-0.535851
-0.051392,0.534111,0.782158,0.499504,-0.097054,-0.546547,-0.522125
-0.052536,0.518246,0.762444,0.483788,-0.103920,-0.560265,-0.620758
-0.412052,-0.262806,-0.392227,-0.760639,-1.094326,-1.073235,-0.581470
0.180305,0.800331,0.916527,0.469025,-0.220558,-0.663574,-0.560455
0.007629,0.653534,0.927223,0.638710,0.020706,-0.461777,-0.502289
-0.173210,0.191948,0.263710,-0.043159,-0.492722,-0.701782,-0.446907
0.170937,0.781166,0.980423,0.619125,-0.039749,-0.517799,-0.487495
0.007446,0.603333,0.860687,0.582352,-0.013840,-0.467865,-0.449905
0.013275,0.579643,0.823372,0.550102,-0.031303,-0.472633,-0.452827
0.002411,0.551155,0.767654,0.465454,-0.135811,-0.576294,-0.535126
-0.049919,0.528519,0.767616,0.477066,-0.122429,-0.570915,-0.541595
-0.067139,0.507477,0.750603,0.470886,-0.118851,-0.563530,-0.544106
-0.107780,0.392929,0.554047,0.232170,-0.332901,-0.702332,-0.587807
-0.051395,0.543602,0.770782,0.456707,-0.165115,-0.623028,-0.592293
-0.107647,0.476105,0.725349,0.445847,-0.145630,-0.593983,-0.569405
-0.102581,0.460581,0.689430,0.395576,-0.198389,-0.637485,-0.599819
-0.130766,0.416056,0.619930,0.311106,-0.278148,-0.694010,-0.625500
-0.118069,0.472637,0.716081,0.423990,-0.177998,-0.633836,-0.631314
-0.207823,0.312420,0.535873,0.282595,-0.245758,-0.626671,-0.555767
-0.072342,0.483828,0.693050,0.379749,-0.226646,-0.668293,-0.623379
-0.132496,0.449627,0.690434,0.401588,-0.196201,-0.642994,-0.611980
-0.134865,0.439476,0.684288,0.405273,-0.180820,-0.622868,-0.595940
-0.128738,0.431877,0.660156,0.367699,-0.224884,-0.660645,-0.620651
-0.140503,0.430984,0.664185,0.369766,-0.228668,-0.672180,-0.635963
-0.153687,0.424797,0.669807,0.388062,-0.201714,-0.645447,-0.618240
-0.146843,0.424759,0.671738,0.399765,-0.179359,-0.619377,-0.596298
-0.137794,0.414200,0.633942,0.334000,-0.262077,-0.697403,-0.652077
-0.162735,0.417862,0.661072,0.374611,-0.219833,-0.664291,-0.632904
-0.157379,0.417351,0.663521,0.387817,-0.195976,-0.635742,-0.609474
-0.144882,0.412170,0.635948,0.338051,-0.257957,-0.695160,-0.650726
-0.162262,0.417465,0.658829,0.369568,-0.225700,-0.669991,-0.636482
-0.156906,0.418907,0.664200,0.385666,-0.200928,-0.642479,-0.614090
-0.145432,0.420525,0.661919,0.387337,-0.191437,-0.627205,-0.598938
-0.135284,0.419853,0.639778,0.339043,-0.261726,-0.701698,-0.658058
-0.166466,0.420265,0.668564,0.387154,-0.206200,-0.651520,-0.624908
-0.158012,0.402306,0.634193,0.354111,-0.220345,-0.648903,-0.630081
-0.207047,0.296143,0.492935,0.214226,-0.326622,-0.697441,-0.601875
-0.088150,0.494141,0.721428,0.417236,-0.188927,-0.637184,-0.602737
-0.121246,0.459381,0.708466,0.431728,-0.153091,-0.595829,-0.577404
-0.145973,0.345993,0.506268,0.196251,-0.350224,-0.705132,-0.585987
-0.054754,0.531202,0.750402,0.429399,-0.192448,-0.648430,-0.610893
-0.118528,0.472874,0.726772,0.448946,-0.142818,-0.589508,-0.564256
-0.094813,0.476802,0.722813,0.450843,-0.130235,-0.570245,-0.546190
-0.085748,0.469134,0.690755,0.391691,-0.203527,-0.638985,-0.593805
-0.104612,0.475832,0.718872,0.432240,-0.160433,-0.605091,-0.573917
-0.099583,0.474926,0.720879,0.446896,-0.134224,-0.574276,-0.554165
-0.119114,0.379364,0.537292,0.209324,-0.362751,-0.735210,-0.617828
-0.073692,0.531891,0.771515,0.466843,-0.147621,-0.605087,-0.576828
-0.096603,0.484726,0.735474,0.461365,-0.122810,-0.565895,-0.543907
-0.097237,0.431313,0.632698,0.338989,-0.225525,-0.624695,-0.553329
-0.056755,0.513420,0.735542,0.428177,-0.178200,-0.621788,-0.580765
-0.092758,0.489433,0.734207,0.451241,-0.139755,-0.583733,-0.555794
-0.092476,0.463303,0.689720,0.407127,-0.167870,-0.590134,-0.553368
-0.114510,0.365280,0.495903,0.151627,-0.413162,-0.760818,-0.612991
-0.045532,0.571449,0.811615,0.501610,-0.120102,-0.582779,-0.558731
-0.080719,0.501343,0.755737,0.486221,-0.094391,-0.537842,-0.524033
-0.099152,0.389252,0.549896,0.241211,-0.303940,-0.660477,-0.544907
-0.018204,0.563263,0.780930,0.461349,-0.155197,-0.605927,-0.567108
-0.079330,0.505569,0.753006,0.473679,-0.114716,-0.559036,-0.540237
-0.109406,0.379013,0.534805,0.221313,-0.326645,-0.682068,-0.575150
-0.077515,0.468323,0.668274,0.363388,-0.216125,-0.621368,-0.547241
-0.040100,0.544449,0.780792,0.485565,-0.114639,-0.561905,-0.534286
-0.072281,0.476349,0.693710,0.405090,-0.168076,-0.582642,-0.543167
-0.112350,0.357513,0.494904,0.179810,-0.351212,-0.678085,-0.533142
0.012909,0.600845,0.814194,0.485413,-0.143158,-0.601913,-0.567123
-0.076523,0.514114,0.771149,0.499344,-0.087418,-0.534058,-0.520477
-0.089951,0.407944,0.577011,0.271790,-0.279709,-0.645462,-0.539017
-0.019409,0.559906,0.777405,0.458618,-0.157135,-0.606094,-0.566498
-0.077957,0.505737,0.752975,0.472458,-0.117111,-0.561615,-0.535172
-0.068466,0.497498,0.736923,0.458435,-0.124207,-0.563828,-0.542328
-0.102951,0.405655,0.586319,0.284775,-0.271873,-0.650543,-0.558861
-0.048988,0.526550,0.745193,0.432434,-0.180275,-0.630135,-0.598251
-0.139816,0.383797,0.567604,0.261368,-0.300896,-0.679276,-0.589249
-0.120071,0.357529,0.472321,0.125053,-0.425117,-0.750465,-0.585434
-0.012634,0.595947,0.819977,0.493004,-0.137695,-0.602455,-0.587296
-0.153244,0.343277,0.512947,0.215172,-0.318199,-0.668922,-0.593483
-0.202240,0.168854,0.220139,-0.107018,-0.564957,-0.778389,-0.556168
-0.050728,0.375877,0.414742,0.025459,-0.505783,-0.764519,-0.518822
0.117287,0.759285,0.990036,0.655052,0.007599,-0.471832,-0.455605
0.019531,0.601646,0.855118,0.584656,0.000175,-0.445183,-0.435234
-0.010269,0.482101,0.649597,0.345734,-0.202477,-0.567917,-0.466064
0.048012,0.620865,0.833900,0.517517,-0.095856,-0.543457,-0.506424
-0.024338,0.550034,0.790947,0.509033,-0.077995,-0.519035,-0.497955
-0.066833,0.423828,0.582809,0.270515,-0.278229,-0.636368,-0.532150
-0.055763,0.422142,0.532333,0.176605,-0.382942,-0.717590,-0.559822
0.000893,0.593597,0.801888,0.473007,-0.143967,-0.587311,-0.546051
-0.089066,0.414536,0.570702,0.250755,-0.302643,-0.656609,-0.540436
-0.047325,0.448135,0.570839,0.217720,-0.349976,-0.696617,-0.550728
0.010906,0.618191,0.847763,0.530190,-0.092178,-0.550652,-0.522427
-0.043213,0.534172,0.780033,0.501068,-0.085972,-0.529942,-0.512749
-0.077663,0.426701,0.601202,0.296476,-0.259415,-0.634411,-0.537136
-0.024652,0.549561,0.764932,0.447947,-0.164062,-0.610302,-0.570930
-0.084564,0.496005,0.740144,0.457526,-0.132150,-0.576773,-0.554358
-0.110188,0.410021,0.599245,0.300322,-0.260565,-0.649300,-0.572470
-0.095867,0.424252,0.593853,0.270603,-0.302662,-0.689007,-0.592228
-0.072418,0.514927,0.745266,0.443111,-0.162010,-0.610214,-0.580605
-0.117577,0.427170,0.637779,0.344421,-0.228546,-0.638039,-0.584709
-0.131386,0.361755,0.508545,0.181267,-0.376457,-0.733711,-0.619827
-0.143600,0.314621,0.388733,0.008980,-0.545036,-0.841957,-0.639954
-0.057854,0.515030,0.683189,0.328232,-0.280380,-0.684166,-0.596863
-0.112801,0.387367,0.519623,0.176964,-0.378410,-0.715775,-0.572403
-0.057213,0.450356,0.573341,0.212685,-0.362473,-0.712601,-0.565285
0.001671,0.615204,0.850975,0.538567,-0.082596,-0.546707,-0.547516
-0.140022,0.336029,0.505928,0.225952,-0.285866,-0.615242,-0.489365
0.019226,0.560272,0.736923,0.407944,-0.187622,-0.599991,-0.529984
-0.033775,0.529190,0.738304,0.429764,-0.163124,-0.585533,-0.528419
-0.037170,0.536514,0.768936,0.476662,-0.114769,-0.554306,-0.526848
-0.077690,0.442574,0.627937,0.323242,-0.244354,-0.634850,-0.554886
-0.065414,0.476234,0.665215,0.349434,-0.235977,-0.643150,-0.568970
-0.062767,0.520859,0.754349,0.457268,-0.141853,-0.585091,-0.558372
-0.112869,0.394012,0.564171,0.253204,-0.305939,-0.676338,-0.582314
-0.121872,0.331451,0.415352,0.048233,-0.500122,-0.804123,-0.615982
-0.052505,0.498024,0.645988,0.284683,-0.313591,-0.698349,-0.602928
-0.139145,0.317497,0.413475,0.068085,-0.454834,-0.739502,-0.547829
-0.004303,0.503983,0.609116,0.229790,-0.353127,-0.700203,-0.550842
-0.022877,0.492458,0.615314,0.250633,-0.330486,-0.685543,-0.555813
-0.034603,0.516033,0.709023,0.401119,-0.169655,-0.561367,-0.488478
-0.023603,0.482927,0.649801,0.340441,-0.212238,-0.576244,-0.468090
0.041492,0.590358,0.775725,0.449517,-0.145265,-0.559789,-0.492904
-0.019328,0.491918,0.644905,0.311047,-0.257115,-0.619854,-0.505555
-0.016245,0.465669,0.571041,0.208567,-0.351799,-0.677504,-0.513803
0.033245,0.582130,0.740171,0.389824,-0.206409,-0.598923,-0.494598
0.041466,0.644894,0.887245,0.586235,-0.029499,-0.493122,-0.481731
-0.038734,0.480301,0.665424,0.358524,-0.207348,-0.592243,-0.508686
-0.037148,0.452557,0.578342,0.231213,-0.333485,-0.680084,-0.550762
-0.073902,0.353695,0.385727,-0.017159,-0.561871,-0.824181,-0.580067
0.024216,0.581955,0.713619,0.333229,-0.268349,-0.637825,-0.508720
0.006981,0.514069,0.632656,0.270573,-0.300159,-0.643955,-0.510880
-0.024452,0.437035,0.524117,0.163063,-0.377335,-0.672508,-0.477585
0.105286,0.694534,0.883766,0.532074,-0.098709,-0.551849,-0.554474
-0.213242,0.138573,0.199074,-0.098434,-0.519180,-0.692848,-0.414627
0.185333,0.730965,0.851578,0.459236,-0.164940,-0.564636,-0.451813
0.100479,0.716072,0.962654,0.657028,0.033791,-0.437286,-0.430351
0.007240,0.516037,0.690025,0.380882,-0.172577,-0.538330,-0.435822
0.059380,0.583244,0.742867,0.407753,-0.175346,-0.563629,-0.468796
0.037354,0.590637,0.783302,0.462372,-0.132057,-0.549171,-0.482895
0.020348,0.602974,0.837418,0.536385,-0.074478,-0.532288,-0.518059
-0.089828,0.387245,0.522011,0.190628,-0.360420,-0.697392,-0.561459
-0.068283,0.393059,0.463406,0.076012,-0.483639,-0.786152,-0.584808
0.002483,0.581478,0.750805,0.388195,-0.234833,-0.650963,-0.566128
-0.074753,0.435585,0.573032,0.230621,-0.328424,-0.667473,-0.521877
0.001375,0.520823,0.652637,0.291939,-0.292074,-0.656841,-0.527943
-0.002682,0.538290,0.700218,0.354702,-0.237713,-0.628393,-0.522245
0.015628,0.618900,0.857195,0.549238,-0.072396,-0.538928,-0.520649
-0.063006,0.476406,0.678788,0.376290,-0.199870,-0.602770,-0.530219
-0.038328,0.513528,0.713589,0.398043,-0.195932,-0.615509,-0.550690
-0.047905,0.537209,0.773151,0.471664,-0.140617,-0.597874,-0.581139
-0.156261,0.307728,0.427589,0.092186,-0.443287,-0.753105,-0.584389
-0.044083,0.487389,0.626244,0.264709,-0.329895,-0.707100,-0.583687
-0.031624,0.577904,0.814590,0.501137,-0.125931,-0.593941,-0.571251
-0.091652,0.490997,0.741112,0.462456,-0.126221,-0.569855,-0.554276
-0.146172,0.291428,0.383186,0.032646,-0.504150,-0.804527,-0.627426
-0.111031,0.345009,0.391556,-0.017464,-0.581924,-0.868683,-0.636086
0.002686,0.658089,0.898216,0.562782,-0.091942,-0.581490,-0.575279
-0.139343,0.352203,0.500343,0.178307,-0.364456,-0.697128,-0.560837
-0.067307,0.402199,0.486488,0.108032,-0.454491,-0.767670,-0.576889
0.024338,0.655235,0.888664,0.558304,-0.086502,-0.566231,-0.545395
-0.061783,0.525826,0.777908,0.499252,-0.089432,-0.533081,-0.510689
-0.074356,0.423431,0.584579,0.265656,-0.295525,-0.662071,-0.549591
-0.017151,0.572922,0.800102,0.485046,-0.136772,-0.598595,-0.570763
-0.088020,0.493843,0.742203,0.458878,-0.136383,-0.586548,-0.568634
-0.135757,0.352753,0.503738,0.183548,-0.365189,-0.711609,-0.581116
-0.056213,0.497101,0.674194,0.336868,-0.265976,-0.676743,-0.594421
-0.073288,0.523163,0.763519,0.462479,-0.151291,-0.609055,-0.583054
-0.105057,0.473099,0.717758,0.436661,-0.150543,-0.589783,-0.578644
-0.212036,0.131714,0.119781,-0.277817,-0.772324,-0.966293,-0.657379
0.007217,0.626678,0.802902,0.422684,-0.231445,-0.678421,-0.605560
-0.071381,0.548759,0.813545,0.530869,-0.074501,-0.545425,-0.579353
-0.250572,0.108437,0.174118,-0.134850,-0.581596,-0.787857,-0.538986
0.055351,0.640350,0.829277,0.484131,-0.143089,-0.585854,-0.530342
-0.023117,0.573242,0.822258,0.533730,-0.069633,-0.526848,-0.517891
-0.093903,0.390678,0.545586,0.235130,-0.304955,-0.646698,-0.519402
-0.014286,0.498917,0.634312,0.277161,-0.310169,-0.681149,-0.553524
0.001736,0.613441,0.851307,0.538044,-0.086891,-0.553764,-0.529964
-0.050243,0.533501,0.786640,0.511955,-0.076702,-0.525208,-0.515438
-0.104309,0.347023,0.456293,0.111370,-0.435497,-0.754648,-0.580538
0.002228,0.620686,0.850592,0.522604,-0.116920,-0.590431,-0.565388
-0.076620,0.516092,0.775192,0.500557,-0.090982,-0.543316,-0.547100
-0.204088,0.102618,0.052017,-0.360435,-0.836448,-0.985723,-0.641297
-0.009881,0.477098,0.484949,0.018046,-0.583268,-0.869433,-0.607930
0.070221,0.757793,1.015144,0.683079,0.020933,-0.477943,-0.474140
0.002350,0.592655,0.856194,0.590824,0.006504,-0.454319,-0.510475
-0.248657,0.016663,0.011009,-0.307102,-0.700378,-0.815552,-0.466652
0.215065,0.852440,1.046364,0.664146,-0.017426,-0.510147,-0.485596
0.012436,0.615288,0.879539,0.605110,0.009850,-0.453018,-0.472137
-0.084763,0.396744,0.594498,0.340164,-0.166786,-0.511856,-0.408386
0.095573,0.656433,0.859535,0.535263,-0.083977,-0.534470,-0.496391
-0.007408,0.576714,0.822411,0.538391,-0.057564,-0.508423,-0.485359
-0.018097,0.550369,0.793243,0.517181,-0.066002,-0.508118,-0.486153
-0.027786,0.523071,0.741669,0.437653,-0.165405,-0.609619,-0.569214
-0.081818,0.500740,0.743919,0.455467,-0.143890,-0.593224,-0.565712
-0.090118,0.485634,0.731838,0.453224,-0.135418,-0.580967,-0.580952
-0.240028,0.054848,-0.009422,-0.431503,-0.906303,-1.046555,-0.680485
0.009495,0.600399,0.719021,0.299339,-0.348000,-0.747185,-0.613316
-0.043079,0.573715,0.805885,0.493820,-0.116249,-0.558620,-0.517380
-0.050652,0.478226,0.664314,0.358364,-0.207539,-0.592464,-0.502102
0.010361,0.589432,0.808632,0.491531,-0.127438,-0.581554,-0.544132
-0.054821,0.531593,0.780540,0.496822,-0.097855,-0.547440,-0.526039
-0.061394,0.501556,0.741905,0.467253,-0.111603,-0.547461,-0.519293
-0.055759,0.498278,0.718079,0.416231,-0.182726,-0.621889,-0.579410
-0.092895,0.484896,0.723351,0.432177,-0.164998,-0.611187,-0.579576
-0.103830,0.470126,0.712597,0.432240,-0.156170,-0.599535,-0.573915
-0.113874,0.433781,0.647266,0.346987,-0.239666,-0.660770,-0.605270
-0.112686,0.463306,0.695103,0.395378,-0.208305,-0.655083,-0.620140
-0.138153,0.441986,0.686687,0.405609,-0.185459,-0.630482,-0.603569
-0.133453,0.436882,0.682610,0.410362,-0.170006,-0.610283,-0.587463
-0.129219,0.422523,0.640053,0.338905,-0.258377,-0.694885,-0.648796
-0.158684,0.422668,0.665649,0.377983,-0.216675,-0.661346,-0.630173
-0.154854,0.418686,0.664658,0.388756,-0.194260,-0.635201,-0.614006
-0.177879,0.319717,0.476791,0.148956,-0.421997,-0.794312,-0.674835
-0.130554,0.476151,0.713959,0.406525,-0.209686,-0.672775,-0.667664
-0.239655,0.284088,0.507111,0.254395,-0.273407,-0.659622,-0.637909
-0.282318,0.107162,0.217697,-0.055618,-0.503204,-0.745445,-0.540047
0.030739,0.613892,0.806854,0.455948,-0.183823,-0.641937,-0.597725
-0.098747,0.496277,0.748871,0.467804,-0.125229,-0.574150,-0.550140
-0.081924,0.487495,0.731331,0.458176,-0.121147,-0.559418,-0.535591
-0.076363,0.473419,0.690956,0.387848,-0.209419,-0.644958,-0.598885
-0.108803,0.471550,0.712540,0.424866,-0.170799,-0.615494,-0.584351
-0.108093,0.465393,0.710327,0.433395,-0.150650,-0.591644,-0.568558
-0.121773,0.401031,0.596741,0.302284,-0.260033,-0.652138,-0.575722
-0.076088,0.493217,0.711540,0.399445,-0.212593,-0.660812,-0.620461
-0.130184,0.457191,0.707104,0.428261,-0.162552,-0.608299,-0.586990
-0.142941,0.371300,0.555592,0.254715,-0.301262,-0.681221,-0.597645
-0.105560,0.447475,0.654572,0.346985,-0.243004,-0.669365,-0.639580
-0.208607,0.297565,0.504147,0.244902,-0.272758,-0.637211,-0.587107
-0.184832,0.269461,0.439293,0.182700,-0.300091,-0.622179,-0.556465
-0.201228,0.147865,0.211522,-0.080903,-0.510294,-0.710102,-0.459735
0.140955,0.734186,0.921497,0.557152,-0.096916,-0.566288,-0.527382
-0.027813,0.570713,0.829704,0.555931,-0.033787,-0.483345,-0.472679
-0.051872,0.423691,0.568672,0.251305,-0.291718,-0.634422,-0.500267
0.041916,0.631874,0.848190,0.522362,-0.101357,-0.557251,-0.519638
-0.030144,0.555473,0.804604,0.523994,-0.066635,-0.513191,-0.488792
-0.023132,0.542770,0.784081,0.508430,-0.072403,-0.512184,-0.489853
-0.040901,0.488922,0.683746,0.369858,-0.219536,-0.633598,-0.562332
-0.053162,0.535355,0.774666,0.480423,-0.121750,-0.571930,-0.546219
-0.086098,0.453819,0.662567,0.370285,-0.197708,-0.600327,-0.542145
-0.094765,0.379799,0.506210,0.171440,-0.373192,-0.704788,-0.555710
0.000298,0.597122,0.815361,0.488510,-0.139137,-0.596970,-0.562248
-0.072678,0.513016,0.764175,0.486565,-0.102058,-0.554436,-0.568024
-0.185898,0.281631,0.470444,0.218979,-0.275345,-0.616669,-0.559280
-0.191780,0.179230,0.248970,-0.063797,-0.528000,-0.756432,-0.517822
0.088799,0.699638,0.909286,0.566101,-0.076775,-0.546776,-0.521187
-0.047516,0.515594,0.744377,0.461197,-0.113419,-0.532379,-0.493324
-0.055145,0.424942,0.565620,0.243019,-0.303238,-0.647202,-0.515266
0.025703,0.613480,0.829590,0.506485,-0.115494,-0.570648,-0.535233
-0.048889,0.534584,0.784531,0.508629,-0.077324,-0.521202,-0.505859
-0.081406,0.400703,0.553154,0.238312,-0.308067,-0.659950,-0.547592
-0.067032,0.404266,0.496201,0.118469,-0.452126,-0.778175,-0.598206
-0.002792,0.630150,0.872452,0.556747,-0.071587,-0.541832,-0.531136
-0.090775,0.415894,0.587799,0.279526,-0.274025,-0.638878,-0.538399
-0.062767,0.418289,0.533562,0.183838,-0.371712,-0.710213,-0.584579
-0.087936,0.442276,0.631638,0.336754,-0.214279,-0.597160,-0.549690
-0.147110,0.301620,0.458130,0.192230,-0.290009,-0.600815,-0.518066
-0.145950,0.211067,0.272797,-0.028381,-0.466454,-0.671936,-0.424271
0.177643,0.771103,0.957657,0.595497,-0.055450,-0.521729,-0.483665
0.012123,0.604950,0.857315,0.579895,-0.010506,-0.458801,-0.444916
-0.013130,0.486984,0.659218,0.355164,-0.198112,-0.570534,-0.480476
-0.005432,0.491646,0.631569,0.294533,-0.272865,-0.634850,-0.511986
0.026833,0.619308,0.843010,0.524498,-0.096855,-0.556259,-0.528969
-0.055557,0.508263,0.737762,0.452354,-0.127388,-0.553375,-0.517387
-0.075401,0.414322,0.564545,0.244568,-0.307877,-0.662857,-0.539879
-0.004852,0.582901,0.801922,0.482685,-0.135468,-0.588776,-0.556408
-0.086750,0.460659,0.669994,0.373413,-0.199818,-0.607628,-0.549706
-0.098673,0.384386,0.518251,0.186947,-0.364017,-0.708721,-0.601929
-0.163013,0.245552,0.297810,-0.061587,-0.568084,-0.827682,-0.645329
-0.153023,0.322117,0.459861,0.162683,-0.340790,-0.652113,-0.554245
-0.164217,0.203717,0.266504,-0.039486,-0.481348,-0.690586,-0.475935
0.026867,0.472340,0.545509,0.186287,-0.344490,-0.634037,-0.437447
0.152924,0.763268,0.979252,0.644287,0.007599,-0.457264,-0.430504
0.047245,0.618282,0.855885,0.572636,-0.012802,-0.450314,-0.427708
0.003937,0.492184,0.648750,0.335041,-0.215115,-0.574665,-0.466976
0.031399,0.561352,0.730907,0.402718,-0.182308,-0.579342,-0.493172
0.020020,0.602737,0.830437,0.523706,-0.087921,-0.541607,-0.519388
-0.073465,0.437733,0.613142,0.305410,-0.251510,-0.623618,-0.530321
-0.058888,0.420942,0.535977,0.183083,-0.378531,-0.715232,-0.560469
0.008005,0.618161,0.847652,0.529021,-0.093422,-0.553916,-0.533559
-0.086548,0.422799,0.595400,0.286842,-0.267965,-0.638954,-0.560169
-0.125574,0.311909,0.406479,0.066532,-0.453915,-0.760555,-0.667797
-0.350197,-0.133102,-0.217773,-0.567265,-0.916405,-0.947769,-0.568546
0.009449,0.431772,0.441973,0.039902,-0.480573,-0.726690,-0.526114
-0.053854,0.335978,0.369660,0.023095,-0.438472,-0.633063,-0.357032
0.255402,0.821186,0.962736,0.580387,-0.049538,-0.467644,-0.377956
0.153351,0.754002,0.993587,0.690792,0.080112,-0.376564,-0.355381
0.109997,0.670719,0.903954,0.622227,0.040241,-0.395809,-0.368832
0.090569,0.643421,0.871788,0.587196,0.001408,-0.439388,-0.417107
0.041557,0.595638,0.825230,0.538929,-0.050499,-0.494892,-0.475191
-0.031769,0.486710,0.672256,0.362841,-0.211381,-0.609428,-0.534999
-0.062732,0.444296,0.593110,0.258054,-0.312263,-0.680059,-0.569784
-0.079571,0.410085,0.523136,0.162420,-0.404011,-0.742552,-0.588633
-0.046379,0.496788,0.648201,0.295204,-0.296803,-0.675350,-0.566940
-0.073692,0.417015,0.529156,0.169487,-0.392975,-0.733444,-0.638077
-0.269070,0.020435,-0.026688,-0.398575,-0.815834,-0.942047,-0.707592
-0.377514,-0.272076,-0.487869,-0.876423,-1.141178,-1.011742,-0.470249
0.207973,0.652430,0.630815,0.184498,-0.364217,-0.605132,-0.334965
0.289229,0.864714,1.007072,0.623569,-0.000668,-0.406315,-0.307217
0.214848,0.782894,0.983330,0.662262,0.060814,-0.366203,-0.312698
0.157349,0.679726,0.852501,0.530411,-0.042732,-0.428986,-0.340950
0.138908,0.645622,0.790184,0.449905,-0.124634,-0.496643,-0.386665
0.125687,0.672409,0.853676,0.525352,-0.069588,-0.480370,-0.407837
0.096710,0.674767,0.901733,0.597198,-0.008362,-0.456043,-0.435703
-0.011185,0.453403,0.577744,0.244804,-0.298996,-0.627827,-0.485783
0.021248,0.516806,0.626904,0.258360,-0.318769,-0.666948,-0.524542
0.004339,0.536202,0.682268,0.327873,-0.263570,-0.643517,-0.532593
-0.018304,0.517659,0.679508,0.341730,-0.238133,-0.618328,-0.533045
-0.089085,0.344976,0.423458,0.066589,-0.458904,-0.756874,-0.655525
-0.346020,-0.161358,-0.284996,-0.653557,-0.989357,-0.980145,-0.530437
0.156456,0.713028,0.823978,0.433792,-0.170670,-0.549860,-0.462612
-0.034296,0.384256,0.469826,0.148293,-0.333412,-0.582153,-0.367596
0.189783,0.713724,0.831406,0.449839,-0.156827,-0.541131,-0.418916
0.133888,0.743148,0.980519,0.666747,0.038357,-0.435863,-0.431078
-0.011232,0.454586,0.579168,0.247446,-0.289291,-0.608192,-0.450457
0.083836,0.621048,0.772404,0.417376,-0.182522,-0.576714,-0.475033
0.056454,0.655346,0.892223,0.585785,-0.031418,-0.496494,-0.479710
-0.010860,0.558205,0.796791,0.514523,-0.071884,-0.510345,-0.489647
-0.069656,0.391434,0.512321,0.174019,-0.374115,-0.706245,-0.564537
-0.055870,0.438393,0.545265,0.172562,-0.405746,-0.749222,-0.589455
-0.011124,0.609772,0.845032,0.522339,-0.114853,-0.594864,-0.604568
-0.213699,0.220505,0.332352,0.019302,-0.478394,-0.770309,-0.681503
-0.390274,-0.210052,-0.324417,-0.678894,-1.008560,-1.015717,-0.647644
-0.162735,0.104889,-0.008850,-0.422333,-0.831970,-0.898880,-0.520721
0.077713,0.521255,0.538795,0.136162,-0.386833,-0.622765,-0.373055
0.207443,0.727921,0.832405,0.447525,-0.142891,-0.494499,-0.346725
0.197212,0.752754,0.919319,0.569580,-0.036823,-0.444321,-0.355843
0.170361,0.766922,1.005386,0.700502,0.082867,-0.383633,-0.371204
0.076714,0.603537,0.796356,0.492178,-0.076876,-0.470798,-0.391327
0.112282,0.686472,0.910587,0.605173,-0.003204,-0.456615,-0.433159
0.035461,0.600384,0.831932,0.537800,-0.063297,-0.513386,-0.486633
-0.014736,0.554413,0.790161,0.503124,-0.086052,-0.525307,-0.503441
-0.079346,0.387756,0.512642,0.175377,-0.375633,-0.712570,-0.563904
-0.004395,0.598831,0.822433,0.496994,-0.135117,-0.604210,-0.578697
-0.096291,0.488167,0.738113,0.455383,-0.141235,-0.598587,-0.617111
-0.273056,0.091324,0.150604,-0.172501,-0.633270,-0.857315,-0.683670
-0.291779,-0.017670,-0.082993,-0.458252,-0.865158,-0.954758,-0.574631
0.111664,0.731140,0.911255,0.539795,-0.111572,-0.571426,-0.546524
-0.118454,0.359436,0.513580,0.220932,-0.287842,-0.596603,-0.440552
0.108688,0.695862,0.906464,0.577896,-0.049515,-0.511993,-0.483856
-0.005707,0.570618,0.808578,0.517883,-0.083710,-0.536240,-0.509964
-0.037552,0.535049,0.777145,0.493469,-0.099213,-0.545837,-0.521515
-0.053955,0.509903,0.742386,0.453079,-0.141251,-0.584641,-0.554153
-0.081482,0.487473,0.720093,0.425095,-0.176834,-0.625793,-0.594955
-0.115097,0.462921,0.706512,0.421387,-0.174667,-0.623642,-0.604568
-0.168579,0.323013,0.476089,0.156021,-0.394547,-0.742767,-0.615036
-0.094818,0.446045,0.610825,0.268127,-0.328308,-0.726868,-0.628510
-0.095413,0.508041,0.748459,0.443619,-0.172958,-0.634476,-0.610229
-0.131027,0.448303,0.693161,0.412262,-0.176697,-0.628403,-0.668671
-0.400848,-0.149078,-0.176941,-0.504318,-0.885269,-0.974533,-0.614578
0.047836,0.648544,0.821777,0.452301,-0.191223,-0.642319,-0.603836
-0.136917,0.412689,0.644699,0.384277,-0.159973,-0.553711,-0.488708
-0.011124,0.531433,0.731064,0.420944,-0.165695,-0.580948,-0.516724
-0.020401,0.554413,0.782089,0.477295,-0.132401,-0.584167,-0.552231
-0.070312,0.508789,0.752441,0.466415,-0.128601,-0.575577,-0.548668
-0.075623,0.492722,0.730606,0.446671,-0.139420,-0.575607,-0.540932
-0.069962,0.493393,0.722427,0.429733,-0.165039,-0.607880,-0.574898
-0.099747,0.470688,0.705765,0.414169,-0.183411,-0.629028,-0.595871
-0.116638,0.459801,0.705711,0.425827,-0.163086,-0.607918,-0.592552
-0.175865,0.280014,0.393799,0.053352,-0.486137,-0.800896,-0.626335
-0.046051,0.568008,0.793556,0.464195,-0.171799,-0.640823,-0.612312
-0.123024,0.468254,0.722038,0.444092,-0.148766,-0.597511,-0.588943
-0.204391,0.182541,0.219231,-0.157532,-0.669502,-0.913025,-0.688362
-0.144360,0.352703,0.463341,0.110981,-0.435444,-0.746342,-0.562103
0.031673,0.657131,0.892990,0.569918,-0.066696,-0.540260,-0.524066
-0.052862,0.522445,0.774060,0.505682,-0.070869,-0.507378,-0.479864
-0.015027,0.542246,0.766223,0.468507,-0.130272,-0.574148,-0.536345
-0.053493,0.523588,0.761337,0.469458,-0.130377,-0.578228,-0.547295
-0.067341,0.511757,0.759315,0.480087,-0.111118,-0.557262,-0.534401
-0.078075,0.462963,0.671841,0.372852,-0.204712,-0.614864,-0.549500
-0.052029,0.524891,0.752716,0.449047,-0.159534,-0.609215,-0.575203
-0.090244,0.490887,0.737534,0.455452,-0.137600,-0.583614,-0.556717
-0.085644,0.486603,0.732269,0.458977,-0.123413,-0.563751,-0.540016
-0.078918,0.474663,0.695961,0.395607,-0.202843,-0.642479,-0.599487
-0.111488,0.469734,0.711586,0.423782,-0.172981,-0.619736,-0.589661
-0.112511,0.463814,0.709618,0.432556,-0.154541,-0.606361,-0.638939
-0.340057,-0.041908,-0.034554,-0.362228,-0.777672,-0.916740,-0.584679
0.090141,0.728516,0.929306,0.556831,-0.117012,-0.604019,-0.575745
-0.076935,0.526703,0.791740,0.521034,-0.071495,-0.527748,-0.531509
-0.117188,0.382240,0.574310,0.295792,-0.239998,-0.604836,-0.505318
0.005478,0.578011,0.793671,0.476967,-0.139656,-0.590462,-0.553673
-0.064980,0.520821,0.770134,0.488739,-0.103638,-0.550941,-0.527283
-0.059425,0.510620,0.755066,0.481537,-0.101082,-0.541649,-0.518150
-0.059242,0.494110,0.715195,0.416573,-0.180168,-0.617134,-0.574425
-0.087692,0.490318,0.729965,0.439972,-0.157013,-0.602036,-0.570251
-0.093353,0.480766,0.725349,0.446098,-0.141205,-0.583481,-0.556786
-0.090797,0.470558,0.697617,0.404915,-0.187904,-0.623917,-0.584175
-0.102325,0.469864,0.703751,0.409035,-0.189697,-0.633522,-0.597610
-0.115646,0.462524,0.706238,0.425163,-0.164940,-0.609001,-0.581139
-0.110085,0.461174,0.706841,0.434525,-0.145920,-0.595055,-0.620087
-0.271744,0.145729,0.288849,0.018517,-0.458336,-0.747169,-0.606499
-0.114479,0.403336,0.584335,0.287025,-0.265419,-0.647743,-0.589958
-0.155655,0.338181,0.530586,0.268997,-0.242187,-0.599258,-0.549660
-0.158630,0.277679,0.426758,0.154488,-0.334061,-0.634514,-0.481926
0.058990,0.638901,0.846230,0.518333,-0.105469,-0.560478,-0.524918
-0.037453,0.546150,0.793289,0.513634,-0.077026,-0.522621,-0.499229
-0.033592,0.532288,0.774559,0.499855,-0.081009,-0.521790,-0.498512
-0.041771,0.509438,0.726433,0.423759,-0.176025,-0.616005,-0.574333
-0.084709,0.498108,0.743500,0.459190,-0.136070,-0.582314,-0.557602
-0.097488,0.450241,0.668686,0.383072,-0.187096,-0.600662,-0.545517
-0.062080,0.501915,0.720833,0.411278,-0.194344,-0.637169,-0.593445
-0.102753,0.480148,0.724640,0.437500,-0.158607,-0.604721,-0.574982
-0.100121,0.473938,0.718460,0.442085,-0.141396,-0.581841,-0.558212
-0.100136,0.449463,0.674644,0.391815,-0.186356,-0.615654,-0.582932
-0.121712,0.425156,0.642750,0.347519,-0.237064,-0.664906,-0.634636
-0.192436,0.331688,0.548244,0.283249,-0.254765,-0.644268,-0.618984
-0.247158,0.162323,0.288746,0.017487,-0.443684,-0.705261,-0.520008
0.038631,0.616581,0.811226,0.464909,-0.171284,-0.626835,-0.583015
-0.083454,0.509216,0.759480,0.476097,-0.120201,-0.568459,-0.542809
-0.072975,0.497070,0.741524,0.467030,-0.114597,-0.558086,-0.558960
-0.168144,0.281631,0.419640,0.111012,-0.413567,-0.733093,-0.577915
-0.018791,0.582108,0.807308,0.487366,-0.136372,-0.596191,-0.566364
-0.083603,0.499252,0.750542,0.475006,-0.109604,-0.554100,-0.534489
-0.090168,0.435066,0.633171,0.339142,-0.225697,-0.623230,-0.550243
-0.054987,0.513878,0.732744,0.423136,-0.183516,-0.627373,-0.586613
-0.098871,0.482088,0.725637,0.441463,-0.149754,-0.593946,-0.566221
-0.099209,0.462185,0.695141,0.415123,-0.163183,-0.594582,-0.566872
-0.134057,0.345608,0.477090,0.130736,-0.440013,-0.809195,-0.740312
-0.352611,0.035510,0.130041,-0.146427,-0.571716,-0.781120,-0.595917
-0.151571,0.237958,0.299675,-0.020077,-0.479483,-0.711964,-0.537920
-0.108547,0.254421,0.286888,-0.044266,-0.491528,-0.682682,-0.408119
0.218491,0.828606,1.019936,0.653702,-0.005188,-0.478371,-0.445206
0.049637,0.643471,0.898773,0.622314,0.031876,-0.419388,-0.422127
-0.023407,0.442955,0.602264,0.312759,-0.206566,-0.550224,-0.463905
-0.020874,0.463028,0.627991,0.335297,-0.196960,-0.546593,-0.431038
0.092712,0.673172,0.893753,0.582886,-0.028946,-0.481857,-0.457916
-0.003448,0.527908,0.726227,0.429443,-0.137146,-0.541313,-0.508118
-0.123589,0.279922,0.374031,0.065857,-0.411385,-0.665459,-0.458130
0.122383,0.716125,0.913712,0.563461,-0.082512,-0.551666,-0.520363
-0.033218,0.553986,0.807610,0.536339,-0.046989,-0.496071,-0.513252
-0.154221,0.264061,0.396255,0.119949,-0.354042,-0.642014,-0.522957
-0.097290,0.317665,0.409447,0.088219,-0.409775,-0.692223,-0.548164
-0.093803,0.346649,0.460762,0.157753,-0.331970,-0.619911,-0.498871
-0.094681,0.272629,0.324036,0.004814,-0.447235,-0.666573,-0.477562
-0.036293,0.327705,0.349472,0.002808,-0.455917,-0.656479,-0.404907
0.173523,0.729065,0.897583,0.552719,-0.050797,-0.473022,-0.446976
-0.057831,0.368790,0.500458,0.225555,-0.241196,-0.521042,-0.408600
-0.030518,0.302124,0.326019,0.002960,-0.430420,-0.610764,-0.345032
0.248413,0.815887,0.984497,0.628967,0.005096,-0.426544,-0.361023
0.147308,0.737900,0.981186,0.692795,0.093475,-0.361725,-0.357635
0.054672,0.530594,0.685684,0.380264,-0.156799,-0.511200,-0.422821
0.010513,0.443787,0.538071,0.204666,-0.311279,-0.604691,-0.422668
0.147400,0.743484,0.952194,0.614899,-0.018250,-0.483490,-0.472733
-0.037201,0.477371,0.675652,0.396431,-0.145927,-0.529015,-0.489578
-0.109604,0.288399,0.381943,0.077118,-0.399750,-0.672974,-0.558838
-0.181015,0.170929,0.239357,-0.046394,-0.468193,-0.673187,-0.492416
-0.071030,0.286949,0.322273,-0.006050,-0.455399,-0.665230,-0.472641
-0.038582,0.310463,0.322289,-0.024437,-0.472488,-0.660515,-0.421921
0.079208,0.497620,0.542023,0.172844,-0.340439,-0.606804,-0.433144
0.044662,0.493690,0.600647,0.279778,-0.226685,-0.525360,-0.410095
-0.013588,0.343163,0.384102,0.063278,-0.379616,-0.581108,-0.365639
0.111595,0.511215,0.546753,0.180519,-0.321075,-0.562180,-0.321503
0.293983,0.909653,1.114296,0.761238,0.110504,-0.364380,-0.346588
0.103706,0.620186,0.795921,0.483597,-0.079849,-0.461380,-0.394051
0.029175,0.456345,0.544579,0.208099,-0.304047,-0.586868,-0.404121
0.127598,0.629055,0.736191,0.361767,-0.224136,-0.582973,-0.443333
0.115025,0.721001,0.948284,0.626476,-0.004013,-0.477376,-0.483453
-0.078269,0.393539,0.558245,0.273121,-0.240887,-0.580243,-0.509185
-0.141824,0.198767,0.224691,-0.110003,-0.562719,-0.779774,-0.631443
-0.287106,-0.014233,-0.002636,-0.269463,-0.602177,-0.692497,-0.416660
0.051060,0.394386,0.379044,0.001484,-0.469311,-0.666203,-0.421741
0.098869,0.540493,0.600071,0.232258,-0.294338,-0.574875,-0.391823
0.127506,0.625473,0.750633,0.405788,-0.153744,-0.504040,-0.388172
0.112438,0.652405,0.847500,0.543617,-0.031990,-0.446087,-0.424694
-0.046009,0.370243,0.490643,0.205570,-0.268333,-0.540604,-0.365974
0.160637,0.678505,0.811661,0.448364,-0.153877,-0.547462,-0.452026
0.046906,0.571548,0.726074,0.382996,-0.200180,-0.583664,-0.505547
-0.076508,0.345703,0.426109,0.088722,-0.411606,-0.672928,-0.467903
0.078102,0.579071,0.675949,0.287476,-0.303543,-0.656708,-0.511414
0.018356,0.544266,0.679550,0.320328,-0.268082,-0.641113,-0.530167
-0.032471,0.485107,0.638504,0.307983,-0.257843,-0.627060,-0.544571
-0.120941,0.295898,0.377823,0.045868,-0.451035,-0.728485,-0.622437
-0.319992,-0.140381,-0.261230,-0.623108,-0.957169,-0.957962,-0.544540
0.061462,0.508621,0.538528,0.145233,-0.380249,-0.641098,-0.458054
0.004623,0.398621,0.441315,0.097809,-0.371490,-0.589371,-0.366699
0.149902,0.608047,0.690811,0.329376,-0.212418,-0.526566,-0.397354
0.054001,0.493408,0.601570,0.289719,-0.207809,-0.500565,-0.386276
0.004372,0.349457,0.377861,0.044624,-0.401787,-0.596016,-0.350883
0.186012,0.656456,0.735779,0.360168,-0.199570,-0.518806,-0.348732
0.196808,0.735374,0.877312,0.512932,-0.092331,-0.486977,-0.383804
0.131569,0.682259,0.861595,0.530388,-0.060577,-0.462547,-0.389091
0.078285,0.572632,0.710815,0.375946,-0.185410,-0.540443,-0.419495
0.085175,0.600853,0.742584,0.392677,-0.191399,-0.569908,-0.455627
0.081512,0.678185,0.906998,0.590622,-0.036430,-0.506393,-0.497368
-0.067459,0.423965,0.578812,0.260483,-0.290344,-0.650543,-0.576691
-0.189957,0.163986,0.188492,-0.159317,-0.621109,-0.831528,-0.655136
-0.302521,-0.100525,-0.220688,-0.595581,-0.943512,-0.954147,-0.543640
0.058517,0.495987,0.512390,0.112549,-0.405716,-0.649673,-0.435242
0.073196,0.516434,0.586411,0.229866,-0.288490,-0.573547,-0.443817
-0.059334,0.259140,0.264122,-0.066925,-0.483795,-0.630188,-0.315193
0.331940,0.942841,1.126137,0.755836,0.098770,-0.378494,-0.395279
-0.043694,0.337898,0.426884,0.133163,-0.315125,-0.537594,-0.312634
0.246254,0.768753,0.885971,0.501011,-0.111958,-0.504467,-0.390385
0.154354,0.760502,0.995766,0.682831,0.053314,-0.422997,-0.439819
-0.064823,0.349731,0.447945,0.131134,-0.358585,-0.620148,-0.420242
0.119698,0.623440,0.723072,0.335361,-0.260780,-0.620964,-0.480698
0.061676,0.621559,0.795372,0.451851,-0.152275,-0.562386,-0.476471
0.045250,0.641296,0.879272,0.574898,-0.042213,-0.513054,-0.537140
-0.194710,0.169037,0.226700,-0.099014,-0.562355,-0.792870,-0.638344
-0.305450,-0.127892,-0.278107,-0.672020,-1.020248,-1.007721,-0.544960
0.147057,0.693085,0.780899,0.368767,-0.242783,-0.611404,-0.498055
-0.034103,0.416832,0.519836,0.196037,-0.299637,-0.569061,-0.390633
0.108498,0.573761,0.668472,0.312996,-0.233612,-0.548634,-0.374363
0.201687,0.810535,1.028938,0.693428,0.050331,-0.427719,-0.409153
0.070244,0.651699,0.896687,0.613914,0.023083,-0.422707,-0.402447
0.038586,0.548824,0.725224,0.414551,-0.154091,-0.541733,-0.455055
0.052773,0.630180,0.855537,0.548439,-0.063560,-0.521523,-0.498665
-0.028671,0.540550,0.776367,0.487450,-0.110428,-0.560242,-0.542007
-0.109787,0.377090,0.523529,0.199814,-0.351456,-0.698425,-0.573364
-0.072403,0.426926,0.545639,0.181763,-0.399536,-0.753784,-0.607620
-0.039825,0.575500,0.810135,0.488785,-0.145126,-0.616989,-0.594193
-0.113525,0.470200,0.717453,0.435013,-0.156448,-0.612595,-0.664093
-0.425949,-0.224106,-0.298492,-0.640701,-0.993362,-1.035019,-0.657211
-0.085495,0.302322,0.251968,-0.198349,-0.724609,-0.920746,-0.592499
0.107834,0.771484,0.983658,0.616577,-0.052887,-0.544373,-0.564484
-0.206390,0.183609,0.274124,-0.020996,-0.467712,-0.690552,-0.500107
-0.036926,0.365387,0.416321,0.066345,-0.427917,-0.669556,-0.430367
0.186584,0.806664,1.017639,0.665985,0.010803,-0.471405,-0.449142
0.035881,0.623886,0.873421,0.592224,0.001984,-0.443214,-0.421394
0.028999,0.560242,0.758423,0.454674,-0.123711,-0.533707,-0.469177
0.024521,0.596718,0.822777,0.517349,-0.092979,-0.546364,-0.517975
-0.039581,0.537971,0.783020,0.502274,-0.089462,-0.538086,-0.523544
-0.091087,0.402863,0.561180,0.242393,-0.314743,-0.676308,-0.556931
-0.021561,0.569466,0.791725,0.471794,-0.151924,-0.612694,-0.582840
-0.098091,0.484787,0.732193,0.447929,-0.148262,-0.598358,-0.572578
-0.101631,0.465614,0.699486,0.407684,-0.188164,-0.648659,-0.727890
-0.560204,-0.448639,-0.577293,-0.898041,-1.163971,-1.090378,-0.596390
0.111923,0.667267,0.760406,0.343788,-0.285866,-0.676338,-0.567039
-0.053383,0.510277,0.732773,0.457039,-0.097504,-0.494617,-0.441746
0.002316,0.496029,0.657036,0.342838,-0.214634,-0.580460,-0.468246
0.063911,0.655651,0.881536,0.566164,-0.055984,-0.518147,-0.491634
-0.010212,0.573261,0.823193,0.545329,-0.047463,-0.497140,-0.478768
-0.023968,0.520432,0.734588,0.439840,-0.139391,-0.557062,-0.501108
-0.012973,0.554692,0.778221,0.473225,-0.134723,-0.583777,-0.550127
-0.066506,0.512319,0.754725,0.467460,-0.129753,-0.577937,-0.550262
-0.076468,0.496528,0.740973,0.463543,-0.123923,-0.568311,-0.546641
-0.092469,0.446437,0.651252,0.346288,-0.244032,-0.665838,-0.604198
-0.102602,0.482321,0.721010,0.423229,-0.183418,-0.636063,-0.604982
-0.123901,0.458275,0.706940,0.428814,-0.161291,-0.608286,-0.603844
-0.239975,0.104980,0.093258,-0.306068,-0.802288,-0.998932,-0.698513
-0.045263,0.579569,0.783566,0.437731,-0.195051,-0.639406,-0.579609
-0.066169,0.537320,0.790490,0.504120,-0.098072,-0.558030,-0.558626
-0.136281,0.383791,0.609017,0.357484,-0.170125,-0.550314,-0.481634
-0.002376,0.547701,0.751852,0.432540,-0.177867,-0.620563,-0.575724
-0.082965,0.501987,0.743629,0.453656,-0.145261,-0.594156,-0.564252
-0.087271,0.487907,0.732564,0.454368,-0.132880,-0.576074,-0.550288
-0.084226,0.476226,0.704339,0.411708,-0.181047,-0.617971,-0.579133
-0.098178,0.472149,0.704189,0.408613,-0.189990,-0.633684,-0.597644
-0.115554,0.462737,0.707553,0.425611,-0.164367,-0.608307,-0.581305
-0.112078,0.452490,0.683709,0.392205,-0.198454,-0.635252,-0.596284
-0.116177,0.453314,0.684528,0.388137,-0.212248,-0.655750,-0.618541
-0.134312,0.445124,0.690101,0.407345,-0.185391,-0.630107,-0.600941
-0.127613,0.444926,0.690881,0.416907,-0.165175,-0.605197,-0.580173
-0.118765,0.436103,0.656736,0.357678,-0.239486,-0.675886,-0.630659
-0.141415,0.440063,0.680227,0.391727,-0.204743,-0.650229,-0.622798
-0.155093,0.409927,0.648435,0.373926,-0.201844,-0.637561,-0.641467
-0.271218,0.157215,0.293626,0.008825,-0.477478,-0.768838,-0.621875
-0.122644,0.400367,0.580651,0.275802,-0.283140,-0.667992,-0.602936
-0.155573,0.353159,0.551529,0.283157,-0.242569,-0.612095,-0.567993
-0.184364,0.231918,0.360188,0.087814,-0.375443,-0.643005,-0.462715
0.090019,0.665039,0.857758,0.511475,-0.123718,-0.579262,-0.534470
-0.035896,0.555779,0.805061,0.520691,-0.076591,-0.524857,-0.499214
-0.029396,0.540619,0.784065,0.508568,-0.074059,-0.513664,-0.488235
-0.027420,0.524895,0.742989,0.441399,-0.156334,-0.593315,-0.548668
-0.060997,0.517944,0.755577,0.464554,-0.133438,-0.578506,-0.545776
-0.067963,0.506104,0.748657,0.468384,-0.119934,-0.561279,-0.533661
-0.064804,0.501343,0.742905,0.466522,-0.115997,-0.556458,-0.531876
-0.071884,0.481552,0.700775,0.399338,-0.201172,-0.640884,-0.597977
-0.108109,0.475937,0.721573,0.438492,-0.155548,-0.601562,-0.573685
-0.100670,0.472542,0.720131,0.446793,-0.134659,-0.578949,-0.573776
-0.151573,0.359566,0.561302,0.278687,-0.275810,-0.663086,-0.581879
-0.075546,0.504295,0.734039,0.434235,-0.169540,-0.620316,-0.606918
-0.173630,0.343613,0.551399,0.281616,-0.255272,-0.638786,-0.608543
-0.250366,0.118256,0.192482,-0.107056,-0.553246,-0.769699,-0.528000
0.075829,0.677063,0.872307,0.515839,-0.135307,-0.602753,-0.564857
-0.066299,0.530273,0.786346,0.507736,-0.085785,-0.535202,-0.512665
-0.046890,0.521088,0.764450,0.489853,-0.091873,-0.531555,-0.507187
-0.047424,0.503860,0.722885,0.422226,-0.174591,-0.610641,-0.565094
-0.077484,0.501389,0.741882,0.453705,-0.140503,-0.584732,-0.554115
-0.080330,0.491676,0.736122,0.459663,-0.122925,-0.563461,-0.541885
-0.101471,0.409149,0.580086,0.256210,-0.323540,-0.712395,-0.611259
-0.080299,0.520050,0.759361,0.457314,-0.153564,-0.607475,-0.579613
-0.100746,0.478264,0.726707,0.450317,-0.135139,-0.581444,-0.579247
-0.171707,0.316116,0.503540,0.233124,-0.287788,-0.643745,-0.555923
-0.079170,0.452812,0.645882,0.338066,-0.242378,-0.654396,-0.612366
-0.179016,0.315826,0.498489,0.221397,-0.300270,-0.655991,-0.599182
-0.231285,0.131340,0.194733,-0.110641,-0.554817,-0.771225,-0.590027
-0.174065,0.145355,0.120033,-0.252731,-0.696274,-0.840736,-0.497421
0.193413,0.845688,1.053398,0.682892,0.009018,-0.482925,-0.462494
0.026581,0.622498,0.886719,0.620071,0.036438,-0.412979,-0.406082
0.018784,0.513992,0.687225,0.385117,-0.165253,-0.536743,-0.440887
0.067230,0.636139,0.847214,0.527908,-0.087387,-0.534927,-0.494919
-0.008911,0.572281,0.817993,0.536926,-0.052216,-0.497284,-0.476288
-0.028671,0.500809,0.701141,0.406403,-0.162094,-0.564240,-0.506561
-0.057739,0.417267,0.534348,0.178604,-0.389725,-0.734070,-0.578079
-0.004486,0.613678,0.852066,0.539337,-0.085083,-0.550453,-0.532005
-0.078102,0.454681,0.653427,0.357094,-0.209045,-0.608856,-0.569374
-0.177620,0.231079,0.324493,0.014664,-0.464218,-0.723808,-0.535606
0.001541,0.546478,0.725029,0.399887,-0.187973,-0.598557,-0.557060
-0.127190,0.369087,0.566833,0.310539,-0.197365,-0.554115,-0.512024
-0.156761,0.211884,0.296860,0.009918,-0.433586,-0.666916,-0.483955
0.011864,0.502174,0.648094,0.330666,-0.218292,-0.570801,-0.448318
0.084244,0.671509,0.897827,0.588745,-0.022285,-0.476372,-0.458466
-0.025612,0.466766,0.623528,0.308060,-0.243835,-0.607063,-0.525467
-0.103722,0.309303,0.385506,0.051773,-0.441032,-0.696846,-0.477562
0.118698,0.724144,0.929420,0.582878,-0.060394,-0.526886,-0.494896
-0.006088,0.579811,0.830200,0.551811,-0.036621,-0.483932,-0.470055
-0.039246,0.460884,0.634109,0.329094,-0.224159,-0.596546,-0.499622
0.011528,0.583443,0.796528,0.477276,-0.136990,-0.584488,-0.545391
-0.059299,0.520992,0.765827,0.485849,-0.102190,-0.551058,-0.556288
-0.177598,0.254302,0.384367,0.089359,-0.406094,-0.706532,-0.585174
-0.157218,0.242439,0.306379,-0.031679,-0.522894,-0.782006,-0.614805
-0.148257,0.294521,0.405087,0.094661,-0.400446,-0.689798,-0.570154
-0.173197,0.180123,0.217690,-0.106448,-0.547727,-0.744659,-0.534406
-0.085759,0.265055,0.264969,-0.093555,-0.545471,-0.716810,-0.409914
0.246782,0.875959,1.072498,0.701653,0.034283,-0.446335,-0.419565
0.066982,0.647713,0.891010,0.609486,0.023804,-0.414932,-0.393547
0.034931,0.518085,0.667648,0.351875,-0.195442,-0.549255,-0.435886
0.065182,0.590965,0.754436,0.422157,-0.162033,-0.554342,-0.464468
0.050438,0.632898,0.858383,0.549452,-0.063383,-0.517292,-0.493343
-0.034969,0.501256,0.701454,0.402647,-0.168883,-0.571105,-0.506678
-0.046278,0.448987,0.592006,0.259019,-0.305340,-0.665281,-0.540390
0.001411,0.596859,0.821545,0.506945,-0.110523,-0.567060,-0.554504
-0.126934,0.368034,0.543980,0.251434,-0.283592,-0.643768,-0.574776
-0.169415,0.238132,0.328442,0.013584,-0.469303,-0.736771,-0.585667
-0.148750,0.242218,0.296562,-0.041237,-0.520470,-0.759903,-0.559532
-0.044495,0.446304,0.580025,0.254425,-0.286995,-0.631035,-0.547043
-0.153183,0.228313,0.302582,-0.000828,-0.448929,-0.666306,-0.444096
0.095486,0.595947,0.708935,0.344223,-0.233032,-0.588184,-0.451725
0.092739,0.669327,0.868477,0.538334,-0.070126,-0.498215,-0.446735
0.010597,0.500858,0.637932,0.301979,-0.255562,-0.601913,-0.473335
0.029140,0.529953,0.652088,0.294495,-0.277653,-0.628712,-0.487213
0.063225,0.655502,0.873131,0.557388,-0.054382,-0.502357,-0.468624
0.010185,0.580322,0.812160,0.517342,-0.081505,-0.527409,-0.500408
-0.042915,0.494389,0.698586,0.400814,-0.172619,-0.579655,-0.519020
-0.049683,0.472992,0.649025,0.330193,-0.245544,-0.637276,-0.547798
-0.032295,0.552727,0.781731,0.478256,-0.128181,-0.580627,-0.573776
-0.168465,0.294701,0.444992,0.150490,-0.363029,-0.687233,-0.570869
-0.107834,0.355881,0.473503,0.141747,-0.395020,-0.729553,-0.646858
-0.272827,0.075363,0.125443,-0.176514,-0.598740,-0.785568,-0.571159
-0.101784,0.302773,0.363747,0.028595,-0.453888,-0.699471,-0.506187
-0.005020,0.459351,0.563934,0.225098,-0.305016,-0.610512,-0.436569
0.135269,0.739952,0.962044,0.637047,0.005348,-0.465317,-0.449181
0.005348,0.541664,0.741943,0.440285,-0.132126,-0.530350,-0.462936
-0.001534,0.488853,0.626060,0.290237,-0.269127,-0.620216,-0.491447
0.038567,0.603775,0.799477,0.473732,-0.128403,-0.555099,-0.496368
0.001358,0.582428,0.820206,0.529327,-0.069527,-0.520317,-0.500122
-0.052292,0.473480,0.665276,0.361084,-0.211868,-0.609634,-0.536880
-0.060417,0.460533,0.627052,0.299767,-0.277504,-0.662941,-0.569168
-0.079689,0.434639,0.583847,0.242348,-0.335327,-0.708458,-0.607368
-0.123322,0.381706,0.530510,0.207169,-0.338837,-0.683510,-0.574745
-0.113365,0.346741,0.459824,0.127472,-0.399132,-0.712860,-0.587090
-0.134254,0.308601,0.418266,0.102066,-0.400719,-0.685959,-0.508530
0.046265,0.622345,0.822960,0.495255,-0.115677,-0.561821,-0.569244
-0.212250,0.202057,0.346931,0.099800,-0.340393,-0.591957,-0.408508
0.139534,0.709900,0.905800,0.571465,-0.054832,-0.512314,-0.482147
-0.004913,0.568550,0.806610,0.516983,-0.082573,-0.533089,-0.508705
-0.038177,0.529617,0.769882,0.489281,-0.093513,-0.528404,-0.497322
-0.032852,0.525032,0.752548,0.464203,-0.124313,-0.561935,-0.530624
-0.062996,0.498024,0.727669,0.437538,-0.155678,-0.597946,-0.568306
-0.096474,0.469696,0.703484,0.418419,-0.165855,-0.599266,-0.567688
-0.114441,0.408905,0.596359,0.289818,-0.282524,-0.677719,-0.603378
-0.123375,0.400108,0.570122,0.244354,-0.332375,-0.718246,-0.618073
-0.091949,0.501648,0.735260,0.427551,-0.189896,-0.658127,-0.681564
-0.326752,0.083481,0.212601,-0.055984,-0.505692,-0.760788,-0.620865
-0.208679,0.157776,0.201523,-0.129181,-0.589661,-0.815376,-0.645348
-0.235565,0.108009,0.141785,-0.170471,-0.591171,-0.761848,-0.505074
0.034592,0.504868,0.587959,0.220985,-0.324310,-0.628246,-0.441036
0.135159,0.728535,0.929661,0.593655,-0.026485,-0.470058,-0.422203
0.069613,0.650678,0.890401,0.600456,0.001545,-0.449319,-0.428225
0.037077,0.599688,0.832851,0.543251,-0.053357,-0.500953,-0.472708
-0.001288,0.568365,0.806559,0.523900,-0.061921,-0.499804,-0.467793
-0.000456,0.560268,0.789618,0.499174,-0.092405,-0.533058,-0.502811
-0.033310,0.529564,0.758116,0.462006,-0.138110,-0.585265,-0.552662
-0.076913,0.492159,0.727835,0.444647,-0.136804,-0.566440,-0.529176
-0.069321,0.465447,0.664207,0.360075,-0.218679,-0.627075,-0.559968
-0.062724,0.512996,0.744514,0.445485,-0.159475,-0.610448,-0.581625
-0.105712,0.467433,0.707150,0.419180,-0.177748,-0.631502,-0.641564
-0.276438,0.134225,0.245220,-0.053041,-0.530210,-0.807629,-0.700556
-0.357051,-0.072292,-0.073326,-0.378051,-0.754154,-0.868896,-0.577185
-0.027309,0.463839,0.591056,0.263899,-0.277110,-0.614893,-0.501257
-0.042879,0.412298,0.521458,0.193016,-0.320930,-0.609432,-0.420597
0.158180,0.762897,0.980141,0.649353,0.015823,-0.451767,-0.428696
0.047363,0.622574,0.862366,0.573471,-0.026344,-0.477135,-0.453026
0.019173,0.589592,0.830498,0.549545,-0.038498,-0.478584,-0.450706
0.015457,0.574036,0.801262,0.508705,-0.084961,-0.524757,-0.490730
-0.017487,0.550072,0.783264,0.490768,-0.106750,-0.554268,-0.524948
-0.051491,0.518242,0.754570,0.464211,-0.134117,-0.581451,-0.555862
-0.104645,0.413757,0.595337,0.286888,-0.274651,-0.650360,-0.553787
-0.057617,0.474068,0.643402,0.311092,-0.276043,-0.670273,-0.574474
-0.048798,0.545326,0.779449,0.471279,-0.146648,-0.605591,-0.577831
-0.097107,0.483730,0.730087,0.448696,-0.139763,-0.590992,-0.624928
-0.307869,0.058094,0.162899,-0.101446,-0.529375,-0.756052,-0.581129
-0.107910,0.358070,0.497478,0.195110,-0.325233,-0.656204,-0.540691
-0.052132,0.476898,0.671921,0.377758,-0.182327,-0.573212,-0.492668
0.012024,0.591206,0.820278,0.521748,-0.077847,-0.522541,-0.491413
-0.019089,0.547554,0.779842,0.488403,-0.107086,-0.552593,-0.523243
-0.050720,0.517101,0.751534,0.460278,-0.136009,-0.581320,-0.550797
-0.075157,0.496737,0.736183,0.452826,-0.132702,-0.569305,-0.536018
-0.065453,0.495552,0.724211,0.432117,-0.161085,-0.601386,-0.567848
-0.093124,0.473958,0.704736,0.409862,-0.189999,-0.634938,-0.602086
-0.121201,0.456874,0.702453,0.420292,-0.171856,-0.617946,-0.593071
-0.132788,0.413157,0.626905,0.333723,-0.242964,-0.655169,-0.593782
-0.101231,0.470829,0.697746,0.394165,-0.212368,-0.660007,-0.624943
-0.140888,0.439354,0.684155,0.399269,-0.194595,-0.641407,-0.619198
-0.175220,0.330154,0.496883,0.179592,-0.382877,-0.769253,-0.755501
-0.453674,-0.146717,-0.082779,-0.330936,-0.689083,-0.824127,-0.569141
-0.044914,0.438400,0.567627,0.241486,-0.303398,-0.653801,-0.559502
-0.105629,0.390017,0.574434,0.303957,-0.211166,-0.556515,-0.444525
0.069831,0.641002,0.854321,0.535290,-0.082667,-0.535788,-0.501292
-0.016840,0.562800,0.804054,0.513687,-0.088561,-0.539786,-0.512201
-0.035571,0.541203,0.786458,0.504939,-0.086585,-0.534022,-0.509519
-0.040827,0.525152,0.760691,0.475407,-0.111053,-0.548588,-0.514269
-0.042686,0.520298,0.747986,0.450043,-0.149934,-0.594995,-0.560316
-0.078603,0.498331,0.738868,0.452682,-0.142484,-0.588637,-0.559924
-0.086076,0.486974,0.731474,0.454100,-0.131357,-0.575705,-0.559854
-0.118281,0.415956,0.631776,0.346506,-0.225275,-0.636526,-0.577128
-0.085569,0.488429,0.718244,0.418507,-0.185195,-0.632967,-0.599015
-0.117039,0.464068,0.710697,0.430552,-0.161552,-0.631039,-0.734814
-0.573858,-0.404520,-0.423190,-0.658423,-0.916799,-0.921700,-0.580714
-0.062089,0.351223,0.417933,0.085534,-0.407906,-0.680955,-0.537348
-0.091259,0.356630,0.499592,0.227112,-0.249947,-0.547806,-0.444424
-0.027466,0.409130,0.550652,0.279671,-0.194931,-0.482552,-0.324120
0.210854,0.777031,0.967812,0.624474,-0.009766,-0.468292,-0.430374
0.061371,0.648216,0.893677,0.607452,0.007355,-0.444695,-0.422821
0.046188,0.615402,0.859970,0.583633,-0.000809,-0.445160,-0.424438
0.032684,0.585220,0.808411,0.513824,-0.079910,-0.518814,-0.481934
-0.003922,0.564468,0.795540,0.500946,-0.098656,-0.544327,-0.513184
-0.035965,0.537491,0.779457,0.495651,-0.096176,-0.541962,-0.515823
-0.048439,0.514290,0.744659,0.453285,-0.139214,-0.577843,-0.541672
-0.065323,0.501411,0.729889,0.431747,-0.170364,-0.615593,-0.579124
-0.096603,0.482101,0.726349,0.441895,-0.151554,-0.597961,-0.571449
-0.099781,0.471107,0.716404,0.439816,-0.143879,-0.599178,-0.645931
-0.331806,0.060555,0.209087,-0.025602,-0.459318,-0.722012,-0.588642
-0.140970,0.319235,0.465618,0.173096,-0.341392,-0.675347,-0.585254
-0.149214,0.324859,0.496701,0.227447,-0.274735,-0.613111,-0.544982
-0.143410,0.294557,0.444301,0.173663,-0.309374,-0.607286,-0.456100
0.080496,0.652216,0.852407,0.517439,-0.110449,-0.566570,-0.529182
-0.038931,0.548412,0.797300,0.517429,-0.075396,-0.525099,-0.503820
-0.039300,0.526453,0.770555,0.497661,-0.081409,-0.521390,-0.500243
-0.045619,0.502515,0.717444,0.411746,-0.191027,-0.633969,-0.591326
-0.101717,0.483047,0.729388,0.444074,-0.152180,-0.601363,-0.575651
-0.103798,0.470209,0.716637,0.441174,-0.143364,-0.592659,-0.603189
-0.212170,0.265160,0.451954,0.183853,-0.333782,-0.685509,-0.591537
-0.108685,0.428368,0.630375,0.334347,-0.238323,-0.647530,-0.604652
-0.159737,0.360245,0.569756,0.301685,-0.235470,-0.623150,-0.589230
-0.193226,0.265602,0.442852,0.190681,-0.295540,-0.639584,-0.642498
-0.397243,-0.132683,-0.067780,-0.285690,-0.614849,-0.756336,-0.582939
-0.232330,0.061401,0.106350,-0.149910,-0.512205,-0.673849,-0.508720
-0.163382,0.126094,0.169743,-0.080001,-0.431945,-0.558929,-0.267677
0.340292,0.915314,1.074787,0.687721,0.021862,-0.445541,-0.400791
0.104546,0.702904,0.954880,0.669250,0.068741,-0.386642,-0.368080
0.094696,0.659683,0.902031,0.627380,0.047523,-0.397163,-0.396324
0.019608,0.530373,0.744400,0.482727,-0.056908,-0.451950,-0.397034
0.073463,0.619728,0.824974,0.510643,-0.094841,-0.535606,-0.492767
-0.005913,0.573181,0.815842,0.530777,-0.062317,-0.515221,-0.523476
-0.126305,0.364914,0.572289,0.325546,-0.182671,-0.544617,-0.481300
-0.043488,0.450874,0.624256,0.321346,-0.236656,-0.622536,-0.556557
-0.099495,0.420792,0.620834,0.341419,-0.205032,-0.593140,-0.553783
-0.146542,0.324390,0.508743,0.254810,-0.240002,-0.580849,-0.523960
-0.139389,0.281731,0.414780,0.129562,-0.362057,-0.684092,-0.647612
-0.359415,-0.063055,0.019672,-0.192307,-0.525364,-0.675613,-0.515797
-0.178650,0.108570,0.152916,-0.096134,-0.451294,-0.603924,-0.425964
-0.064026,0.223335,0.235573,-0.058975,-0.444572,-0.591232,-0.336075
0.193176,0.678497,0.800888,0.460129,-0.100250,-0.463112,-0.385086
0.048721,0.521538,0.694054,0.427391,-0.071274,-0.407166,-0.342484
0.048813,0.477554,0.628860,0.371475,-0.098465,-0.407852,-0.329590
0.053680,0.456863,0.573105,0.282928,-0.200928,-0.496750,-0.380615
0.054825,0.507767,0.656708,0.376434,-0.121048,-0.446014,-0.364624
0.042252,0.480576,0.631607,0.368088,-0.110870,-0.425278,-0.347092
0.045868,0.469391,0.612625,0.351135,-0.119934,-0.428482,-0.358170
0.007446,0.392181,0.500900,0.221817,-0.240295,-0.514557,-0.394638
0.024063,0.451614,0.586151,0.313110,-0.161591,-0.461029,-0.367035
0.033768,0.456299,0.593643,0.326324,-0.145615,-0.447220,-0.357330
0.042328,0.457886,0.575607,0.277145,-0.223709,-0.546143,-0.501282
-0.198944,0.112381,0.202103,-0.015671,-0.363281,-0.527008,-0.357132
0.028046,0.375534,0.449265,0.174606,-0.247955,-0.476196,-0.334106
0.058670,0.420517,0.489944,0.197327,-0.243042,-0.468414,-0.260025
0.287338,0.832581,0.996735,0.642654,0.021179,-0.421753,-0.401596
0.015900,0.508667,0.708786,0.455795,-0.049835,-0.409241,-0.370773
0.000412,0.421913,0.573883,0.320076,-0.147285,-0.453125,-0.364502
0.043678,0.477425,0.607330,0.307251,-0.204987,-0.526962,-0.397675
0.110367,0.658684,0.856186,0.544922,-0.045811,-0.477825,-0.468315
-0.072109,0.400574,0.590557,0.339260,-0.158813,-0.510714,-0.465769
-0.089133,0.334859,0.487350,0.232124,-0.237602,-0.546754,-0.462374
-0.060336,0.367338,0.499058,0.209578,-0.289206,-0.607609,-0.517738
-0.104393,0.336445,0.484146,0.215382,-0.266781,-0.579460,-0.502472
-0.132172,0.233788,0.312195,0.021675,-0.421471,-0.661285,-0.525764
-0.158974,0.136124,0.123817,-0.218468,-0.640602,-0.804878,-0.590584
-0.167213,0.192741,0.266174,0.001015,-0.394547,-0.584282,-0.420631
-0.050407,0.246132,0.248909,-0.064781,-0.466415,-0.620178,-0.370094
0.133621,0.563377,0.633659,0.284256,-0.232895,-0.524590,-0.374084
0.112991,0.611229,0.771820,0.468910,-0.069588,-0.436165,-0.383316
0.010910,0.447433,0.601585,0.340172,-0.137657,-0.450951,-0.375565
0.009735,0.422768,0.558517,0.298424,-0.165405,-0.458946,-0.360100
0.051376,0.480576,0.607933,0.311180,-0.192871,-0.512604,-0.418198
0.006454,0.458481,0.611389,0.338005,-0.156570,-0.484497,-0.413841
-0.024437,0.397545,0.543159,0.284035,-0.182724,-0.484055,-0.392921
0.012871,0.445236,0.585495,0.308365,-0.185028,-0.510803,-0.436058
-0.038696,0.389229,0.528030,0.252396,-0.230713,-0.539474,-0.449799
-0.045471,0.381561,0.520447,0.250748,-0.225494,-0.531342,-0.450531
-0.075455,0.306931,0.407471,0.127136,-0.328384,-0.605865,-0.550644
-0.319092,-0.168701,-0.254028,-0.549484,-0.830429,-0.828430,-0.493301
-0.048859,0.224548,0.166321,-0.187302,-0.578682,-0.688080,-0.412590
0.044044,0.365646,0.341476,-0.016510,-0.443481,-0.592079,-0.306610
0.266335,0.792015,0.941681,0.610344,0.040733,-0.347900,-0.299339
0.108196,0.564732,0.727947,0.458897,-0.037254,-0.368713,-0.302559
0.083347,0.501850,0.642044,0.378517,-0.090672,-0.389545,-0.288170
0.136543,0.586655,0.732761,0.444805,-0.069103,-0.419132,-0.374294
-0.014385,0.378376,0.502846,0.243290,-0.204365,-0.474072,-0.354523
0.063789,0.490971,0.619251,0.334160,-0.155411,-0.466660,-0.374603
0.036980,0.473118,0.618095,0.344662,-0.145077,-0.469189,-0.405502
-0.037651,0.358097,0.487484,0.229870,-0.222691,-0.503117,-0.395161
0.017532,0.444031,0.572620,0.286869,-0.203354,-0.513283,-0.419922
-0.009956,0.423607,0.566032,0.294968,-0.186562,-0.506432,-0.471748
-0.192192,0.078011,0.112328,-0.145668,-0.503838,-0.654549,-0.485428
-0.162506,0.067650,0.036903,-0.255287,-0.591644,-0.671913,-0.396858
0.040794,0.337715,0.294964,-0.070683,-0.495480,-0.635075,-0.338730
0.244026,0.774548,0.922176,0.584919,0.009445,-0.384022,-0.345123
0.045036,0.486309,0.648090,0.393257,-0.083918,-0.401449,-0.331255
0.050848,0.459728,0.589415,0.321342,-0.143549,-0.432297,-0.321859
0.102072,0.544577,0.684130,0.397501,-0.107275,-0.438478,-0.361317
0.046247,0.489147,0.639841,0.366213,-0.129585,-0.455795,-0.362942
0.081661,0.561249,0.720943,0.421066,-0.119305,-0.491634,-0.449356
-0.070484,0.355721,0.508450,0.258339,-0.203392,-0.500725,-0.415379
-0.026062,0.385094,0.514114,0.240509,-0.235710,-0.543480,-0.480194
-0.141045,0.213585,0.316895,0.066673,-0.349243,-0.580643,-0.428986
0.009445,0.442886,0.569572,0.279976,-0.211121,-0.524849,-0.459656
-0.122528,0.209587,0.276917,0.002769,-0.408524,-0.624588,-0.516327
-0.259552,-0.113487,-0.218742,-0.532959,-0.824692,-0.824577,-0.490356
-0.044853,0.240334,0.206482,-0.119087,-0.494404,-0.597660,-0.307304
0.209938,0.639416,0.708431,0.360695,-0.150917,-0.439081,-0.291929
0.185953,0.673115,0.832485,0.539101,0.010034,-0.344282,-0.259764
0.199999,0.710221,0.893410,0.591393,0.024467,-0.386896,-0.378428
-0.014512,0.410537,0.567970,0.319583,-0.144358,-0.443883,-0.345099
0.077054,0.525614,0.671170,0.384631,-0.125912,-0.467711,-0.406904
-0.024325,0.393826,0.535639,0.271778,-0.198699,-0.493950,-0.373345
0.090941,0.582225,0.747644,0.448551,-0.094952,-0.469412,-0.423391
-0.029093,0.415319,0.575338,0.311934,-0.175678,-0.505486,-0.464043
-0.135799,0.217789,0.325924,0.081463,-0.330700,-0.561317,-0.403999
0.048820,0.499447,0.627525,0.316837,-0.212738,-0.559711,-0.491325
-0.094383,0.332146,0.471531,0.204296,-0.266582,-0.572968,-0.539551
-0.301277,-0.104202,-0.128632,-0.390129,-0.689213,-0.747185,-0.481270
-0.066345,0.252029,0.283279,-0.007092,-0.407112,-0.581738,-0.373821
0.065651,0.421021,0.437145,0.088797,-0.369663,-0.571928,-0.340620
0.190386,0.694055,0.843408,0.527403,-0.020171,-0.393796,-0.361607
-0.011297,0.378785,0.510364,0.264688,-0.170191,-0.434081,-0.316589
0.093823,0.512193,0.634671,0.347733,-0.138787,-0.438226,-0.318848
0.134449,0.608977,0.761697,0.459782,-0.076752,-0.441381,-0.391480
-0.005063,0.423725,0.572166,0.309010,-0.165658,-0.464091,-0.332972
0.161260,0.686109,0.863288,0.538719,-0.055428,-0.484962,-0.473977
-0.089973,0.361826,0.538937,0.293452,-0.178353,-0.493478,-0.422838
-0.042233,0.364200,0.493429,0.223942,-0.245266,-0.537300,-0.420338
0.022770,0.487219,0.634851,0.334751,-0.197033,-0.546200,-0.443851
0.045326,0.584717,0.787060,0.488415,-0.089806,-0.524059,-0.576336
-0.343872,-0.092968,-0.058212,-0.302082,-0.632545,-0.748962,-0.551697
-0.225296,-0.025864,-0.103638,-0.424828,-0.756691,-0.810017,-0.515079
-0.064556,0.281281,0.324108,0.033489,-0.373619,-0.552345,-0.313339
0.227240,0.742342,0.893251,0.565111,-0.002308,-0.392670,-0.365343
-0.002275,0.405331,0.548410,0.299475,-0.148404,-0.428108,-0.321404
0.085155,0.504591,0.627151,0.335411,-0.161723,-0.476559,-0.382198
0.034602,0.475911,0.621125,0.349881,-0.131831,-0.437248,-0.333560
0.100286,0.559452,0.708676,0.416978,-0.102589,-0.444544,-0.345809
0.130006,0.652238,0.837571,0.527920,-0.052420,-0.462413,-0.396913
0.097736,0.671839,0.901730,0.602040,-0.004573,-0.469903,-0.498297
-0.138660,0.308533,0.490854,0.249561,-0.222965,-0.542706,-0.473701
-0.090801,0.321819,0.454254,0.180138,-0.297558,-0.593109,-0.461067
0.023350,0.535572,0.708073,0.395489,-0.176018,-0.574310,-0.523560
-0.085503,0.414970,0.605148,0.327682,-0.204140,-0.590454,-0.628418
-0.443283,-0.287117,-0.335464,-0.591316,-0.856468,-0.863213,-0.551399
-0.107590,0.217926,0.241615,-0.060150,-0.469498,-0.657272,-0.497520
-0.138962,0.173378,0.233818,-0.014931,-0.381516,-0.536690,-0.299740
0.219269,0.709095,0.840820,0.503445,-0.064323,-0.435493,-0.330551
0.184616,0.756575,0.970655,0.655291,0.041927,-0.410570,-0.378403
0.102747,0.679096,0.920977,0.633167,0.034412,-0.422161,-0.421375
0.003294,0.523695,0.737507,0.466831,-0.079762,-0.476818,-0.435612
-0.001156,0.503548,0.695950,0.411884,-0.138210,-0.525051,-0.450275
0.041851,0.604675,0.821453,0.511707,-0.098022,-0.549820,-0.518898
-0.040916,0.534271,0.778931,0.499756,-0.091400,-0.554092,-0.603302
-0.291618,0.103203,0.259048,0.031593,-0.395927,-0.654457,-0.513062
-0.045731,0.435898,0.585915,0.269615,-0.286987,-0.659760,-0.583710
-0.128387,0.382370,0.575912,0.298843,-0.237473,-0.614548,-0.571091
-0.178329,0.250900,0.383209,0.096283,-0.394104,-0.707092,-0.647964
-0.326599,0.001648,0.093506,-0.140686,-0.514313,-0.697937,-0.523331
-0.106110,0.282913,0.378311,0.092880,-0.363770,-0.624802,-0.489792
-0.061996,0.370682,0.505417,0.207199,-0.393982,-0.958374,-1.150276
-0.867592,-0.329552,0.071793,0.053444,-0.354393,-0.829735,-0.983238
-0.655693,-0.062485,0.365158,0.324974,-0.140675,-0.685057,-0.898191
-0.612175,-0.039614,0.391005,0.370367,-0.069084,-0.593378,-0.812016
-0.562714,-0.031422,0.392487,0.437462,0.167503,-0.093170,-0.042870
0.362457,0.859741,1.064255,0.790176,0.219650,-0.236313,-0.252533
0.185532,0.758240,1.035568,0.799454,0.222610,-0.278687,-0.368134
-0.018234,0.487640,0.758362,0.592896,0.165207,-0.136566,-0.051758
0.371155,0.825317,0.953888,0.623138,0.061951,-0.303741,-0.200195
0.309662,0.870453,1.069580,0.745239,0.133698,-0.313110,-0.300720
0.120819,0.623413,0.821564,0.550934,0.019043,-0.363464,-0.337143
0.037628,0.461685,0.596664,0.307449,-0.194000,-0.526794,-0.492203
-0.193207,0.118729,0.200241,-0.034454,-0.401749,-0.578140,-0.405182
-0.004242,0.361786,0.440247,0.154633,-0.286606,-0.529434,-0.387146
0.028320,0.436081,0.551956,0.277039,-0.184845,-0.459885,-0.327057
0.126862,0.591278,0.723236,0.396835,-0.158081,-0.522354,-0.435959
0.025681,0.534866,0.722916,0.439407,-0.099380,-0.476990,-0.428223
-0.018524,0.447021,0.623093,0.362885,-0.135239,-0.479370,-0.424782
-0.043488,0.374382,0.505173,0.223557,-0.263527,-0.559601,-0.401718
0.139557,0.712975,0.910927,0.572762,-0.058304,-0.518562,-0.497974
-0.039997,0.510483,0.741402,0.468151,-0.095646,-0.519512,-0.515604
-0.132746,0.328669,0.513357,0.263665,-0.226951,-0.559732,-0.457749
0.028137,0.563293,0.746798,0.413864,-0.198318,-0.638863,-0.608490
-0.160336,0.371639,0.590111,0.324074,-0.217903,-0.614281,-0.589943
-0.198555,0.259605,0.440102,0.190170,-0.294807,-0.627853,-0.569092
-0.190468,0.220856,0.347153,0.065002,-0.419647,-0.722076,-0.624176
-0.221405,0.197235,0.331772,0.065598,-0.395416,-0.675400,-0.558197
-0.134354,0.303207,0.445724,0.172791,-0.308609,-0.616608,-0.526199
-0.125992,0.294998,0.425964,0.154297,-0.317062,-0.606323,-0.475876
-0.002777,0.491379,0.647949,0.328369,-0.237350,-0.623077,-0.560852
-0.119217,0.378952,0.570755,0.302704,-0.216843,-0.580261,-0.531082
-0.136566,0.310028,0.476135,0.222687,-0.257004,-0.566254,-0.436081
0.078720,0.633728,0.823227,0.485474,-0.138336,-0.587479,-0.547073
-0.063614,0.511169,0.749557,0.468079,-0.117538,-0.561081,-0.565903
-0.174133,0.304932,0.504166,0.260117,-0.236649,-0.589172,-0.546799
-0.171722,0.246841,0.382233,0.103256,-0.382172,-0.679520,-0.539490
-0.034439,0.500198,0.686111,0.373154,-0.205551,-0.617798,-0.582840
-0.162369,0.326553,0.521896,0.266159,-0.240219,-0.594467,-0.546951
-0.162872,0.270447,0.428299,0.175446,-0.296783,-0.605484,-0.514801
-0.099655,0.342957,0.481674,0.188385,-0.320038,-0.646027,-0.547058
-0.104187,0.372726,0.540558,0.262436,-0.249512,-0.593674,-0.524429
-0.116882,0.332855,0.495239,0.235168,-0.248154,-0.568817,-0.495850
-0.110962,0.292892,0.403931,0.114502,-0.363724,-0.636337,-0.460098
0.085709,0.653854,0.849533,0.521812,-0.089134,-0.535301,-0.526146
-0.118553,0.372246,0.577255,0.333046,-0.164848,-0.519501,-0.479225
-0.104294,0.319969,0.475655,0.226532,-0.238121,-0.533463,-0.394379
0.120445,0.671562,0.857193,0.519516,-0.103241,-0.552322,-0.525551
-0.072174,0.468864,0.695320,0.427414,-0.123260,-0.531197,-0.516384
-0.130531,0.327011,0.507866,0.257305,-0.230263,-0.566860,-0.509674
-0.127739,0.289791,0.423191,0.146130,-0.334476,-0.629005,-0.494968
-0.011494,0.499798,0.675285,0.374460,-0.179535,-0.566334,-0.525686
-0.124979,0.332634,0.507700,0.256283,-0.227251,-0.553990,-0.488991
-0.104199,0.316158,0.465050,0.212121,-0.248491,-0.548609,-0.471880
-0.102811,0.282434,0.394586,0.120890,-0.333920,-0.601908,-0.476732
-0.055754,0.371155,0.505047,0.233345,-0.238064,-0.532276,-0.437984
-0.055420,0.317795,0.398499,0.105354,-0.342354,-0.580849,-0.407898
0.072136,0.544838,0.681114,0.364868,-0.173149,-0.521660,-0.439178
-0.007767,0.461693,0.631874,0.365837,-0.130257,-0.463585,-0.398300
-0.009323,0.417114,0.565186,0.304581,-0.166565,-0.472275,-0.388382
0.004364,0.422836,0.561035,0.298477,-0.168747,-0.459808,-0.331161
0.145981,0.649017,0.812393,0.493683,-0.079010,-0.477539,-0.436783
-0.027206,0.442108,0.622894,0.365402,-0.130020,-0.469528,-0.413284
-0.032303,0.389145,0.538132,0.284317,-0.181091,-0.479141,-0.375946
0.054474,0.508301,0.650299,0.348511,-0.176163,-0.517303,-0.417755
0.048141,0.557632,0.744019,0.456909,-0.086426,-0.472458,-0.437897
-0.048111,0.400620,0.571762,0.320343,-0.159286,-0.484116,-0.420181
-0.038391,0.378967,0.520981,0.258301,-0.214920,-0.522644,-0.445648
-0.066559,0.332520,0.453491,0.180710,-0.283936,-0.566574,-0.455902
-0.054199,0.344833,0.446213,0.155991,-0.308380,-0.575089,-0.441833
-0.029434,0.348923,0.413223,0.097961,-0.363846,-0.601654,-0.424103
0.054611,0.522110,0.658112,0.350403,-0.169403,-0.502792,-0.414124
0.007797,0.460999,0.618988,0.351624,-0.136017,-0.458054,-0.383530
0.008743,0.430618,0.573196,0.313019,-0.153809,-0.449371,-0.335907
0.115433,0.597794,0.763153,0.470840,-0.065948,-0.435715,-0.366486
0.085937,0.595764,0.780518,0.480072,-0.084305,-0.489227,-0.457748
-0.052475,0.420395,0.604721,0.346832,-0.151932,-0.496689,-0.431976
-0.024033,0.430954,0.594635,0.325073,-0.177429,-0.518082,-0.445389
-0.026611,0.432281,0.588104,0.302948,-0.211090,-0.554382,-0.486252
-0.083725,0.356171,0.508789,0.242950,-0.240234,-0.555885,-0.476967
-0.084236,0.337143,0.479233,0.217606,-0.249672,-0.551506,-0.474533
-0.107170,0.280296,0.401482,0.143570,-0.301460,-0.569534,-0.447372
-0.024506,0.406227,0.532181,0.240891,-0.255791,-0.569183,-0.480209
-0.094124,0.280632,0.357002,0.057625,-0.392349,-0.625267,-0.439941
0.057228,0.549850,0.707817,0.406219,-0.131935,-0.504028,-0.478111
-0.138885,0.239250,0.364883,0.125053,-0.293274,-0.533905,-0.397263
0.024330,0.445000,0.566833,0.280251,-0.203960,-0.505981,-0.395988
0.043137,0.508522,0.665867,0.383198,-0.129372,-0.472198,-0.384090
0.072414,0.576492,0.762409,0.472874,-0.078732,-0.474899,-0.449409
-0.059830,0.390659,0.554749,0.285612,-0.214506,-0.550846,-0.483641
-0.085920,0.349195,0.501966,0.241156,-0.235083,-0.542874,-0.441523
-0.005093,0.464462,0.624971,0.338607,-0.184451,-0.538642,-0.465688
-0.032979,0.448517,0.619885,0.338423,-0.185638,-0.543751,-0.486404
-0.082827,0.368835,0.531162,0.268097,-0.221121,-0.547638,-0.474602
-0.074039,0.360962,0.508736,0.238091,-0.250824,-0.579960,-0.543697
-0.233273,0.098766,0.200222,-0.029358,-0.410156,-0.606754,-0.429394
0.019852,0.452293,0.568218,0.261127,-0.246326,-0.564537,-0.458862
-0.016190,0.455643,0.618416,0.338196,-0.174858,-0.523056,-0.461739
-0.066925,0.369217,0.522018,0.256348,-0.227631,-0.545044,-0.466904
-0.071045,0.353439,0.489807,0.217636,-0.259117,-0.559601,-0.461754
-0.053200,0.376045,0.516151,0.247681,-0.227364,-0.524208,-0.403229
0.062416,0.557983,0.725693,0.424965,-0.126015,-0.507874,-0.441841
0.011360,0.523888,0.712326,0.418465,-0.138397,-0.535858,-0.513596
-0.137939,0.296806,0.460930,0.215286,-0.247871,-0.548561,-0.447983
-0.018181,0.441887,0.594948,0.308037,-0.209686,-0.559570,-0.498955
-0.102867,0.336487,0.490524,0.225121,-0.258598,-0.576736,-0.492462
-0.084663,0.353607,0.499733,0.226479,-0.259163,-0.571373,-0.483192
-0.076408,0.355972,0.497238,0.224052,-0.259560,-0.575630,-0.507874
-0.144753,0.239479,0.360405,0.106155,-0.332321,-0.595840,-0.483818
-0.094429,0.297287,0.407051,0.134895,-0.313499,-0.573189,-0.439796
-0.014580,0.404793,0.517548,0.222946,-0.260414,-0.551811,-0.431290
0.008507,0.464798,0.613144,0.328392,-0.179382,-0.520393,-0.472466
-0.122169,0.258148,0.383980,0.138481,-0.291313,-0.545265,-0.417915
0.000336,0.423546,0.549866,0.269676,-0.208191,-0.500027,-0.373100
0.093540,0.585201,0.750019,0.451305,-0.092796,-0.467850,-0.414608
0.002472,0.473358,0.647881,0.375401,-0.139767,-0.485168,-0.380077
0.124500,0.685001,0.888714,0.567974,-0.042892,-0.497784,-0.513874
-0.146927,0.300674,0.481445,0.245457,-0.220837,-0.532448,-0.444649
-0.023598,0.431694,0.585892,0.302067,-0.211632,-0.548737,-0.431503
0.083160,0.650726,0.857548,0.534023,-0.087402,-0.556656,-0.585999
-0.231194,0.208298,0.390816,0.164383,-0.284622,-0.581039,-0.502602
-0.129875,0.263885,0.385445,0.118149,-0.338135,-0.624184,-0.549126
-0.215881,0.120209,0.212006,-0.033005,-0.428123,-0.634018,-0.467819
-0.032562,0.385056,0.499001,0.210457,-0.265915,-0.551369,-0.433743
-0.004627,0.436195,0.574100,0.287807,-0.209782,-0.543617,-0.524712
-0.256874,0.024181,0.099537,-0.113892,-0.447426,-0.594254,-0.415432
-0.035055,0.297909,0.356302,0.070359,-0.352633,-0.561747,-0.352851
0.167667,0.678523,0.835979,0.517262,-0.040812,-0.416047,-0.334669
0.138594,0.670015,0.869335,0.576468,0.009819,-0.395405,-0.336908
0.144934,0.704384,0.921707,0.614445,0.007160,-0.444191,-0.417721
0.054863,0.622730,0.856218,0.567911,-0.023512,-0.473789,-0.496054
-0.139135,0.299507,0.475309,0.235371,-0.231903,-0.548391,-0.483000
-0.112469,0.286923,0.415046,0.149357,-0.311193,-0.589756,-0.444788
0.045603,0.558853,0.729441,0.413009,-0.161337,-0.571235,-0.568124
-0.240736,0.122761,0.231943,-0.017329,-0.424478,-0.650110,-0.552294
-0.287320,-0.105776,-0.167085,-0.459255,-0.765288,-0.804739,-0.505817
-0.056229,0.285748,0.324753,0.026440,-0.388298,-0.583366,-0.415237
-0.041546,0.257446,0.268513,-0.031105,-0.414902,-0.555870,-0.320473
0.143303,0.551056,0.639572,0.333633,-0.143394,-0.426590,-0.337013
0.010582,0.353043,0.441353,0.186020,-0.219360,-0.435455,-0.287216
0.111679,0.491287,0.588058,0.310806,-0.136810,-0.385986,-0.212906
0.298477,0.817825,0.983688,0.656677,0.071793,-0.335861,-0.280777
0.176193,0.703186,0.906906,0.619370,0.055069,-0.348816,-0.286072
0.199966,0.765533,0.986938,0.681763,0.071655,-0.385422,-0.371475
0.077942,0.623825,0.848236,0.567535,-0.002686,-0.431946,-0.439270
-0.080231,0.351700,0.517914,0.270432,-0.201401,-0.503845,-0.367920
0.149643,0.707382,0.900543,0.564453,-0.063568,-0.520813,-0.486488
-0.000267,0.583084,0.830940,0.547112,-0.049637,-0.526672,-0.635994
-0.461990,-0.250443,-0.216568,-0.426140,-0.705021,-0.775192,-0.540894
-0.160217,0.133999,0.155975,-0.129887,-0.516636,-0.683952,-0.493195
-0.087307,0.270943,0.346581,0.068939,-0.354614,-0.576984,-0.423210
-0.009056,0.381783,0.479935,0.196255,-0.254784,-0.519047,-0.424374
-0.089291,0.233959,0.309101,0.057343,-0.331779,-0.525887,-0.355839
0.063686,0.454956,0.547661,0.250767,-0.221188,-0.497395,-0.371590
0.052929,0.484303,0.619675,0.344532,-0.135178,-0.430798,-0.292992
0.205906,0.734398,0.912247,0.589314,-0.003223,-0.419453,-0.355251
0.141033,0.716751,0.942375,0.635521,0.020828,-0.437866,-0.413788
0.060329,0.634598,0.879307,0.597237,0.003197,-0.448698,-0.431557
0.027878,0.584674,0.811102,0.519715,-0.072800,-0.516340,-0.498720
-0.058332,0.471790,0.684504,0.400051,-0.167995,-0.577511,-0.519333
-0.030941,0.538933,0.768562,0.470581,-0.132362,-0.587204,-0.585655
-0.166061,0.348366,0.565063,0.307045,-0.225037,-0.622330,-0.634071
-0.327255,0.033447,0.156479,-0.081009,-0.496002,-0.730377,-0.563080
-0.083755,0.399017,0.547241,0.234070,-0.313568,-0.678436,-0.596512
-0.142197,0.362671,0.554291,0.279236,-0.250198,-0.622406,-0.574127
-0.168793,0.288544,0.452591,0.179520,-0.321548,-0.658813,-0.605194
-0.247299,0.138626,0.261230,0.006714,-0.431046,-0.687973,-0.559647
-0.143326,0.276031,0.403442,0.129227,-0.341721,-0.631546,-0.524109
-0.109955,0.321930,0.465637,0.202682,-0.264938,-0.550507,-0.396866
0.131424,0.688049,0.872314,0.524490,-0.111252,-0.567337,-0.525040
-0.028946,0.560272,0.807114,0.519363,-0.082260,-0.535782,-0.512436
-0.043915,0.526779,0.769928,0.492172,-0.094635,-0.545227,-0.558990
-0.174103,0.298111,0.485703,0.225204,-0.283920,-0.627213,-0.518066
-0.007492,0.558960,0.767624,0.446930,-0.169739,-0.622543,-0.595535
-0.130219,0.427567,0.662796,0.388947,-0.182251,-0.612488,-0.608017
-0.216797,0.251953,0.434158,0.170288,-0.336319,-0.681000,-0.614243
-0.205231,0.244995,0.401047,0.125916,-0.370346,-0.690155,-0.581146
-0.116608,0.383743,0.564041,0.276779,-0.259842,-0.630386,-0.570709
-0.144302,0.337814,0.524460,0.263992,-0.241196,-0.599152,-0.579727
-0.260590,0.095718,0.205582,-0.042023,-0.457291,-0.687042,-0.536682
-0.107330,0.316162,0.436920,0.149277,-0.333038,-0.627289,-0.513489
-0.085220,0.361603,0.511322,0.240662,-0.244370,-0.556961,-0.470123
-0.066635,0.361511,0.498566,0.224152,-0.255798,-0.545784,-0.385780
0.154663,0.727257,0.924400,0.586395,-0.044510,-0.502655,-0.466309
0.021927,0.606285,0.853188,0.570358,-0.024422,-0.479980,-0.487953
-0.084641,0.413639,0.628002,0.382309,-0.129757,-0.494545,-0.417454
0.061340,0.606068,0.802956,0.480343,-0.130409,-0.570526,-0.525093
-0.033707,0.548904,0.791149,0.503716,-0.092690,-0.546917,-0.549648
-0.140163,0.362286,0.575912,0.325584,-0.190083,-0.566250,-0.536549
-0.160358,0.269058,0.416195,0.141027,-0.350399,-0.668341,-0.579958
-0.170027,0.267435,0.413752,0.144609,-0.333036,-0.634395,-0.529584
-0.102409,0.349201,0.502689,0.231848,-0.258235,-0.578764,-0.496864
-0.096302,0.331868,0.475804,0.212102,-0.258205,-0.570862,-0.541708
-0.277388,-0.008600,0.049725,-0.177650,-0.514244,-0.658237,-0.484409
-0.135338,0.156853,0.199287,-0.058502,-0.423309,-0.580612,-0.395576
-0.001228,0.346550,0.420593,0.154045,-0.253639,-0.466156,-0.311432
0.094864,0.476913,0.564392,0.270142,-0.193359,-0.443604,-0.241302
0.327362,0.910294,1.105942,0.760574,0.121368,-0.344040,-0.318832
0.156403,0.730774,0.974609,0.699448,0.117142,-0.331940,-0.347183
0.032303,0.503036,0.699860,0.454361,-0.045807,-0.393936,-0.305222
0.178207,0.719727,0.911438,0.584656,-0.029236,-0.472504,-0.435074
0.039566,0.603622,0.836258,0.552002,-0.030518,-0.470032,-0.472839
-0.081985,0.393188,0.588577,0.340683,-0.157913,-0.510345,-0.465927
-0.089798,0.328796,0.465195,0.187195,-0.299225,-0.603439,-0.485825
-0.026443,0.459991,0.626495,0.335327,-0.195419,-0.556259,-0.491837
-0.075378,0.390976,0.563965,0.303650,-0.189697,-0.526154,-0.462982
-0.074142,0.355103,0.505951,0.247147,-0.224167,-0.546616,-0.531082
-0.278290,-0.018021,0.037735,-0.189240,-0.524475,-0.665161,-0.483170
-0.111359,0.207260,0.263168,0.000183,-0.387360,-0.573074,-0.407379
-0.035141,0.268280,0.281769,-0.026184,-0.432892,-0.586792,-0.293884
0.334290,0.932251,1.108597,0.728485,0.062668,-0.412506,-0.377426
0.118332,0.711105,0.962418,0.681030,0.084717,-0.371399,-0.372116
0.051041,0.570938,0.791061,0.530548,-0.011856,-0.418442,-0.408157
-0.028778,0.425278,0.605576,0.357391,-0.130768,-0.464066,-0.367477
0.110107,0.637024,0.817245,0.488846,-0.117859,-0.556915,-0.539719
-0.120255,0.380356,0.587280,0.336166,-0.174423,-0.540680,-0.504089
-0.125961,0.305374,0.465141,0.213226,-0.257118,-0.569817,-0.490898
-0.096222,0.324165,0.453552,0.168602,-0.319824,-0.623077,-0.507446
-0.054909,0.424751,0.587471,0.301346,-0.219513,-0.571518,-0.510067
-0.110237,0.333817,0.492508,0.232689,-0.247452,-0.564968,-0.487896
-0.103836,0.296261,0.409458,0.129959,-0.337437,-0.628639,-0.563574
-0.249992,0.062717,0.140139,-0.098597,-0.467951,-0.643431,-0.472485
-0.092091,0.228205,0.260382,-0.040781,-0.453445,-0.638641,-0.444118
-0.028648,0.300026,0.304363,-0.034161,-0.467243,-0.634579,-0.339355
0.298927,0.907898,1.091248,0.715141,0.049393,-0.429619,-0.403217
0.077106,0.654598,0.901520,0.629448,0.051174,-0.391949,-0.402248
-0.019821,0.450916,0.643852,0.396446,-0.102661,-0.456573,-0.403862
-0.002941,0.445103,0.593088,0.300180,-0.219591,-0.557825,-0.447573
0.044553,0.583935,0.780413,0.477908,-0.101204,-0.520715,-0.504675
-0.107846,0.360570,0.547311,0.296716,-0.196752,-0.540176,-0.487804
-0.106735,0.318722,0.471691,0.215963,-0.255234,-0.562908,-0.474136
-0.062859,0.375923,0.512787,0.220592,-0.284790,-0.612663,-0.528267
-0.115463,0.327770,0.480774,0.215313,-0.265526,-0.577873,-0.496658
-0.101654,0.321007,0.464371,0.203033,-0.263954,-0.564529,-0.481415
-0.097229,0.302994,0.417290,0.133995,-0.339111,-0.627190,-0.525818
-0.133301,0.269318,0.395767,0.138184,-0.303589,-0.568436,-0.450890
-0.051147,0.346909,0.454163,0.173653,-0.287918,-0.555779,-0.408020
0.068535,0.561226,0.724144,0.424522,-0.118515,-0.484711,-0.391426
0.109268,0.670799,0.879448,0.563599,-0.043396,-0.494453,-0.490143
-0.081505,0.413261,0.616333,0.359451,-0.156853,-0.525848,-0.489044
-0.104851,0.335426,0.500145,0.245308,-0.235748,-0.555145,-0.466270
-0.037323,0.425804,0.576042,0.278534,-0.249695,-0.601196,-0.522629
-0.089241,0.389038,0.561134,0.286255,-0.227364,-0.578056,-0.523117
-0.133636,0.300156,0.456505,0.203156,-0.265686,-0.571999,-0.481873
-0.069260,0.372803,0.522682,0.247292,-0.249260,-0.577179,-0.491852
-0.066422,0.394211,0.550766,0.268311,-0.241104,-0.580795,-0.512009
-0.113708,0.318100,0.464645,0.200623,-0.271973,-0.575165,-0.487808
-0.100395,0.290329,0.389359,0.098755,-0.365974,-0.646706,-0.571266
-0.260101,0.043373,0.114586,-0.117607,-0.468758,-0.621315,-0.418869
0.005424,0.364319,0.405426,0.078911,-0.382332,-0.615669,-0.440536
0.000641,0.386040,0.440704,0.113945,-0.350468,-0.573288,-0.334023
0.265415,0.866169,1.071663,0.733124,0.094830,-0.384327,-0.402023
-0.006409,0.480324,0.677380,0.416479,-0.098938,-0.463148,-0.419666
-0.032768,0.404312,0.564880,0.307880,-0.169474,-0.481312,-0.379097
0.067945,0.552887,0.721794,0.431042,-0.106146,-0.480207,-0.428905
-0.012774,0.456202,0.622974,0.340862,-0.177980,-0.527998,-0.452864
-0.022879,0.453966,0.625605,0.348316,-0.167704,-0.521759,-0.461369
-0.055758,0.396938,0.560284,0.295296,-0.198761,-0.533005,-0.473490
-0.092180,0.325699,0.469206,0.209963,-0.257881,-0.558327,-0.463367
-0.053776,0.377474,0.512737,0.227743,-0.268551,-0.585468,-0.495106
-0.083227,0.357128,0.509230,0.245802,-0.232054,-0.547308,-0.490459
-0.148899,0.213978,0.327415,0.085275,-0.329473,-0.579249,-0.504392
-0.225063,0.026358,0.056729,-0.186624,-0.514640,-0.622786,-0.373404
0.080787,0.438046,0.451156,0.094936,-0.378162,-0.596882,-0.367228
0.190468,0.735226,0.912594,0.593086,0.015667,-0.391445,-0.352398
0.073067,0.566898,0.760239,0.493690,-0.031242,-0.406845,-0.367821
0.029297,0.481380,0.642155,0.365814,-0.143410,-0.484875,-0.406158
0.023468,0.497990,0.670258,0.396507,-0.116985,-0.467571,-0.390076
0.057861,0.558342,0.745571,0.463207,-0.080322,-0.461647,-0.387272
0.098591,0.652267,0.859970,0.546112,-0.058907,-0.508976,-0.515404
-0.130096,0.338627,0.531536,0.289982,-0.193546,-0.526150,-0.452312
-0.032404,0.432505,0.598181,0.319870,-0.198135,-0.552200,-0.487909
-0.068663,0.400476,0.569372,0.292304,-0.226420,-0.586075,-0.537083
-0.152521,0.276405,0.427934,0.168836,-0.301790,-0.605963,-0.521524
-0.132113,0.281104,0.415116,0.152333,-0.310221,-0.612255,-0.578430
-0.331936,-0.112057,-0.107058,-0.353067,-0.662205,-0.737950,-0.450588
0.036366,0.411446,0.423664,0.054847,-0.430728,-0.655944,-0.442481
0.061093,0.510253,0.596836,0.256757,-0.257012,-0.545349,-0.383703
0.127110,0.655699,0.840496,0.542032,-0.015507,-0.402912,-0.326759
0.163788,0.726002,0.940197,0.627884,0.015591,-0.451466,-0.483524
-0.134357,0.300510,0.477455,0.245483,-0.209015,-0.504059,-0.388130
0.074455,0.569916,0.741428,0.443489,-0.107655,-0.487732,-0.403330
0.094425,0.660864,0.880232,0.572073,-0.037067,-0.492205,-0.467524
0.002314,0.569425,0.806074,0.521886,-0.064473,-0.507772,-0.509447
-0.111615,0.373421,0.571744,0.316998,-0.193281,-0.558248,-0.520382
-0.140985,0.289654,0.443855,0.181543,-0.301056,-0.607330,-0.470284
0.051323,0.614059,0.811211,0.477142,-0.150822,-0.619709,-0.638908
-0.269165,0.185135,0.373539,0.142197,-0.321426,-0.642097,-0.615021
-0.338089,-0.056808,0.000237,-0.238159,-0.587624,-0.739479,-0.559746
-0.183334,0.141815,0.198349,-0.076714,-0.481094,-0.671745,-0.469929
-0.003284,0.415157,0.495728,0.170216,-0.320320,-0.590508,-0.427475
0.063236,0.561176,0.723431,0.425106,-0.109814,-0.475769,-0.424250
-0.032316,0.404873,0.559687,0.296986,-0.184063,-0.489794,-0.351252
0.171821,0.735989,0.935518,0.607695,-0.008244,-0.463283,-0.466830
-0.071838,0.406472,0.603987,0.358199,-0.135398,-0.481889,-0.423775
-0.023355,0.423217,0.580490,0.305576,-0.199296,-0.529606,-0.409554
0.103019,0.665583,0.867440,0.538026,-0.086312,-0.551617,-0.560440
-0.166756,0.314180,0.516264,0.276970,-0.207251,-0.540533,-0.470301
-0.057865,0.396711,0.555084,0.277359,-0.230297,-0.562382,-0.443108
0.069675,0.632454,0.834526,0.505333,-0.117809,-0.573132,-0.537880
-0.051697,0.530640,0.774567,0.489788,-0.101063,-0.558571,-0.612404
-0.329712,0.010990,0.122021,-0.106850,-0.492790,-0.704239,-0.585526
-0.258820,0.037598,0.094002,-0.156773,-0.524368,-0.683453,-0.464024
0.021046,0.472389,0.588482,0.265926,-0.263687,-0.594086,-0.474110
0.018864,0.549324,0.744778,0.456890,-0.092110,-0.477879,-0.424503
0.010281,0.507504,0.694439,0.415699,-0.121300,-0.493221,-0.409525
0.083628,0.642574,0.851595,0.535139,-0.079288,-0.530865,-0.498749
-0.017628,0.558708,0.799622,0.515751,-0.072247,-0.517166,-0.513611
-0.102783,0.396107,0.599365,0.338760,-0.186115,-0.554802,-0.472775
0.014828,0.569263,0.776752,0.458790,-0.153210,-0.602375,-0.565899
-0.081429,0.499214,0.742451,0.456009,-0.141365,-0.598495,-0.609955
-0.217896,0.265343,0.467758,0.224899,-0.268707,-0.610306,-0.534630
-0.098236,0.385948,0.558029,0.266548,-0.273293,-0.640190,-0.542709
-0.033920,0.538582,0.754211,0.439438,-0.176231,-0.630005,-0.595169
-0.110367,0.470619,0.716141,0.433929,-0.154366,-0.615196,-0.690865
-0.454216,-0.157166,-0.057129,-0.259766,-0.594292,-0.742088,-0.523178
-0.044479,0.401543,0.513344,0.187531,-0.345299,-0.677895,-0.562042
-0.080956,0.436775,0.625488,0.336792,-0.209076,-0.586845,-0.512833
-0.044891,0.486176,0.691025,0.405617,-0.153618,-0.550491,-0.480766
0.013206,0.580780,0.801292,0.492325,-0.120537,-0.573486,-0.540771
-0.056122,0.526649,0.772964,0.488594,-0.107712,-0.558899,-0.535187
-0.064339,0.506714,0.749222,0.470856,-0.110703,-0.546310,-0.515945
-0.051208,0.506950,0.734734,0.442757,-0.150337,-0.591507,-0.558830
-0.085937,0.480301,0.711220,0.417465,-0.180313,-0.626122,-0.592178
-0.112167,0.465042,0.709763,0.426750,-0.165268,-0.618065,-0.628159
-0.234741,0.247894,0.446777,0.192612,-0.316093,-0.661911,-0.555244
-0.045174,0.522743,0.734810,0.414558,-0.204590,-0.656921,-0.618690
-0.126617,0.461563,0.712273,0.429344,-0.167480,-0.635780,-0.701271
-0.425240,-0.077438,0.054298,-0.151108,-0.520630,-0.716782,-0.551651
-0.128189,0.277760,0.381130,0.083107,-0.400684,-0.683704,-0.536304
-0.044468,0.466324,0.639374,0.338089,-0.213427,-0.591904,-0.525429
-0.081553,0.418831,0.609894,0.340135,-0.178189,-0.536479,-0.470517
-0.044735,0.429900,0.600331,0.319896,-0.201191,-0.547565,-0.436594
0.078703,0.648853,0.859207,0.539190,-0.079744,-0.533836,-0.499325
-0.013878,0.569672,0.817730,0.537033,-0.056610,-0.509083,-0.503246
-0.070629,0.457661,0.675388,0.403725,-0.147747,-0.543770,-0.478088
0.007969,0.568684,0.784351,0.473515,-0.134361,-0.581390,-0.542801
-0.057220,0.525497,0.770782,0.487347,-0.106075,-0.555389,-0.536652
-0.079525,0.474026,0.703110,0.422184,-0.153114,-0.575676,-0.529446
-0.050941,0.513046,0.735867,0.434078,-0.168728,-0.613659,-0.576897
-0.093117,0.485867,0.727459,0.440369,-0.156666,-0.603695,-0.574871
-0.098957,0.475166,0.718777,0.439548,-0.149696,-0.615376,-0.700729
-0.472702,-0.172462,-0.059509,-0.246410,-0.573166,-0.724979,-0.529591
-0.094696,0.306946,0.399208,0.093109,-0.392830,-0.677006,-0.544415
-0.093628,0.371620,0.524940,0.245148,-0.254791,-0.581177,-0.495316
-0.079102,0.369446,0.520882,0.248970,-0.239235,-0.550102,-0.444962
-0.003792,0.465569,0.619049,0.322800,-0.206154,-0.556412,-0.474670
-0.036194,0.446136,0.622238,0.347427,-0.168091,-0.518738,-0.453979
-0.045013,0.409042,0.575699,0.315933,-0.170029,-0.484528,-0.354675
0.162704,0.723206,0.917145,0.579865,-0.050308,-0.506760,-0.466766
0.027023,0.617874,0.866318,0.580124,-0.020920,-0.474869,-0.452927
0.017136,0.589340,0.834946,0.557678,-0.028671,-0.476852,-0.470673
-0.039658,0.483109,0.695374,0.416336,-0.143417,-0.543747,-0.479385
0.010223,0.576431,0.797531,0.491089,-0.116333,-0.563889,-0.528763
-0.046600,0.532715,0.777573,0.495651,-0.096268,-0.548004,-0.546310
-0.124634,0.392822,0.615463,0.361359,-0.169769,-0.571030,-0.585709
-0.275970,0.088615,0.211571,-0.033821,-0.459572,-0.707550,-0.569359
-0.140358,0.291588,0.423645,0.143303,-0.338608,-0.639305,-0.533844
-0.110901,0.335541,0.488785,0.222595,-0.257996,-0.561310,-0.433060
0.061272,0.588196,0.765488,0.441048,-0.150032,-0.559906,-0.487442
0.017059,0.598000,0.830772,0.533951,-0.067863,-0.520607,-0.518951
-0.105118,0.400658,0.613663,0.360764,-0.158432,-0.535172,-0.506042
-0.126518,0.313034,0.481926,0.234161,-0.238914,-0.546501,-0.418579
0.091049,0.642891,0.830215,0.492271,-0.132706,-0.581055,-0.535965
-0.040031,0.549034,0.796700,0.511703,-0.085213,-0.539948,-0.539276
-0.117630,0.399788,0.620430,0.366310,-0.164841,-0.549519,-0.484310
-0.006535,0.542068,0.745739,0.427906,-0.181034,-0.621304,-0.575031
-0.082809,0.499657,0.739815,0.450325,-0.147137,-0.594589,-0.566187
-0.092645,0.479126,0.722361,0.444710,-0.140042,-0.585645,-0.584706
-0.171579,0.328622,0.523424,0.242737,-0.303004,-0.682583,-0.611324
-0.142189,0.391045,0.595129,0.307028,-0.255833,-0.659218,-0.616440
-0.181377,0.324932,0.526768,0.260857,-0.266335,-0.641212,-0.601437
-0.205486,0.247425,0.421749,0.171562,-0.310734,-0.629406,-0.520264
-0.042900,0.476013,0.653198,0.335495,-0.246925,-0.655045,-0.605240
-0.158340,0.357750,0.562431,0.292496,-0.240639,-0.621407,-0.581612
-0.183693,0.274094,0.451294,0.202003,-0.280396,-0.607956,-0.543762
-0.161705,0.252037,0.382668,0.104820,-0.372658,-0.655289,-0.486015
0.065575,0.648247,0.854408,0.522423,-0.105438,-0.564461,-0.538742
-0.068840,0.498352,0.740944,0.472420,-0.097427,-0.532181,-0.537094
-0.153221,0.316048,0.509491,0.264572,-0.229126,-0.566917,-0.465012
0.030563,0.581177,0.778046,0.451508,-0.161171,-0.603195,-0.557693
-0.066231,0.517426,0.761696,0.477257,-0.116188,-0.568451,-0.573135
-0.170471,0.325226,0.535095,0.286919,-0.223694,-0.593857,-0.559189
-0.179047,0.252335,0.399467,0.123322,-0.369072,-0.682106,-0.566399
-0.097168,0.403923,0.581039,0.289650,-0.249115,-0.620811,-0.563248
-0.144791,0.328465,0.509258,0.251801,-0.242603,-0.581085,-0.525768
-0.158371,0.224247,0.324039,0.045918,-0.401543,-0.643688,-0.442116
0.120964,0.692554,0.877960,0.528339,-0.107235,-0.567062,-0.553860
-0.124676,0.389475,0.606878,0.357363,-0.159462,-0.531893,-0.501429
-0.124487,0.309578,0.472054,0.220865,-0.251695,-0.565605,-0.488868
-0.100258,0.315093,0.443399,0.165193,-0.312645,-0.596620,-0.428692
0.119603,0.698028,0.902903,0.572567,-0.052691,-0.512074,-0.494530
-0.042500,0.504041,0.736921,0.473423,-0.079733,-0.496967,-0.490393
-0.104898,0.360100,0.548334,0.302153,-0.188900,-0.524071,-0.420555
0.072704,0.621019,0.814623,0.485826,-0.131054,-0.581150,-0.555368
-0.101028,0.444883,0.679100,0.417913,-0.130016,-0.541086,-0.530350
-0.144632,0.315708,0.500315,0.253471,-0.234320,-0.573090,-0.516102
-0.131432,0.290762,0.426830,0.147528,-0.341160,-0.649551,-0.551710
-0.133389,0.310431,0.460110,0.193314,-0.285917,-0.593739,-0.506081
-0.120319,0.265846,0.359381,0.070171,-0.385353,-0.638420,-0.492592
-0.074581,0.301533,0.358738,0.038418,-0.420589,-0.649754,-0.450947
0.060570,0.560566,0.709229,0.388657,-0.165375,-0.537560,-0.476585
-0.063545,0.396507,0.569092,0.316193,-0.163940,-0.485367,-0.415115
-0.030014,0.386734,0.528137,0.270706,-0.190468,-0.477486,-0.349701
0.120728,0.616135,0.774895,0.458450,-0.105171,-0.483940,-0.388474
0.126099,0.707245,0.936295,0.635757,0.032227,-0.426163,-0.433029
-0.030594,0.463867,0.672501,0.423073,-0.090736,-0.462151,-0.419952
-0.014786,0.453087,0.630486,0.362808,-0.149551,-0.500961,-0.404747
0.091042,0.643814,0.845734,0.524200,-0.088425,-0.539192,-0.520912
-0.077919,0.455765,0.679817,0.416374,-0.128906,-0.534424,-0.516235
-0.124115,0.340622,0.525673,0.273399,-0.220741,-0.572647,-0.548210
-0.223129,0.136131,0.247948,-0.000671,-0.418892,-0.653549,-0.515842
-0.117596,0.254570,0.330330,0.033276,-0.416344,-0.655739,-0.502220
-0.094170,0.256451,0.288406,-0.039345,-0.483246,-0.684731,-0.472168
0.008057,0.427261,0.491982,0.140991,-0.367943,-0.643654,-0.487068
-0.018356,0.449982,0.602448,0.328629,-0.158562,-0.471352,-0.384735
0.015602,0.435722,0.569710,0.300041,-0.169350,-0.461586,-0.343849
0.103912,0.576866,0.737801,0.451843,-0.071808,-0.425629,-0.338654
0.131363,0.653717,0.839165,0.529633,-0.047668,-0.461479,-0.435898
-0.029625,0.443260,0.628548,0.370644,-0.131050,-0.479706,-0.429604
-0.046875,0.380211,0.532829,0.275772,-0.196754,-0.501846,-0.395874
0.052933,0.529869,0.684006,0.376671,-0.168144,-0.531204,-0.438721
0.045563,0.585968,0.791267,0.498474,-0.072960,-0.491714,-0.476875
-0.082222,0.386967,0.575447,0.324619,-0.170063,-0.516647,-0.461552
-0.068020,0.373684,0.531029,0.263023,-0.231089,-0.561474,-0.479576
-0.053629,0.410429,0.568430,0.284473,-0.231310,-0.577308,-0.514786
-0.130492,0.272774,0.386183,0.103967,-0.360258,-0.630736,-0.496305
-0.060292,0.364913,0.471725,0.164406,-0.331538,-0.633451,-0.539931
-0.157146,0.234863,0.350796,0.091594,-0.342989,-0.588005,-0.441048
0.004440,0.449766,0.583340,0.289824,-0.214922,-0.540222,-0.456219
-0.044790,0.399021,0.553564,0.290596,-0.188765,-0.492821,-0.357502
0.158470,0.717558,0.918894,0.597744,-0.015486,-0.469793,-0.457968
-0.019423,0.509850,0.724640,0.447124,-0.110153,-0.518768,-0.497791
-0.097050,0.374268,0.558022,0.299580,-0.202637,-0.547897,-0.473900
-0.038208,0.448204,0.624435,0.339981,-0.194855,-0.571457,-0.525589
-0.120689,0.338158,0.503693,0.234047,-0.265587,-0.593636,-0.493790
-0.032471,0.472488,0.652451,0.359962,-0.187714,-0.575089,-0.535011
-0.131935,0.329971,0.504417,0.241638,-0.258026,-0.606613,-0.580826
-0.261246,0.087685,0.197098,-0.041214,-0.444336,-0.665955,-0.512421
-0.093613,0.294052,0.369537,0.055603,-0.418549,-0.675430,-0.523605
-0.092827,0.296936,0.359840,0.037361,-0.430618,-0.670631,-0.491356
-0.008957,0.463181,0.608673,0.314262,-0.200157,-0.544815,-0.510262
-0.191772,0.149231,0.253700,0.024170,-0.355614,-0.550240,-0.376785
0.053925,0.456284,0.547279,0.240883,-0.242447,-0.517220,-0.350937
0.174240,0.719006,0.906151,0.588520,-0.002666,-0.423416,-0.371510
0.111618,0.678211,0.907497,0.614040,0.015556,-0.442699,-0.462135
-0.082886,0.383736,0.573574,0.322140,-0.172165,-0.512512,-0.443428
-0.029202,0.430073,0.591145,0.313156,-0.197697,-0.540764,-0.460697
-0.023869,0.459755,0.633228,0.349945,-0.179829,-0.538727,-0.441132
0.063835,0.627663,0.837608,0.522079,-0.086548,-0.543129,-0.562828
-0.203362,0.236832,0.418098,0.188461,-0.266647,-0.570099,-0.487885
-0.088959,0.340515,0.481842,0.206757,-0.282639,-0.604439,-0.537468
-0.165359,0.232674,0.363365,0.107063,-0.341255,-0.613548,-0.500450
-0.104126,0.279808,0.360382,0.058334,-0.401123,-0.653198,-0.512253
-0.112747,0.244064,0.293877,-0.020103,-0.464996,-0.692863,-0.573822
-0.284882,-0.096188,-0.166046,-0.466682,-0.771339,-0.800636,-0.498489
-0.088678,0.153343,0.083563,-0.249267,-0.596596,-0.646719,-0.287106
0.294851,0.750358,0.796314,0.400328,-0.156166,-0.455605,-0.258095
0.336086,0.953110,1.174706,0.842346,0.202347,-0.274620,-0.263779
0.201096,0.768143,1.004700,0.715508,0.116348,-0.345520,-0.370506
0.000305,0.459526,0.646904,0.399857,-0.090111,-0.423248,-0.336288
0.114182,0.611313,0.791306,0.499809,-0.050819,-0.440163,-0.391312
0.040939,0.537598,0.726898,0.449524,-0.089058,-0.464508,-0.383331
0.112206,0.675461,0.891670,0.583313,-0.021149,-0.477501,-0.496025
-0.131493,0.315666,0.496002,0.253716,-0.218815,-0.545399,-0.505634
-0.189793,0.138821,0.217342,-0.043755,-0.447968,-0.648228,-0.442265
0.066574,0.563923,0.709961,0.381901,-0.186382,-0.573669,-0.538383
-0.187912,0.162319,0.222214,-0.075890,-0.506027,-0.719269,-0.588657
-0.298992,-0.122280,-0.210835,-0.522182,-0.821815,-0.832458,-0.501083
-0.033981,0.302879,0.323143,0.014072,-0.398624,-0.571163,-0.344582
0.128029,0.525024,0.573578,0.230980,-0.248169,-0.477791,-0.236496
0.368843,0.973480,1.174995,0.826637,0.180550,-0.294624,-0.278107
0.190445,0.760162,0.998390,0.711830,0.116257,-0.336205,-0.319633
0.136284,0.691528,0.918365,0.627357,0.031303,-0.416740,-0.395782
0.064499,0.619194,0.846474,0.556892,-0.031883,-0.475624,-0.466034
-0.045319,0.464333,0.671410,0.402859,-0.137714,-0.523914,-0.451431
0.036472,0.598042,0.812595,0.499676,-0.114172,-0.568101,-0.537329
-0.055586,0.522352,0.763880,0.479648,-0.112607,-0.567602,-0.598434
-0.253891,0.172501,0.343021,0.107639,-0.348270,-0.643715,-0.532063
-0.082481,0.397179,0.556000,0.253319,-0.291748,-0.655037,-0.548111
-0.026070,0.556648,0.780441,0.469841,-0.146584,-0.625519,-0.710350
-0.492531,-0.239517,-0.193848,-0.423965,-0.740784,-0.847565,-0.643677
-0.315567,-0.118347,-0.198303,-0.521622,-0.851685,-0.899307,-0.597733
-0.139633,0.210785,0.257187,-0.032806,-0.440269,-0.614449,-0.355301
0.228683,0.791664,0.965607,0.622185,0.012276,-0.416290,-0.375053
0.078949,0.608871,0.818436,0.537674,-0.018921,-0.418083,-0.357491
0.124481,0.683090,0.899582,0.591492,-0.016602,-0.467773,-0.439171
0.035522,0.605492,0.840088,0.551903,-0.040375,-0.487595,-0.492172
-0.097221,0.383980,0.580460,0.323883,-0.185287,-0.536453,-0.441948
0.054100,0.611046,0.815147,0.494812,-0.120529,-0.572037,-0.537880
-0.054741,0.524582,0.767479,0.482666,-0.113113,-0.572571,-0.593170
-0.218964,0.244629,0.435394,0.190765,-0.294830,-0.627502,-0.561539
-0.166016,0.268890,0.416595,0.143921,-0.345016,-0.651718,-0.508240
0.023636,0.596558,0.800888,0.470993,-0.155762,-0.616623,-0.598557
-0.145035,0.400085,0.624725,0.349182,-0.211990,-0.642029,-0.719406
-0.579178,-0.482132,-0.583160,-0.854080,-1.081375,-1.016403,-0.627640
-0.126129,0.225311,0.248322,-0.068756,-0.495255,-0.695099,-0.537567
-0.172394,0.147461,0.215363,-0.029884,-0.395943,-0.544724,-0.269218
0.332916,0.915825,1.090935,0.721306,0.065887,-0.405823,-0.373169
0.116280,0.701820,0.945000,0.652611,0.047363,-0.410763,-0.391010
0.077843,0.647869,0.889347,0.606026,0.013680,-0.435566,-0.413849
0.049141,0.610435,0.843269,0.556271,-0.031902,-0.473099,-0.457069
-0.021194,0.503475,0.715664,0.437523,-0.122322,-0.526649,-0.467239
0.016499,0.579803,0.800964,0.497520,-0.106937,-0.556442,-0.525200
-0.047871,0.528618,0.772617,0.491810,-0.099007,-0.556488,-0.583923
-0.227226,0.217064,0.395546,0.153389,-0.318016,-0.622971,-0.487534
0.031494,0.591682,0.788269,0.453644,-0.170967,-0.624809,-0.584175
-0.091675,0.496925,0.746094,0.463577,-0.130890,-0.582207,-0.560562
-0.094704,0.469467,0.702232,0.413239,-0.178841,-0.625839,-0.631165
-0.243767,0.226067,0.414238,0.157265,-0.345428,-0.682350,-0.578598
-0.090927,0.447960,0.647873,0.345863,-0.232735,-0.650742,-0.615608
-0.182274,0.328186,0.536087,0.274239,-0.252846,-0.621758,-0.537003
-0.040848,0.521103,0.732147,0.416733,-0.196640,-0.645203,-0.606186
-0.118195,0.464951,0.706772,0.416000,-0.184677,-0.635315,-0.605164
-0.125992,0.453308,0.700119,0.421127,-0.168854,-0.614761,-0.588730
-0.121429,0.444153,0.677353,0.389771,-0.199921,-0.637726,-0.601715
-0.124527,0.443054,0.673340,0.377014,-0.223297,-0.666733,-0.629456
-0.146133,0.433380,0.677460,0.394806,-0.197845,-0.642471,-0.614182
-0.141724,0.429947,0.676025,0.402176,-0.179779,-0.620651,-0.596466
-0.134903,0.420105,0.641876,0.341003,-0.259903,-0.700989,-0.659424
-0.168915,0.416733,0.663986,0.379562,-0.216766,-0.665039,-0.639389
-0.170517,0.397614,0.640182,0.366776,-0.211807,-0.665955,-0.734970
-0.482941,-0.160873,-0.039001,-0.236588,-0.587601,-0.757584,-0.549927
-0.060883,0.410034,0.539673,0.214920,-0.332481,-0.685387,-0.586716
-0.110931,0.411308,0.608406,0.328018,-0.213524,-0.594818,-0.546761
-0.131866,0.340775,0.518040,0.252201,-0.249531,-0.577702,-0.454540
0.063068,0.629654,0.832571,0.504213,-0.118097,-0.569670,-0.529726
-0.038896,0.549021,0.799454,0.519160,-0.074083,-0.523226,-0.500414
-0.034376,0.533856,0.777484,0.504121,-0.076393,-0.516830,-0.494181
-0.035141,0.516394,0.735664,0.436218,-0.160360,-0.597176,-0.553345
-0.067448,0.510700,0.748531,0.457710,-0.140095,-0.584957,-0.553017
-0.075966,0.499275,0.743015,0.462936,-0.125206,-0.571236,-0.561935
-0.133690,0.386368,0.595951,0.319160,-0.231522,-0.619911,-0.543724
-0.045296,0.525734,0.747719,0.441193,-0.166306,-0.612961,-0.575951
-0.089973,0.491188,0.736893,0.455826,-0.136223,-0.583191,-0.568962
-0.123131,0.420204,0.654808,0.393028,-0.160370,-0.586617,-0.628021
-0.346687,-0.002441,0.116982,-0.108452,-0.502716,-0.716537,-0.557205
-0.120926,0.305527,0.428238,0.140579,-0.343689,-0.639893,-0.527039
-0.092865,0.362740,0.519196,0.249359,-0.239746,-0.559296,-0.476425
-0.071991,0.360016,0.497986,0.218613,-0.268204,-0.564026,-0.405869
0.139557,0.719055,0.925964,0.594711,-0.032440,-0.489792,-0.456573
0.029541,0.612778,0.860519,0.582428,-0.007660,-0.457611,-0.449265
-0.013199,0.522415,0.752258,0.490646,-0.059677,-0.469223,-0.424759
0.039276,0.585022,0.792679,0.480743,-0.125290,-0.567581,-0.524292
-0.034042,0.550354,0.797302,0.513565,-0.081146,-0.529785,-0.505508
-0.036057,0.534592,0.781570,0.509583,-0.071518,-0.516434,-0.508987
-0.080612,0.438568,0.642410,0.353073,-0.213943,-0.615585,-0.544724
-0.044754,0.533676,0.765930,0.467621,-0.135651,-0.585937,-0.567169
-0.117828,0.427032,0.658264,0.392166,-0.163544,-0.580383,-0.571442
-0.184570,0.279861,0.467529,0.219833,-0.269775,-0.609360,-0.550262
-0.157623,0.275406,0.418289,0.137939,-0.358627,-0.676773,-0.577835
-0.140869,0.327301,0.492310,0.220184,-0.279938,-0.612381,-0.537399
-0.130981,0.312759,0.473099,0.215881,-0.259705,-0.561005,-0.420975
0.102585,0.663361,0.854645,0.517685,-0.108261,-0.557587,-0.512482
-0.016541,0.570587,0.817291,0.532318,-0.063599,-0.512466,-0.488403
-0.021118,0.546371,0.788300,0.512268,-0.069901,-0.515900,-0.522202
-0.126984,0.353500,0.538528,0.262802,-0.265335,-0.622589,-0.517502
-0.002151,0.573914,0.794037,0.482742,-0.128525,-0.577927,-0.544632
-0.063324,0.514206,0.760193,0.481369,-0.106514,-0.553261,-0.543701
-0.109344,0.421654,0.645981,0.380852,-0.169022,-0.572243,-0.519547
-0.047333,0.504555,0.716377,0.407593,-0.194328,-0.636429,-0.612480
-0.167763,0.362770,0.582733,0.315254,-0.230110,-0.628857,-0.605896
-0.215866,0.242901,0.424004,0.176628,-0.305817,-0.635372,-0.576080
-0.208649,0.174988,0.272869,-0.017879,-0.482727,-0.742085,-0.580994
-0.099022,0.387356,0.545986,0.250942,-0.273869,-0.621971,-0.549809
-0.135448,0.320068,0.488178,0.231823,-0.247810,-0.566776,-0.497002
-0.124077,0.260109,0.363403,0.086792,-0.361134,-0.604717,-0.405560
0.156105,0.731163,0.918053,0.566963,-0.071045,-0.528412,-0.487381
0.005493,0.594460,0.843964,0.563728,-0.026543,-0.476646,-0.467499
-0.032578,0.500923,0.727707,0.462082,-0.090252,-0.507645,-0.500252
-0.117847,0.336273,0.500069,0.222836,-0.286274,-0.616863,-0.489262
0.037640,0.614410,0.829376,0.512959,-0.101433,-0.552967,-0.520805
-0.042568,0.534824,0.781666,0.505630,-0.078510,-0.528397,-0.535620
-0.133516,0.363569,0.575787,0.326996,-0.189106,-0.564722,-0.525692
-0.120727,0.343060,0.508613,0.224334,-0.299569,-0.655557,-0.589249
-0.171896,0.292454,0.464433,0.202154,-0.289206,-0.619785,-0.553696
-0.169768,0.240953,0.372496,0.108251,-0.350864,-0.630928,-0.507948
-0.066679,0.389125,0.529185,0.230386,-0.287399,-0.616819,-0.499778
-0.007753,0.524701,0.719206,0.420615,-0.144844,-0.551797,-0.527216
-0.131686,0.329588,0.510232,0.257510,-0.230249,-0.564105,-0.503225
-0.120559,0.299646,0.445461,0.189486,-0.273164,-0.556744,-0.404055
0.123276,0.681906,0.870098,0.529095,-0.098913,-0.554178,-0.517898
-0.033628,0.545833,0.792772,0.517805,-0.064300,-0.511196,-0.519364
-0.126988,0.357527,0.562173,0.317599,-0.186508,-0.542428,-0.474118
-0.030384,0.469850,0.648062,0.347010,-0.212089,-0.598081,-0.511706
-0.004169,0.573929,0.802913,0.505267,-0.095398,-0.545057,-0.527637
-0.079632,0.463903,0.692835,0.422499,-0.139374,-0.561333,-0.551617
-0.151279,0.330383,0.526348,0.270248,-0.241367,-0.604717,-0.557434
-0.156006,0.298424,0.460571,0.184643,-0.322189,-0.661259,-0.591862
-0.204647,0.198597,0.308083,0.022972,-0.440205,-0.705723,-0.574181
-0.167385,0.200565,0.253601,-0.063026,-0.511520,-0.718533,-0.464565
0.146530,0.750069,0.944664,0.585579,-0.066212,-0.540165,-0.530216
-0.089619,0.443653,0.671207,0.417088,-0.115047,-0.506565,-0.486225
-0.104671,0.343729,0.518450,0.269621,-0.211349,-0.531647,-0.424135
0.054531,0.575691,0.752163,0.429838,-0.158163,-0.567919,-0.496307
0.007341,0.590374,0.828152,0.538240,-0.056723,-0.504642,-0.481598
-0.019238,0.541443,0.777584,0.499733,-0.081322,-0.520336,-0.498234
-0.045593,0.502529,0.732094,0.454571,-0.121269,-0.552185,-0.522049
-0.060471,0.491631,0.712440,0.416481,-0.172737,-0.609093,-0.585312
-0.141739,0.389603,0.607437,0.336868,-0.213516,-0.619186,-0.596260
-0.196495,0.275818,0.463509,0.209953,-0.289360,-0.639542,-0.594826
-0.224251,0.186913,0.322807,0.057030,-0.408485,-0.693901,-0.577194
-0.151894,0.278328,0.398926,0.105270,-0.382988,-0.680206,-0.575188
-0.185890,0.175468,0.229797,-0.079697,-0.521111,-0.726974,-0.498230
0.048813,0.572296,0.724709,0.390259,-0.183380,-0.562294,-0.461105
0.061104,0.644943,0.869839,0.562275,-0.044327,-0.495964,-0.480515
-0.039349,0.493496,0.714760,0.447563,-0.103390,-0.507694,-0.474640
-0.047279,0.457237,0.658249,0.387600,-0.150166,-0.532608,-0.460308
0.022537,0.576164,0.783829,0.472874,-0.128281,-0.566696,-0.527393
-0.053799,0.508255,0.740879,0.458569,-0.121033,-0.558609,-0.556553
-0.156975,0.326870,0.526951,0.276882,-0.229733,-0.581299,-0.496948
-0.021690,0.516613,0.721798,0.425003,-0.156258,-0.580822,-0.539505
-0.071728,0.481636,0.703697,0.413860,-0.167332,-0.599644,-0.586510
-0.176926,0.315865,0.516998,0.263084,-0.248306,-0.610466,-0.563950
-0.167183,0.283600,0.449944,0.185997,-0.308968,-0.652885,-0.635162
-0.344063,-0.028229,0.065971,-0.154175,-0.512905,-0.681763,-0.491554
-0.071564,0.284058,0.316074,-0.021389,-0.486629,-0.710239,-0.505920
-0.011398,0.435642,0.526970,0.188675,-0.327225,-0.615707,-0.426853
0.150967,0.754737,0.973973,0.647114,0.015525,-0.459908,-0.475851
-0.077515,0.412898,0.613616,0.355375,-0.159349,-0.523842,-0.476725
-0.082308,0.362230,0.523355,0.263987,-0.216686,-0.523014,-0.387993
0.129646,0.691368,0.896290,0.578701,-0.031979,-0.480824,-0.448936
0.026089,0.594429,0.827408,0.537628,-0.054272,-0.501114,-0.504345
-0.107079,0.376419,0.577126,0.328644,-0.174454,-0.526447,-0.459129
-0.026146,0.462460,0.642818,0.359520,-0.176125,-0.552559,-0.497738
-0.068340,0.421600,0.607197,0.333000,-0.195580,-0.565006,-0.500309
-0.057220,0.445305,0.633606,0.350361,-0.193043,-0.575203,-0.529961
-0.115910,0.357853,0.538174,0.273407,-0.233124,-0.586555,-0.548977
-0.200134,0.181683,0.301201,0.046532,-0.388432,-0.641636,-0.508636
-0.091621,0.311836,0.408825,0.109360,-0.363167,-0.632107,-0.496151
-0.081085,0.300900,0.367828,0.054214,-0.403038,-0.625580,-0.388962
0.209808,0.809914,1.012817,0.667816,0.025085,-0.446739,-0.424934
0.051811,0.628693,0.874039,0.592598,-0.001793,-0.459900,-0.477226
-0.091972,0.385468,0.582130,0.329643,-0.174500,-0.521660,-0.428078
0.058273,0.601692,0.806076,0.502617,-0.087219,-0.516373,-0.470833
0.009911,0.579041,0.812798,0.520866,-0.077072,-0.526955,-0.502930
-0.034714,0.529823,0.763927,0.479176,-0.105782,-0.548664,-0.549919
-0.154594,0.326012,0.519955,0.263802,-0.243958,-0.603485,-0.562180
-0.185228,0.240067,0.390932,0.134113,-0.337179,-0.638102,-0.530905
-0.089645,0.381777,0.539267,0.249924,-0.272166,-0.623432,-0.562216
-0.177255,0.229609,0.347565,0.067907,-0.395730,-0.674410,-0.585208
-0.262358,0.012663,0.017591,-0.278309,-0.650567,-0.786904,-0.588871
-0.261696,-0.078096,-0.179361,-0.511122,-0.827084,-0.832413,-0.444016
0.128407,0.545189,0.559643,0.169586,-0.338028,-0.568497,-0.312401
0.308594,0.920937,1.126190,0.781540,0.144020,-0.320702,-0.292854
0.185951,0.759003,0.998566,0.712357,0.117142,-0.334000,-0.316116
0.141098,0.694702,0.917953,0.625366,0.037491,-0.399521,-0.383240
0.046997,0.563141,0.772736,0.500793,-0.045090,-0.437561,-0.375198
0.101685,0.656235,0.873589,0.573196,-0.025314,-0.469925,-0.443604
0.022972,0.582939,0.811539,0.517410,-0.081718,-0.538651,-0.552849
-0.171326,0.299507,0.493538,0.249199,-0.238060,-0.572395,-0.505161
-0.100571,0.345264,0.498886,0.222321,-0.277336,-0.614189,-0.560177
-0.199932,0.191235,0.319031,0.066710,-0.374725,-0.633362,-0.483292
-0.005415,0.486652,0.644073,0.336094,-0.213266,-0.590584,-0.561048
-0.224078,0.118637,0.184768,-0.101296,-0.520475,-0.732623,-0.605807
-0.320879,-0.145926,-0.229385,-0.538610,-0.840046,-0.854422,-0.522835
-0.044783,0.313675,0.354361,0.049892,-0.374847,-0.565182,-0.328892
0.214863,0.730183,0.875450,0.541718,-0.025375,-0.393929,-0.283463
0.240089,0.821335,1.040695,0.728600,0.114555,-0.342529,-0.321754
0.142235,0.702553,0.931473,0.636681,0.037849,-0.411972,-0.387894
0.079376,0.642960,0.875130,0.588440,0.000568,-0.437401,-0.406460
0.058826,0.616539,0.844845,0.556286,-0.032452,-0.473232,-0.448002
0.013590,0.568621,0.794279,0.502131,-0.092113,-0.537362,-0.508737
-0.040843,0.523370,0.755204,0.464297,-0.133594,-0.587330,-0.590548
-0.186419,0.306820,0.510353,0.254921,-0.257984,-0.619686,-0.569782
-0.169666,0.282486,0.444336,0.173981,-0.323433,-0.646332,-0.518913
0.001945,0.568832,0.772057,0.443039,-0.181877,-0.637970,-0.601517
-0.113159,0.470367,0.714508,0.428970,-0.164581,-0.623779,-0.680237
-0.404068,-0.072723,0.030991,-0.201202,-0.582626,-0.778824,-0.633286
-0.262405,0.077789,0.153137,-0.113052,-0.521317,-0.731430,-0.565506
-0.138306,0.268417,0.378403,0.094757,-0.369904,-0.631058,-0.442459
0.121429,0.707504,0.912140,0.579620,-0.045868,-0.501556,-0.469620
0.008392,0.579697,0.815613,0.525803,-0.070023,-0.517807,-0.492691
-0.026321,0.537354,0.769638,0.479172,-0.115356,-0.559906,-0.531555
-0.060028,0.507782,0.743195,0.457779,-0.127823,-0.562561,-0.529373
-0.060867,0.498108,0.725723,0.432602,-0.159668,-0.600998,-0.568481
-0.096725,0.467422,0.695282,0.398514,-0.201294,-0.647141,-0.612244
-0.132278,0.445862,0.689560,0.406525,-0.185532,-0.638351,-0.639679
-0.227814,0.275055,0.483261,0.224640,-0.296310,-0.659119,-0.569321
-0.072037,0.489075,0.700256,0.384995,-0.227249,-0.674683,-0.636505
-0.149338,0.432022,0.675980,0.389297,-0.207352,-0.654938,-0.632538
-0.184448,0.330872,0.505463,0.189148,-0.380157,-0.783081,-0.810150
-0.589752,-0.383026,-0.386108,-0.622528,-0.897705,-0.928040,-0.618118
-0.135147,0.249695,0.311630,-0.001068,-0.459335,-0.700470,-0.541840
-0.103317,0.325363,0.455139,0.186218,-0.271683,-0.533966,-0.354309
0.194839,0.764343,0.953537,0.606674,-0.029114,-0.488174,-0.450790
0.039436,0.622849,0.862946,0.569466,-0.035873,-0.489189,-0.461739
0.013786,0.589447,0.833595,0.552925,-0.038734,-0.486320,-0.469788
-0.018761,0.528740,0.754745,0.474678,-0.097832,-0.516663,-0.469673
0.006645,0.566498,0.787178,0.484230,-0.119728,-0.565815,-0.530201
-0.048542,0.529312,0.770752,0.484482,-0.110771,-0.557995,-0.531322
-0.060478,0.510571,0.754059,0.474701,-0.111744,-0.561962,-0.569504
-0.174549,0.309601,0.504128,0.238789,-0.282948,-0.639721,-0.539040
-0.027088,0.546600,0.764381,0.449787,-0.165714,-0.618347,-0.583351
-0.095463,0.489548,0.739063,0.458847,-0.135288,-0.609722,-0.721329
-0.573997,-0.420109,-0.447250,-0.677204,-0.921555,-0.913536,-0.581232
-0.103439,0.258679,0.298117,-0.018321,-0.461749,-0.679378,-0.502338
-0.061215,0.357334,0.473181,0.195318,-0.263630,-0.533775,-0.408798
0.013931,0.442558,0.575218,0.301308,-0.169373,-0.447250,-0.281113
0.259521,0.826431,1.017921,0.674309,0.039787,-0.420982,-0.387245
0.099365,0.682114,0.926422,0.640045,0.041718,-0.410507,-0.389801
0.076080,0.644150,0.885651,0.609177,0.024597,-0.419891,-0.400284
0.056686,0.608124,0.830215,0.535492,-0.057388,-0.495438,-0.459686
0.016235,0.583511,0.813492,0.517807,-0.081894,-0.528641,-0.496628
-0.020477,0.553848,0.795700,0.514725,-0.075302,-0.521240,-0.498199
-0.033875,0.523865,0.750259,0.456894,-0.135605,-0.572296,-0.533234
-0.054993,0.512642,0.741028,0.441826,-0.161346,-0.606644,-0.572205
-0.089745,0.488907,0.731148,0.445679,-0.148781,-0.602043,-0.603813
-0.193367,0.311020,0.525597,0.276222,-0.241425,-0.629311,-0.662971
-0.425720,-0.159317,-0.094543,-0.316483,-0.648643,-0.778465,-0.553459
-0.098007,0.309357,0.401428,0.097099,-0.383186,-0.659805,-0.525597
-0.081009,0.373207,0.521454,0.245415,-0.244934,-0.560844,-0.475349
-0.087822,0.300079,0.389465,0.091270,-0.370239,-0.610680,-0.394730
0.187469,0.778976,0.973358,0.619919,-0.027260,-0.495674,-0.462662
0.030075,0.620850,0.874107,0.594643,0.001228,-0.451019,-0.433243
0.026810,0.591064,0.835617,0.565117,-0.011589,-0.452171,-0.433586
0.015564,0.557289,0.767807,0.461639,-0.137695,-0.574318,-0.530296
-0.042267,0.536049,0.775986,0.488228,-0.108505,-0.555237,-0.528076
-0.057732,0.511848,0.753883,0.476013,-0.108963,-0.550880,-0.527748
-0.067242,0.485748,0.705490,0.403587,-0.194450,-0.632698,-0.589310
-0.102867,0.473873,0.711292,0.419090,-0.179100,-0.625317,-0.593731
-0.117029,0.457873,0.701286,0.419909,-0.168533,-0.611927,-0.585359
-0.117539,0.450519,0.693985,0.420475,-0.160172,-0.616350,-0.674717
-0.387720,-0.026140,0.108513,-0.118435,-0.525906,-0.758678,-0.611282
-0.174126,0.262974,0.394283,0.108318,-0.383060,-0.691181,-0.587204
-0.156940,0.299690,0.459141,0.193233,-0.292927,-0.613476,-0.534515
-0.132954,0.295231,0.429424,0.147289,-0.342255,-0.639774,-0.489170
0.039040,0.599529,0.797390,0.475742,-0.128195,-0.568394,-0.552340
-0.137911,0.356739,0.561661,0.312479,-0.192287,-0.550814,-0.510475
-0.134489,0.291793,0.448514,0.198462,-0.268085,-0.561387,-0.419309
0.101419,0.658392,0.846898,0.506210,-0.122459,-0.574470,-0.532032
-0.035799,0.554540,0.805421,0.524591,-0.070160,-0.521773,-0.500434
-0.034877,0.531901,0.776041,0.503186,-0.078778,-0.519672,-0.499431
-0.042776,0.506395,0.723328,0.422544,-0.175363,-0.611532,-0.568039
-0.080523,0.497280,0.737701,0.449448,-0.145811,-0.591082,-0.562469
-0.089699,0.482285,0.725729,0.450239,-0.132372,-0.577808,-0.572800
-0.152710,0.364151,0.582291,0.322765,-0.217640,-0.626129,-0.638210
-0.313175,0.074371,0.213253,-0.027100,-0.459587,-0.719112,-0.592365
-0.168839,0.263542,0.400921,0.125847,-0.351807,-0.653175,-0.561066
-0.178696,0.193375,0.270023,-0.025162,-0.470966,-0.693882,-0.462507
0.128153,0.720238,0.910320,0.552631,-0.094845,-0.559633,-0.519119
-0.021863,0.570464,0.822334,0.539555,-0.055178,-0.504823,-0.482512
-0.015996,0.549778,0.790967,0.515185,-0.067727,-0.514446,-0.522438
-0.128911,0.348934,0.533298,0.259845,-0.265058,-0.619111,-0.511829
0.003729,0.580009,0.799376,0.488299,-0.121769,-0.571951,-0.538443
-0.058871,0.517894,0.765094,0.488437,-0.096314,-0.540946,-0.529287
-0.088943,0.447978,0.675241,0.408140,-0.149553,-0.562482,-0.519405
-0.051842,0.497400,0.710495,0.405912,-0.191849,-0.628849,-0.584225
-0.098515,0.479458,0.720045,0.435869,-0.154375,-0.600533,-0.590374
-0.158348,0.366440,0.587547,0.325108,-0.217216,-0.617836,-0.595757
-0.199764,0.261978,0.431374,0.156780,-0.353615,-0.688396,-0.577633
-0.083027,0.459808,0.661678,0.360630,-0.217022,-0.636044,-0.616573
-0.215351,0.259384,0.452404,0.206093,-0.282139,-0.621342,-0.566723
-0.187328,0.235508,0.387848,0.138344,-0.322765,-0.620441,-0.531509
-0.136673,0.278015,0.403721,0.122944,-0.357437,-0.653690,-0.544794
-0.119429,0.324533,0.473375,0.204771,-0.274302,-0.582943,-0.500006
-0.132594,0.221717,0.284673,-0.013340,-0.450232,-0.664315,-0.462281
0.044619,0.535166,0.676424,0.356327,-0.190392,-0.538727,-0.412125
0.123543,0.711918,0.937389,0.627460,0.015572,-0.439354,-0.415459
0.052620,0.620911,0.862625,0.587357,0.003960,-0.443245,-0.449776
-0.048950,0.446854,0.656807,0.408691,-0.105774,-0.474899,-0.403076
0.070488,0.611008,0.808609,0.491585,-0.111679,-0.547302,-0.502312
-0.016243,0.560112,0.801048,0.519150,-0.069824,-0.513763,-0.495560
-0.045799,0.500435,0.732040,0.460442,-0.107567,-0.532684,-0.504623
-0.058769,0.471893,0.677322,0.379795,-0.200230,-0.622581,-0.595669
-0.171452,0.329971,0.532822,0.273777,-0.244663,-0.612823,-0.573231
-0.187233,0.252884,0.417458,0.166405,-0.306992,-0.620743,-0.546772
-0.168705,0.221561,0.326004,0.043697,-0.415722,-0.677525,-0.520817
-0.036362,0.456371,0.613480,0.304218,-0.242500,-0.611340,-0.551910
-0.145287,0.293781,0.437778,0.164375,-0.315536,-0.616215,-0.517567
-0.129707,0.239010,0.305492,0.001209,-0.444832,-0.659195,-0.421303
0.170929,0.758698,0.946457,0.592316,-0.047737,-0.504211,-0.461319
0.034378,0.623199,0.872559,0.592171,0.000778,-0.448502,-0.438530
0.001106,0.540245,0.769691,0.502777,-0.055710,-0.471405,-0.433029
0.028893,0.579353,0.805374,0.518463,-0.068642,-0.508766,-0.483864
-0.022591,0.531151,0.755539,0.465073,-0.121651,-0.555527,-0.521492
-0.054096,0.503765,0.733215,0.448738,-0.133011,-0.569778,-0.557159
-0.136372,0.374348,0.584446,0.322811,-0.210896,-0.592236,-0.521763
-0.038769,0.515991,0.726742,0.418856,-0.181204,-0.620482,-0.592766
-0.142361,0.396726,0.618330,0.345629,-0.210766,-0.621423,-0.601480
-0.200768,0.273464,0.463052,0.209430,-0.290930,-0.641169,-0.600418
-0.251354,0.115068,0.205666,-0.074711,-0.516581,-0.756094,-0.599751
-0.166424,0.234650,0.314644,-0.001650,-0.480093,-0.740227,-0.590647
-0.172813,0.191427,0.230047,-0.095979,-0.541083,-0.736924,-0.495318
0.047868,0.545070,0.664603,0.318099,-0.240131,-0.582291,-0.442721
0.100914,0.688396,0.907129,0.591501,-0.018208,-0.469028,-0.465464
-0.056589,0.436451,0.637814,0.383141,-0.128056,-0.487103,-0.429710
-0.010475,0.463528,0.640163,0.367825,-0.149151,-0.499279,-0.399841
0.100117,0.656036,0.858150,0.537781,-0.071735,-0.513565,-0.471794
0.012054,0.586205,0.824947,0.538925,-0.052185,-0.495312,-0.471424
-0.007256,0.553261,0.791195,0.515114,-0.066139,-0.505356,-0.483454
-0.027107,0.526638,0.756887,0.475153,-0.108767,-0.547689,-0.522561
-0.061059,0.493895,0.718510,0.428270,-0.158213,-0.596737,-0.583901
-0.160938,0.348031,0.558353,0.297922,-0.230685,-0.612827,-0.576349
-0.179766,0.270842,0.430183,0.156363,-0.344471,-0.684429,-0.651062
-0.359116,-0.090286,-0.079754,-0.363255,-0.723213,-0.833683,-0.559227
-0.061605,0.334801,0.369137,0.008574,-0.483465,-0.727774,-0.539076
-0.069794,0.343456,0.407177,0.068887,-0.418668,-0.670262,-0.489770
-0.001281,0.472982,0.611787,0.309778,-0.205338,-0.534081,-0.444700
-0.025013,0.423071,0.574028,0.301647,-0.184113,-0.496464,-0.415260
-0.037861,0.339024,0.426285,0.139641,-0.306522,-0.536644,-0.320251
0.255539,0.839714,1.035606,0.692444,0.056419,-0.410728,-0.386238
0.089256,0.660011,0.894394,0.604034,0.011559,-0.429031,-0.397758
0.070793,0.633682,0.868095,0.585587,0.000885,-0.438828,-0.415482
0.042290,0.595482,0.825172,0.541901,-0.042572,-0.482063,-0.457497
0.002449,0.557816,0.788685,0.504631,-0.083546,-0.526691,-0.502815
-0.041584,0.515049,0.743282,0.455643,-0.129240,-0.565208,-0.545938
-0.112700,0.408398,0.620963,0.348096,-0.201630,-0.602751,-0.573359
-0.164266,0.316311,0.503388,0.236534,-0.280850,-0.638192,-0.561512
-0.104586,0.406776,0.592117,0.297161,-0.258820,-0.653431,-0.634186
-0.289825,0.077805,0.169601,-0.104698,-0.530777,-0.752686,-0.588669
-0.163361,0.221951,0.294144,-0.015228,-0.478024,-0.734371,-0.625961
-0.290909,0.012806,0.070583,-0.178818,-0.539196,-0.685265,-0.458799
-0.001913,0.376581,0.413673,0.067551,-0.408233,-0.636446,-0.412284
0.143878,0.682244,0.843520,0.508078,-0.075353,-0.466922,-0.376329
0.138298,0.721448,0.948577,0.642237,0.030005,-0.428204,-0.406576
0.061203,0.626265,0.858923,0.571747,-0.015625,-0.455053,-0.435324
0.007145,0.539322,0.757963,0.484259,-0.073153,-0.480930,-0.430811
0.041768,0.596939,0.819802,0.526834,-0.066274,-0.509423,-0.482629
-0.018506,0.540990,0.770101,0.478448,-0.117256,-0.567852,-0.559170
-0.126655,0.400564,0.620173,0.357212,-0.183674,-0.571156,-0.508722
-0.035648,0.511234,0.722965,0.424843,-0.163589,-0.597210,-0.573654
-0.133236,0.392048,0.603878,0.327362,-0.227936,-0.625778,-0.559937
-0.070778,0.496925,0.721481,0.423370,-0.171883,-0.622032,-0.639259
-0.276360,0.167259,0.345085,0.105217,-0.361977,-0.682259,-0.646980
-0.350204,-0.044373,0.027229,-0.215302,-0.586441,-0.751953,-0.527176
-0.020187,0.461662,0.594322,0.266693,-0.287476,-0.650017,-0.563843
-0.105316,0.400795,0.589722,0.313950,-0.211311,-0.566704,-0.463684
0.048622,0.621666,0.840759,0.531349,-0.079025,-0.531471,-0.503136
-0.028702,0.542000,0.779274,0.489853,-0.109505,-0.560783,-0.534233
-0.060577,0.511307,0.753670,0.474174,-0.108505,-0.545227,-0.514008
-0.048424,0.511551,0.741135,0.452888,-0.134560,-0.573059,-0.542625
-0.074890,0.486244,0.716980,0.425972,-0.168106,-0.611229,-0.580482
-0.106567,0.461662,0.697487,0.409576,-0.181442,-0.619576,-0.584854
-0.110916,0.456375,0.688324,0.397552,-0.194336,-0.634308,-0.600433
-0.124390,0.444962,0.680939,0.392197,-0.201599,-0.646378,-0.615311
-0.142059,0.427475,0.662643,0.370178,-0.229248,-0.681564,-0.676514
-0.257355,0.253723,0.469086,0.217560,-0.299271,-0.672684,-0.655853
-0.328522,0.027100,0.120697,-0.143036,-0.564484,-0.792557,-0.652206
-0.258163,0.119629,0.219543,-0.046722,-0.478531,-0.715881,-0.561310
-0.118027,0.321228,0.453682,0.172752,-0.306808,-0.590538,-0.424324
0.121300,0.698051,0.900291,0.571251,-0.050766,-0.504990,-0.472565
0.005920,0.579651,0.818947,0.532501,-0.062935,-0.510345,-0.485825
-0.019066,0.545975,0.780571,0.491425,-0.102772,-0.547970,-0.519295
-0.045490,0.524578,0.763191,0.480957,-0.104439,-0.540920,-0.507511
-0.037807,0.523315,0.752090,0.460102,-0.132996,-0.575153,-0.543457
-0.069588,0.497623,0.729500,0.434738,-0.164043,-0.609867,-0.576920
-0.096920,0.480270,0.722042,0.440014,-0.146149,-0.583378,-0.549732
-0.078812,0.484501,0.717400,0.430489,-0.159534,-0.598637,-0.566841
-0.095798,0.468616,0.698700,0.405094,-0.192532,-0.637207,-0.603119
-0.123940,0.452446,0.695377,0.409615,-0.184147,-0.640621,-0.666073
-0.327911,0.061901,0.177635,-0.091503,-0.532974,-0.780880,-0.658237
-0.298340,0.012424,0.039093,-0.259680,-0.657248,-0.807922,-0.543036
0.008576,0.521947,0.666293,0.334610,-0.230422,-0.603737,-0.527262
-0.081288,0.412383,0.595819,0.326319,-0.180027,-0.511803,-0.392227
0.124756,0.691685,0.899815,0.580517,-0.034779,-0.485271,-0.452087
0.026180,0.597729,0.831932,0.538490,-0.062904,-0.512314,-0.482933
-0.006485,0.568153,0.813248,0.531555,-0.059158,-0.505806,-0.482475
-0.015923,0.546959,0.780396,0.492050,-0.100372,-0.542839,-0.511459
-0.037910,0.530937,0.764427,0.470284,-0.130821,-0.578949,-0.548294
-0.067642,0.510201,0.754562,0.470207,-0.125099,-0.574326,-0.547676
-0.074905,0.497078,0.738571,0.457237,-0.128242,-0.564796,-0.532440
-0.062790,0.499252,0.728943,0.436890,-0.157242,-0.599449,-0.565842
-0.090073,0.479996,0.713730,0.421791,-0.177124,-0.623077,-0.590256
-0.110382,0.467670,0.713223,0.432987,-0.157257,-0.620014,-0.688805
-0.446316,-0.171795,-0.125340,-0.378117,-0.730091,-0.851204,-0.573620
-0.025043,0.477509,0.612118,0.274700,-0.290142,-0.657402,-0.564178
-0.088905,0.435745,0.638168,0.361099,-0.178146,-0.561066,-0.515602
-0.104263,0.365829,0.542519,0.279030,-0.220375,-0.550140,-0.445175
0.035851,0.560326,0.746925,0.437569,-0.140518,-0.546310,-0.472725
0.030914,0.612968,0.846832,0.547188,-0.059372,-0.512932,-0.490585
-0.025009,0.537880,0.773285,0.492752,-0.085106,-0.512161,-0.472351
0.000763,0.562332,0.786652,0.491234,-0.106255,-0.548859,-0.515656
-0.040291,0.529366,0.763664,0.472267,-0.125130,-0.571548,-0.541145
-0.065620,0.508102,0.751320,0.469742,-0.120865,-0.566406,-0.541000
-0.073357,0.490608,0.724152,0.436905,-0.152473,-0.589966,-0.555595
-0.081032,0.483940,0.711647,0.413734,-0.187187,-0.631226,-0.595531
-0.111828,0.467087,0.710564,0.426319,-0.166916,-0.613110,-0.585407
-0.113533,0.452679,0.684555,0.388815,-0.208969,-0.674309,-0.758345
-0.555365,-0.323881,-0.287823,-0.505955,-0.797216,-0.864016,-0.579489
-0.087511,0.330650,0.417793,0.101738,-0.387234,-0.669529,-0.537037
-0.095127,0.356434,0.504990,0.233170,-0.250072,-0.568710,-0.527905
-0.226654,0.084579,0.169327,-0.061180,-0.425316,-0.594650,-0.400055
0.045761,0.460159,0.558197,0.249008,-0.244904,-0.539925,-0.417130
0.025894,0.485382,0.638832,0.364029,-0.130966,-0.454437,-0.372543
0.035812,0.474609,0.620270,0.347504,-0.135712,-0.434799,-0.286758
0.242798,0.806534,0.998779,0.658859,0.027023,-0.431091,-0.395691
0.092575,0.676941,0.922867,0.638092,0.041367,-0.410278,-0.390930
0.072632,0.637436,0.878601,0.604752,0.021790,-0.421097,-0.402847
0.049881,0.596115,0.812073,0.510315,-0.087585,-0.525726,-0.486145
-0.003510,0.569458,0.803131,0.510132,-0.088882,-0.535904,-0.507095
-0.033157,0.538010,0.777725,0.494614,-0.095551,-0.539688,-0.514847
-0.050697,0.506874,0.729202,0.428879,-0.171501,-0.617935,-0.609024
-0.191902,0.310303,0.512962,0.247864,-0.278511,-0.644775,-0.569115
-0.107342,0.416637,0.617409,0.332855,-0.222588,-0.620583,-0.583206
-0.167179,0.319294,0.513191,0.257975,-0.248857,-0.608445,-0.576962
-0.224389,0.170896,0.297896,0.034044,-0.423693,-0.696522,-0.563433
-0.113116,0.351661,0.501594,0.212581,-0.300386,-0.634797,-0.548087
-0.118338,0.349498,0.517110,0.249519,-0.248088,-0.582910,-0.514195
-0.117906,0.311893,0.453539,0.177807,-0.308323,-0.604422,-0.448505
0.092773,0.669134,0.871965,0.538635,-0.088610,-0.546049,-0.510948
-0.024920,0.558239,0.805908,0.524826,-0.066267,-0.515236,-0.494202
-0.031883,0.531689,0.772652,0.499577,-0.080650,-0.520802,-0.499821
-0.045364,0.500652,0.714458,0.409603,-0.192333,-0.633472,-0.591972
-0.103493,0.479172,0.723434,0.438019,-0.157364,-0.605682,-0.580086
-0.108345,0.464569,0.710892,0.437279,-0.145424,-0.587036,-0.564575
-0.106682,0.444702,0.662865,0.361351,-0.237274,-0.675117,-0.630341
-0.141556,0.438507,0.678238,0.389313,-0.208557,-0.659348,-0.656693
-0.239899,0.269806,0.485764,0.232864,-0.288269,-0.665924,-0.636719
-0.259033,0.174805,0.335114,0.082794,-0.386978,-0.689316,-0.571777
-0.102707,0.397263,0.562531,0.249634,-0.314346,-0.702225,-0.641159
-0.196747,0.308075,0.505524,0.239166,-0.282608,-0.648209,-0.599228
-0.203934,0.246384,0.417145,0.167343,-0.308701,-0.614349,-0.481567
0.035812,0.594376,0.787384,0.451172,-0.171097,-0.618729,-0.571930
-0.075272,0.513535,0.760941,0.476685,-0.118530,-0.566681,-0.541916
-0.073929,0.494293,0.737915,0.463577,-0.116928,-0.556366,-0.532730
-0.072708,0.485672,0.722473,0.446259,-0.135117,-0.575424,-0.553619
-0.096375,0.456314,0.677719,0.380402,-0.213104,-0.649780,-0.606781
-0.122681,0.455658,0.697586,0.415710,-0.174194,-0.617081,-0.589035
-0.119766,0.447800,0.688812,0.411896,-0.170181,-0.613113,-0.601715
-0.169434,0.351700,0.558441,0.272018,-0.290161,-0.693848,-0.650375
-0.213654,0.295288,0.496811,0.228638,-0.299820,-0.674957,-0.633499
-0.240753,0.205093,0.369476,0.114349,-0.360153,-0.673035,-0.598206
-0.238800,0.102707,0.145187,-0.175049,-0.624176,-0.837662,-0.649658
-0.193741,0.234604,0.357246,0.083206,-0.372910,-0.639259,-0.510506
-0.087929,0.339600,0.476051,0.209824,-0.255173,-0.544014,-0.447323
-0.076054,0.275234,0.333233,0.033228,-0.402712,-0.606095,-0.359287
0.239814,0.831454,1.016199,0.654181,0.002401,-0.464716,-0.427498
0.068430,0.660406,0.912888,0.635586,0.044315,-0.404846,-0.386955
0.071262,0.629772,0.868637,0.594452,0.015060,-0.427208,-0.422997
-0.004684,0.500618,0.694595,0.404274,-0.153969,-0.545952,-0.466499
0.035141,0.611305,0.839340,0.538795,-0.063766,-0.512390,-0.482224
-0.008896,0.563622,0.808563,0.533562,-0.050529,-0.498421,-0.502693
-0.098648,0.394501,0.597923,0.342369,-0.177498,-0.551979,-0.519623
-0.135933,0.302872,0.455399,0.182640,-0.313248,-0.636589,-0.547707
-0.125565,0.330833,0.491989,0.223869,-0.266449,-0.591110,-0.521126
-0.151886,0.216927,0.298164,0.009468,-0.432838,-0.665962,-0.499397
-0.065727,0.311264,0.348824,-0.004631,-0.491577,-0.730843,-0.533241
-0.027786,0.462311,0.618759,0.329346,-0.181107,-0.512070,-0.431717
-0.024887,0.412399,0.560486,0.295029,-0.180954,-0.486542,-0.402542
-0.029205,0.333878,0.404541,0.108292,-0.334686,-0.554825,-0.324631
0.259964,0.845047,1.031097,0.673294,0.027649,-0.441208,-0.425247
0.023239,0.564316,0.793732,0.533615,-0.009354,-0.415527,-0.401917
-0.021179,0.433228,0.611938,0.362167,-0.124634,-0.457565,-0.377228
0.056931,0.533997,0.692154,0.387848,-0.159851,-0.524780,-0.420486
0.096008,0.675156,0.899307,0.593933,-0.011490,-0.464890,-0.449234
-0.001038,0.542679,0.772751,0.504517,-0.057251,-0.481064,-0.480026
-0.104919,0.336121,0.490860,0.221268,-0.271500,-0.596634,-0.514404
-0.100830,0.345123,0.492035,0.211746,-0.285751,-0.607758,-0.526337
-0.140900,0.242996,0.326477,0.027313,-0.431244,-0.678497,-0.524979
-0.110062,0.246368,0.278244,-0.055466,-0.506233,-0.713547,-0.508705
-0.027328,0.423279,0.543533,0.239761,-0.259506,-0.563766,-0.454987
-0.030731,0.410156,0.556915,0.289169,-0.187119,-0.492020,-0.402481
-0.010956,0.389694,0.501465,0.222488,-0.239517,-0.508789,-0.358536
0.127319,0.630203,0.798309,0.494064,-0.060394,-0.445740,-0.389008
0.051041,0.551529,0.734863,0.445694,-0.102600,-0.490616,-0.454102
-0.060440,0.389206,0.551483,0.288376,-0.198944,-0.521622,-0.442841
-0.052208,0.348534,0.451622,0.160141,-0.310341,-0.574326,-0.387581
0.168617,0.742172,0.935379,0.593468,-0.034462,-0.487717,-0.454330
0.019249,0.584198,0.820663,0.541168,-0.037605,-0.476334,-0.479332
-0.093567,0.372681,0.557266,0.303555,-0.192997,-0.535572,-0.470642
-0.068344,0.364471,0.495430,0.203239,-0.299202,-0.619278,-0.520321
-0.084297,0.380960,0.536247,0.250582,-0.263957,-0.606767,-0.543033
-0.163393,0.230383,0.335372,0.055563,-0.396504,-0.648095,-0.486157
-0.011170,0.462409,0.601516,0.291996,-0.238374,-0.590036,-0.530196
-0.145626,0.270611,0.411522,0.155575,-0.296301,-0.572130,-0.453753
-0.027792,0.411860,0.549583,0.265066,-0.229782,-0.546249,-0.448610
-0.014881,0.451021,0.612799,0.334526,-0.175629,-0.510201,-0.395351
0.115971,0.680225,0.891563,0.577400,-0.033783,-0.487038,-0.463425
0.005356,0.567513,0.797298,0.503384,-0.093590,-0.538612,-0.509758
-0.039688,0.528633,0.769417,0.493240,-0.090057,-0.531296,-0.508469
-0.048271,0.508324,0.741394,0.459526,-0.126472,-0.568436,-0.545334
-0.083893,0.472961,0.700455,0.413055,-0.172562,-0.610229,-0.589706
-0.151306,0.373932,0.586700,0.313049,-0.237442,-0.638321,-0.603821
-0.196487,0.257935,0.399567,0.099426,-0.417725,-0.751373,-0.677567
-0.313324,0.028122,0.067612,-0.243851,-0.670593,-0.854095,-0.615860
-0.103333,0.347885,0.428711,0.074158,-0.453903,-0.751511,-0.601944
-0.134308,0.309540,0.409454,0.084549,-0.417084,-0.701172,-0.544098
-0.045593,0.465942,0.641678,0.348923,-0.192200,-0.566223,-0.520752
-0.125992,0.316925,0.475494,0.214569,-0.263748,-0.574554,-0.492798
-0.114822,0.266541,0.363129,0.080856,-0.366821,-0.603317,-0.394211
0.177307,0.759201,0.956772,0.617218,-0.017166,-0.480713,-0.455597
0.020554,0.591949,0.826981,0.539230,-0.051620,-0.491577,-0.460632
0.008560,0.572113,0.807190,0.526321,-0.057724,-0.495804,-0.471802
-0.013382,0.540482,0.771805,0.489182,-0.094635,-0.534439,-0.509216
-0.048584,0.508423,0.738983,0.454620,-0.133835,-0.575317,-0.549774
-0.084930,0.475281,0.707077,0.421005,-0.163284,-0.597687,-0.563187
-0.097275,0.454239,0.674469,0.382828,-0.200150,-0.631287,-0.616028
-0.217987,0.222351,0.346130,0.037094,-0.473236,-0.780594,-0.637756
-0.130890,0.403580,0.591324,0.288010,-0.275284,-0.673233,-0.650452
-0.300629,0.067520,0.154968,-0.122681,-0.549133,-0.767502,-0.598999
-0.183899,0.176651,0.219437,-0.103439,-0.552261,-0.778137,-0.647354
-0.331146,-0.093933,-0.113770,-0.393158,-0.715851,-0.776688,-0.459908
0.052299,0.432869,0.433914,0.049149,-0.445396,-0.661919,-0.402733
0.188133,0.734512,0.874424,0.509998,-0.086533,-0.469593,-0.354943
0.186447,0.790248,1.029041,0.724482,0.108141,-0.358057,-0.345334
0.116544,0.679657,0.912327,0.625156,0.036804,-0.404579,-0.396561
0.011837,0.493652,0.672165,0.393867,-0.128044,-0.478176,-0.373867
0.132866,0.699406,0.914963,0.607906,0.000824,-0.451298,-0.427544
0.039417,0.602699,0.836517,0.547569,-0.048386,-0.501205,-0.502541
-0.108284,0.342934,0.482365,0.182945,-0.325676,-0.636246,-0.504433
-0.034874,0.424534,0.527153,0.180504,-0.360268,-0.685112,-0.570358
-0.144066,0.258820,0.333771,0.011505,-0.464073,-0.698914,-0.462746
0.146332,0.758614,0.966751,0.620110,-0.025215,-0.505470,-0.535950
-0.198875,0.181038,0.284027,0.009079,-0.426453,-0.663605,-0.536179
-0.191093,0.090324,0.090843,-0.213348,-0.593834,-0.725632,-0.473305
0.014091,0.440392,0.538521,0.230392,-0.257568,-0.538895,-0.395691
0.055847,0.482727,0.570679,0.243683,-0.254181,-0.521896,-0.318314
0.264297,0.864990,1.074326,0.737640,0.102173,-0.367371,-0.347198
0.123993,0.694397,0.930374,0.639633,0.040924,-0.411713,-0.389450
0.077011,0.640762,0.873093,0.586578,-0.001129,-0.438950,-0.409790
0.046875,0.583359,0.787720,0.486176,-0.093948,-0.510544,-0.454514
0.031754,0.600479,0.827972,0.531784,-0.069397,-0.518585,-0.492897
-0.024979,0.540222,0.774017,0.483093,-0.113838,-0.561745,-0.541618
-0.104591,0.390961,0.545982,0.225883,-0.328644,-0.687614,-0.591064
-0.132019,0.338478,0.464779,0.139664,-0.393440,-0.713612,-0.553207
0.009132,0.610283,0.830849,0.502403,-0.131714,-0.600842,-0.575359
-0.091040,0.493364,0.739349,0.455632,-0.137086,-0.595465,-0.650154
-0.379050,-0.074232,-0.010467,-0.267595,-0.643428,-0.807724,-0.611023
-0.186534,0.195045,0.283072,0.000134,-0.442330,-0.680491,-0.507195
-0.023881,0.457953,0.608170,0.302820,-0.231232,-0.574824,-0.450349
0.081261,0.665621,0.887122,0.574240,-0.037630,-0.487657,-0.457913
0.014986,0.582198,0.816017,0.526093,-0.066927,-0.511942,-0.485044
-0.017889,0.543636,0.772804,0.479254,-0.118330,-0.563953,-0.537649
-0.090607,0.420731,0.593346,0.280899,-0.280689,-0.651562,-0.545315
-0.021011,0.564915,0.791885,0.484440,-0.126911,-0.581295,-0.553902
-0.081360,0.487465,0.720940,0.427765,-0.172371,-0.619545,-0.587929
-0.109245,0.465675,0.708122,0.424805,-0.168488,-0.616684,-0.603661
-0.173676,0.327599,0.502960,0.201065,-0.350067,-0.717392,-0.609581
-0.081764,0.507652,0.736137,0.424339,-0.194244,-0.653824,-0.624741
-0.141724,0.441406,0.688080,0.404068,-0.191849,-0.640701,-0.616608
-0.160019,0.375427,0.574875,0.273392,-0.299805,-0.716339,-0.735413
-0.451477,-0.139771,-0.059418,-0.293274,-0.650909,-0.800125,-0.565018
-0.058548,0.414001,0.539413,0.213394,-0.330383,-0.679687,-0.586243
-0.133224,0.358658,0.538376,0.267151,-0.240906,-0.573380,-0.451553
0.066689,0.634872,0.844254,0.525230,-0.087837,-0.538063,-0.505577
-0.028008,0.542870,0.777390,0.483292,-0.116798,-0.565872,-0.535179
-0.059372,0.515617,0.758125,0.474869,-0.117401,-0.563614,-0.537895
-0.068970,0.498222,0.734962,0.451851,-0.132446,-0.568817,-0.535294
-0.066452,0.493820,0.719803,0.424088,-0.174667,-0.617531,-0.581642
-0.102646,0.472588,0.711441,0.423584,-0.172249,-0.619064,-0.589043
-0.113899,0.457512,0.696487,0.413635,-0.171371,-0.607460,-0.573662
-0.108437,0.441422,0.657097,0.358002,-0.230408,-0.657166,-0.606285
-0.117302,0.459023,0.694084,0.397598,-0.203857,-0.652336,-0.621025
-0.139717,0.439758,0.686729,0.407898,-0.181923,-0.646210,-0.721397
-0.495987,-0.244232,-0.212517,-0.460358,-0.788872,-0.881844,-0.592972
-0.060562,0.410362,0.523407,0.190025,-0.347374,-0.677658,-0.555611
-0.065453,0.459305,0.652046,0.363445,-0.183323,-0.565887,-0.510307
-0.079178,0.411503,0.599789,0.333141,-0.180147,-0.523680,-0.416733
0.090668,0.652993,0.858521,0.537628,-0.079244,-0.530314,-0.494763
-0.009267,0.570430,0.813692,0.528244,-0.068155,-0.517497,-0.492929
-0.022223,0.547705,0.791054,0.511555,-0.076015,-0.519537,-0.496040
-0.032253,0.527891,0.756666,0.463707,-0.132309,-0.574427,-0.540741
-0.060991,0.512043,0.747738,0.453819,-0.147053,-0.595928,-0.564056
-0.082191,0.497822,0.746296,0.465038,-0.127193,-0.574352,-0.553471
-0.102036,0.428303,0.623657,0.320061,-0.250343,-0.645580,-0.563473
-0.053322,0.527374,0.755028,0.446312,-0.167267,-0.620926,-0.586945
-0.102016,0.482018,0.729588,0.446468,-0.146637,-0.594650,-0.567783
-0.095760,0.476456,0.723064,0.446804,-0.137550,-0.599358,-0.679905
-0.452972,-0.183125,-0.120789,-0.350998,-0.691357,-0.821468,-0.589920
-0.123089,0.295551,0.395870,0.093845,-0.388050,-0.671154,-0.544342
-0.110985,0.332092,0.478119,0.209641,-0.266373,-0.554405,-0.395386
0.146027,0.721535,0.923523,0.592270,-0.031952,-0.485420,-0.448349
0.036697,0.613007,0.848022,0.552444,-0.051064,-0.499634,-0.469429
0.008820,0.584244,0.827194,0.545334,-0.046524,-0.492355,-0.467255
-0.000885,0.561798,0.793091,0.503601,-0.085098,-0.520920,-0.485901
-0.012650,0.549042,0.773514,0.473343,-0.128845,-0.573166,-0.536789
-0.053391,0.524231,0.767410,0.480896,-0.113617,-0.560112,-0.532715
-0.061150,0.509636,0.752861,0.476181,-0.109573,-0.552269,-0.527946
-0.065285,0.490814,0.715591,0.418671,-0.176376,-0.615578,-0.575089
-0.092499,0.482384,0.718925,0.427818,-0.170273,-0.615417,-0.583740
-0.105003,0.470940,0.714409,0.433083,-0.156288,-0.600601,-0.573975
-0.107071,0.454216,0.681206,0.381611,-0.218044,-0.674492,-0.710659
-0.386032,0.013813,0.173676,-0.046856,-0.465557,-0.719234,-0.594509
-0.178841,0.245750,0.377369,0.103432,-0.371147,-0.665554,-0.562637
-0.157845,0.254017,0.371067,0.093433,-0.368198,-0.629272,-0.443527
0.113632,0.690094,0.880341,0.530624,-0.107971,-0.565918,-0.523499
-0.025330,0.566925,0.817741,0.533928,-0.062813,-0.513466,-0.491180
-0.023705,0.544968,0.786102,0.509293,-0.074638,-0.515533,-0.493332
-0.036697,0.512459,0.732300,0.435379,-0.156754,-0.589157,-0.543884
-0.059494,0.515205,0.748646,0.454453,-0.145721,-0.590977,-0.558445
-0.079834,0.495003,0.737366,0.455921,-0.134548,-0.577999,-0.551498
-0.082767,0.485207,0.729565,0.456928,-0.123833,-0.564503,-0.543058
-0.086180,0.464195,0.681349,0.377863,-0.223692,-0.664444,-0.621580
-0.131747,0.453241,0.700788,0.416672,-0.178390,-0.626388,-0.599498
-0.126474,0.447719,0.695311,0.421982,-0.160438,-0.602749,-0.579016
-0.118889,0.435687,0.655056,0.352791,-0.246572,-0.691988,-0.680107
-0.259050,0.247066,0.456532,0.200148,-0.317596,-0.682125,-0.623302
-0.199688,0.282589,0.466473,0.202320,-0.305546,-0.658340,-0.607418
-0.240467,0.139774,0.233318,-0.050983,-0.499668,-0.733246,-0.516338
0.065857,0.654444,0.846930,0.491632,-0.156391,-0.626600,-0.608046
-0.151093,0.400345,0.637114,0.378462,-0.167925,-0.575508,-0.562288
-0.180943,0.269215,0.445690,0.200563,-0.275753,-0.584592,-0.455952
0.059277,0.616668,0.809500,0.475058,-0.147417,-0.595241,-0.548650
-0.051230,0.537359,0.784553,0.500075,-0.096334,-0.544704,-0.520147
-0.051400,0.518543,0.761914,0.486346,-0.095373,-0.535046,-0.510663
-0.051855,0.499451,0.716545,0.412994,-0.185700,-0.623624,-0.577963
-0.088296,0.491640,0.731245,0.441207,-0.155820,-0.601862,-0.571085
-0.094213,0.479881,0.723464,0.444206,-0.142139,-0.584437,-0.557763
-0.090819,0.475389,0.717997,0.443631,-0.136889,-0.580252,-0.574165
-0.150078,0.363909,0.565529,0.280848,-0.276667,-0.673775,-0.621843
-0.172829,0.346329,0.551123,0.277401,-0.263395,-0.651751,-0.614586
-0.211458,0.254427,0.438677,0.187582,-0.300505,-0.635653,-0.580923
-0.224850,0.132891,0.200233,-0.106115,-0.557112,-0.774414,-0.538441
0.050926,0.637834,0.832565,0.493167,-0.131292,-0.584013,-0.572552
-0.155834,0.344015,0.555068,0.311962,-0.188737,-0.547140,-0.510586
-0.151047,0.244295,0.366458,0.101709,-0.349115,-0.607292,-0.423569
0.127684,0.699274,0.888582,0.541851,-0.091835,-0.545895,-0.503536
-0.009338,0.579952,0.829796,0.548908,-0.042973,-0.490772,-0.469563
-0.007072,0.555691,0.794872,0.518074,-0.062912,-0.505772,-0.504082
-0.104870,0.358097,0.504280,0.195927,-0.339134,-0.675896,-0.536823
0.011215,0.606983,0.833935,0.518650,-0.100471,-0.558655,-0.531120
-0.052589,0.527050,0.776123,0.501316,-0.083553,-0.527328,-0.513847
-0.087326,0.403675,0.566891,0.259777,-0.287735,-0.648563,-0.537251
-0.014759,0.563507,0.778988,0.461132,-0.154675,-0.607605,-0.588535
-0.140839,0.397518,0.624256,0.360550,-0.184984,-0.588791,-0.578663
-0.228695,0.148382,0.240746,-0.046679,-0.495531,-0.735134,-0.556421
-0.062849,0.427200,0.575798,0.262989,-0.279427,-0.626415,-0.499435
0.035637,0.624413,0.847366,0.533974,-0.080345,-0.539631,-0.535656
-0.109760,0.410896,0.632790,0.378929,-0.150017,-0.540318,-0.521702
-0.159424,0.245464,0.371231,0.101261,-0.358643,-0.625816,-0.449047
0.097267,0.666901,0.857204,0.511463,-0.124168,-0.582100,-0.541618
-0.046352,0.545963,0.801735,0.526726,-0.062256,-0.512062,-0.494789
-0.036198,0.525635,0.765854,0.493996,-0.085026,-0.523003,-0.501823
-0.046192,0.501965,0.718868,0.420012,-0.174032,-0.608328,-0.564932
-0.081419,0.494373,0.734753,0.450365,-0.139111,-0.581581,-0.556055
-0.101968,0.435880,0.644530,0.353131,-0.217887,-0.628384,-0.589724
-0.170470,0.285998,0.415011,0.101378,-0.420344,-0.738020,-0.592722
-0.064873,0.499183,0.700589,0.384426,-0.214065,-0.648855,-0.638170
-0.263229,0.148369,0.264191,-0.021473,-0.486168,-0.749277,-0.610458
-0.206213,0.138707,0.161122,-0.171185,-0.610783,-0.797251,-0.557091
-0.026071,0.471784,0.612482,0.293795,-0.244684,-0.590707,-0.506723
-0.078704,0.385458,0.553331,0.292830,-0.192879,-0.513964,-0.440437
-0.059898,0.334751,0.441570,0.162579,-0.293579,-0.550213,-0.376682
0.137112,0.653034,0.803795,0.459885,-0.129967,-0.523010,-0.426056
0.099762,0.694008,0.931152,0.634750,0.029427,-0.424858,-0.405205
0.056709,0.617920,0.854568,0.576233,-0.005310,-0.444824,-0.426155
0.006470,0.507408,0.682404,0.379143,-0.176300,-0.554756,-0.464836
0.039375,0.608307,0.823326,0.509880,-0.098625,-0.543358,-0.506401
-0.025375,0.549889,0.791702,0.509697,-0.078400,-0.522446,-0.502399
-0.060581,0.458267,0.649063,0.351692,-0.210594,-0.603653,-0.537952
-0.086052,0.388103,0.506306,0.154602,-0.409733,-0.755962,-0.637976
-0.147924,0.373806,0.562590,0.278864,-0.253292,-0.621368,-0.575834
-0.213247,0.156805,0.238297,-0.053061,-0.493118,-0.721073,-0.554260
-0.135958,0.214092,0.234743,-0.108112,-0.563055,-0.768641,-0.553288
-0.055637,0.412086,0.545399,0.249676,-0.248463,-0.557446,-0.462151
-0.070786,0.311157,0.394646,0.099380,-0.351406,-0.589035,-0.417183
0.038319,0.452545,0.526009,0.191498,-0.303078,-0.565544,-0.358742
0.225136,0.821228,1.020149,0.672180,0.031387,-0.432663,-0.400215
0.086090,0.667557,0.913528,0.632706,0.042824,-0.403976,-0.384720
0.072891,0.629822,0.865173,0.589455,0.011475,-0.428413,-0.408165
0.043602,0.591820,0.821465,0.542053,-0.039574,-0.479164,-0.456665
-0.002663,0.545834,0.765991,0.474262,-0.112732,-0.545906,-0.511181
-0.047977,0.494984,0.704784,0.410614,-0.165113,-0.581261,-0.533562
-0.078988,0.428085,0.594527,0.274983,-0.291684,-0.672468,-0.583853
-0.110217,0.384501,0.515269,0.171132,-0.391569,-0.741062,-0.615574
-0.116138,0.391451,0.536919,0.205395,-0.350670,-0.706295,-0.616180
-0.193787,0.215988,0.292885,-0.036236,-0.522503,-0.789406,-0.681683
-0.386360,-0.205009,-0.307507,-0.645351,-0.962433,-0.962021,-0.570843
-0.004440,0.403469,0.416969,0.037706,-0.455288,-0.681017,-0.479775
-0.027370,0.335947,0.351170,0.002918,-0.444692,-0.618616,-0.322108
0.318419,0.929613,1.116137,0.750010,0.097076,-0.372181,-0.339046
0.146961,0.727142,0.965000,0.675148,0.080227,-0.365723,-0.340744
0.123508,0.683113,0.916214,0.635330,0.051250,-0.388828,-0.365849
0.088619,0.639507,0.867886,0.584282,0.000446,-0.439388,-0.416153
0.040527,0.592636,0.823212,0.538860,-0.047665,-0.490152,-0.468565
-0.017418,0.522388,0.731012,0.433714,-0.148044,-0.571146,-0.541080
-0.125464,0.335204,0.475208,0.167572,-0.354075,-0.674618,-0.532171
-0.008131,0.534563,0.702101,0.362146,-0.237457,-0.645023,-0.562443
-0.045959,0.542961,0.775837,0.473263,-0.132282,-0.583839,-0.571220
-0.156296,0.315422,0.465393,0.161781,-0.364677,-0.704628,-0.632187
-0.269295,0.057121,0.072929,-0.260048,-0.692490,-0.881615,-0.724159
-0.454742,-0.371315,-0.577660,-0.947067,-1.204559,-1.082565,-0.553322
0.115707,0.558884,0.539917,0.100147,-0.440117,-0.677528,-0.429272
0.136120,0.637735,0.741117,0.378599,-0.175001,-0.495981,-0.333486
0.220154,0.804838,1.020780,0.709205,0.102515,-0.342399,-0.308590
0.164412,0.727795,0.953892,0.657272,0.061504,-0.386255,-0.383577
0.025383,0.519472,0.719910,0.460400,-0.059507,-0.422312,-0.339357
0.146212,0.699591,0.910894,0.605484,0.003942,-0.443668,-0.418375
0.047178,0.607109,0.837614,0.547334,-0.048973,-0.499202,-0.482353
-0.041757,0.470994,0.652819,0.349488,-0.209917,-0.588400,-0.494587
0.016413,0.593056,0.816687,0.510809,-0.095089,-0.545048,-0.519135
-0.049046,0.516369,0.750370,0.461613,-0.133171,-0.579922,-0.552788
-0.084404,0.480301,0.713600,0.429039,-0.155724,-0.594490,-0.581902
-0.174812,0.290115,0.439224,0.136719,-0.391571,-0.737236,-0.679245
-0.339455,-0.031036,-0.014481,-0.329147,-0.736588,-0.883347,-0.587250
0.020706,0.591843,0.763153,0.411301,-0.205963,-0.640793,-0.621368
-0.241669,0.163879,0.267868,-0.020737,-0.473709,-0.710541,-0.520309
-0.006546,0.502533,0.661194,0.346619,-0.208298,-0.581375,-0.501724
-0.036972,0.482117,0.678040,0.390633,-0.162773,-0.549965,-0.475533
-0.001312,0.514473,0.675865,0.346420,-0.229095,-0.609863,-0.504639
0.022545,0.612305,0.844040,0.540329,-0.068306,-0.522934,-0.499702
-0.030312,0.535370,0.772583,0.488937,-0.101746,-0.546402,-0.522079
-0.056473,0.504486,0.733093,0.439972,-0.158142,-0.604294,-0.572647
-0.097855,0.470291,0.705032,0.416061,-0.174057,-0.613251,-0.577637
-0.099884,0.472153,0.710785,0.424652,-0.168488,-0.614594,-0.587784
-0.117767,0.448563,0.682510,0.390778,-0.207932,-0.660507,-0.656708
-0.259277,0.188263,0.321152,0.020142,-0.480255,-0.783630,-0.676895
-0.298553,0.021667,0.021591,-0.322235,-0.752731,-0.920380,-0.698669
-0.289413,-0.012772,-0.070679,-0.428833,-0.820755,-0.902328,-0.528931
0.139969,0.738281,0.910126,0.549019,-0.074501,-0.508728,-0.487740
-0.104561,0.308334,0.422493,0.135155,-0.330246,-0.605797,-0.517418
-0.196365,0.097374,0.146225,-0.105194,-0.462704,-0.602032,-0.364021
0.126755,0.573966,0.684000,0.360308,-0.163608,-0.480566,-0.325807
0.226025,0.811846,1.022079,0.696058,0.077984,-0.371368,-0.335117
0.145187,0.717766,0.954929,0.666344,0.070724,-0.377869,-0.357460
0.103241,0.660309,0.886993,0.592926,-0.005196,-0.452347,-0.423660
0.048187,0.616302,0.852959,0.568779,-0.017586,-0.455032,-0.424553
0.040283,0.599503,0.828331,0.540291,-0.047928,-0.488197,-0.461479
0.002571,0.561005,0.789070,0.498325,-0.096481,-0.542282,-0.515182
-0.044895,0.521694,0.757832,0.470215,-0.123440,-0.574936,-0.576908
-0.195965,0.227428,0.335400,0.023386,-0.474257,-0.765137,-0.661642
-0.322664,-0.065834,-0.112122,-0.452890,-0.831495,-0.903782,-0.510427
0.202654,0.850597,1.040348,0.646175,-0.047226,-0.548744,-0.525089
-0.025990,0.577938,0.838367,0.558208,-0.038815,-0.504402,-0.563320
-0.291534,0.018829,0.088074,-0.170475,-0.551636,-0.714390,-0.479069
0.038361,0.523712,0.655922,0.327839,-0.224834,-0.581024,-0.478794
0.004414,0.534966,0.736370,0.449497,-0.105331,-0.494923,-0.417988
0.081158,0.652878,0.878464,0.577438,-0.022682,-0.466927,-0.436340
0.034454,0.596657,0.825508,0.530659,-0.067242,-0.513187,-0.484280
-0.011227,0.556141,0.791096,0.501320,-0.094475,-0.541260,-0.513184
-0.041924,0.525627,0.761738,0.477028,-0.108868,-0.545843,-0.512922
-0.044680,0.514997,0.741362,0.447968,-0.146526,-0.588108,-0.554865
-0.081412,0.484410,0.714913,0.419765,-0.180367,-0.627532,-0.593955
-0.115283,0.462551,0.705936,0.424532,-0.167843,-0.621971,-0.644121
-0.314415,0.034794,0.085884,-0.231667,-0.675190,-0.867493,-0.592087
0.042225,0.662922,0.864765,0.502136,-0.159992,-0.640270,-0.610207
-0.113525,0.486057,0.746105,0.469486,-0.124989,-0.578270,-0.568344
-0.146317,0.324615,0.454285,0.118835,-0.433296,-0.789894,-0.750534
-0.443840,-0.144768,-0.086678,-0.326965,-0.667542,-0.783234,-0.509075
0.034142,0.531376,0.661686,0.322929,-0.241295,-0.608925,-0.519005
-0.048969,0.472446,0.673603,0.398209,-0.138405,-0.512871,-0.426805
0.070648,0.636789,0.850985,0.537704,-0.074554,-0.524961,-0.491682
-0.009415,0.567083,0.805223,0.512747,-0.089638,-0.540022,-0.512579
-0.035114,0.540535,0.784674,0.503027,-0.088625,-0.536188,-0.511808
-0.044216,0.520676,0.755135,0.469761,-0.118742,-0.555368,-0.522102
-0.050587,0.511358,0.737040,0.438087,-0.162888,-0.607962,-0.572315
-0.090618,0.487282,0.728771,0.442558,-0.152634,-0.599789,-0.572063
-0.099197,0.473862,0.719349,0.441975,-0.143475,-0.591724,-0.590477
-0.178020,0.322495,0.519566,0.241119,-0.302395,-0.679768,-0.590702
-0.081463,0.499313,0.727055,0.420376,-0.190208,-0.643814,-0.615646
-0.140373,0.434097,0.679031,0.404053,-0.179024,-0.641518,-0.748123
-0.612434,-0.488632,-0.552414,-0.801071,-1.032692,-0.983719,-0.576649
0.003551,0.459312,0.533890,0.176060,-0.358212,-0.665871,-0.528240
-0.049009,0.448311,0.623640,0.346103,-0.169188,-0.515685,-0.442924
-0.021151,0.441695,0.606303,0.334746,-0.164850,-0.486033,-0.355967
0.163593,0.727209,0.925217,0.591003,-0.036144,-0.490570,-0.453465
0.036495,0.622559,0.869194,0.585125,-0.011868,-0.463760,-0.442703
0.023540,0.591965,0.833820,0.558701,-0.025520,-0.468666,-0.447723
0.010590,0.562370,0.783836,0.486557,-0.107880,-0.546486,-0.507374
-0.027130,0.544430,0.778660,0.486217,-0.112221,-0.557716,-0.527378
-0.052902,0.519787,0.760998,0.478405,-0.111252,-0.556831,-0.530487
-0.063873,0.496147,0.723831,0.429790,-0.165337,-0.603638,-0.565189
-0.083649,0.487259,0.718893,0.421938,-0.179010,-0.625031,-0.589342
-0.107603,0.471317,0.715776,0.432505,-0.160746,-0.610859,-0.606574
-0.184268,0.332843,0.553189,0.299760,-0.230698,-0.628347,-0.646293
-0.352454,-0.006557,0.108643,-0.123906,-0.522281,-0.737251,-0.567334
-0.107867,0.343513,0.475291,0.175129,-0.336186,-0.659187,-0.556287
-0.109516,0.370301,0.541970,0.269606,-0.239570,-0.582926,-0.516809
-0.112350,0.330425,0.482973,0.210228,-0.278811,-0.584629,-0.438347
0.095337,0.668079,0.871231,0.540171,-0.085800,-0.541004,-0.504663
-0.017405,0.566967,0.815838,0.535946,-0.054947,-0.503716,-0.483467
-0.019970,0.544765,0.787853,0.514931,-0.064171,-0.504185,-0.484047
-0.030430,0.516708,0.730644,0.425917,-0.176876,-0.618862,-0.577227
-0.086666,0.497086,0.743399,0.458054,-0.138231,-0.587448,-0.560795
-0.088987,0.484969,0.731347,0.457786,-0.125847,-0.569366,-0.546833
-0.085948,0.468399,0.690463,0.390864,-0.206839,-0.645733,-0.602982
-0.115217,0.463813,0.703502,0.414528,-0.182417,-0.628374,-0.597508
-0.121523,0.453651,0.698309,0.420120,-0.167116,-0.610292,-0.586439
-0.129122,0.415834,0.635441,0.350994,-0.220947,-0.647011,-0.643303
-0.264530,0.187969,0.357990,0.094765,-0.399471,-0.725071,-0.626690
-0.173645,0.320213,0.499943,0.219948,-0.305573,-0.666088,-0.604267
-0.186478,0.283195,0.463375,0.208248,-0.282860,-0.608311,-0.488316
0.022263,0.580906,0.777916,0.447620,-0.172695,-0.619354,-0.573559
-0.077900,0.510902,0.758312,0.473076,-0.123104,-0.571243,-0.545479
-0.075531,0.495607,0.739187,0.464808,-0.117685,-0.557144,-0.532543
-0.071564,0.488731,0.726452,0.448219,-0.135155,-0.576462,-0.553692
-0.092571,0.462990,0.686253,0.390778,-0.203819,-0.641590,-0.599678
-0.114697,0.463528,0.706322,0.423355,-0.167637,-0.610630,-0.582687
-0.112530,0.456867,0.699707,0.423622,-0.159576,-0.599731,-0.575813
-0.113552,0.441185,0.663643,0.365414,-0.229950,-0.665550,-0.621483
-0.134365,0.445007,0.686008,0.400295,-0.192444,-0.636181,-0.605072
-0.131767,0.440746,0.686676,0.411705,-0.169415,-0.612389,-0.605911
-0.186314,0.312485,0.496136,0.201473,-0.350300,-0.726074,-0.637375
-0.138256,0.424683,0.645508,0.352497,-0.229885,-0.656521,-0.633850
-0.209923,0.296101,0.505470,0.251911,-0.264019,-0.634571,-0.598324
-0.221500,0.201725,0.347614,0.086849,-0.379559,-0.663914,-0.504169
0.033104,0.601597,0.796642,0.459511,-0.166599,-0.616072,-0.571110
-0.076277,0.512680,0.762197,0.481977,-0.108255,-0.555387,-0.531557
-0.066456,0.499877,0.741626,0.466407,-0.113010,-0.552354,-0.527640
-0.068502,0.482156,0.699588,0.398327,-0.198094,-0.632790,-0.586857
-0.096919,0.482309,0.724144,0.437294,-0.156574,-0.601440,-0.570472
-0.096342,0.476012,0.720802,0.446645,-0.134645,-0.574865,-0.550040
-0.087859,0.473631,0.712539,0.439391,-0.137969,-0.574293,-0.550492
-0.092254,0.456539,0.676033,0.378773,-0.212706,-0.646407,-0.602418
-0.117332,0.460021,0.700977,0.419120,-0.167845,-0.608799,-0.582743
-0.126174,0.415113,0.627175,0.338183,-0.230449,-0.640532,-0.585836
-0.108700,0.444174,0.657948,0.353068,-0.242050,-0.680329,-0.675050
-0.282022,0.190468,0.384200,0.143487,-0.335283,-0.663146,-0.596313
-0.211642,0.198846,0.329188,0.061806,-0.398457,-0.679651,-0.573408
-0.193636,0.158283,0.213022,-0.090199,-0.522469,-0.717312,-0.461052
0.147430,0.745453,0.933605,0.570091,-0.086090,-0.561462,-0.542168
-0.078636,0.482239,0.727371,0.471130,-0.078735,-0.493690,-0.490715
-0.123436,0.303009,0.452072,0.188576,-0.282501,-0.576385,-0.445625
0.037529,0.549461,0.719734,0.404922,-0.164871,-0.550720,-0.460327
0.054138,0.640060,0.873840,0.578033,-0.022797,-0.472610,-0.448532
0.017776,0.582367,0.823364,0.547379,-0.034775,-0.475845,-0.459702
-0.028595,0.473770,0.650192,0.348343,-0.205673,-0.581772,-0.490463
0.018051,0.590271,0.806595,0.491531,-0.121521,-0.572708,-0.536285
-0.050888,0.531631,0.781616,0.505753,-0.083084,-0.529831,-0.514389
-0.077148,0.432281,0.614731,0.314957,-0.240921,-0.624695,-0.553696
-0.088730,0.437424,0.633530,0.338470,-0.224442,-0.626907,-0.593964
-0.191101,0.276459,0.459427,0.210007,-0.275452,-0.604111,-0.543915
-0.182434,0.186508,0.273743,-0.009003,-0.448349,-0.677551,-0.490509
0.001556,0.468597,0.582687,0.249359,-0.287994,-0.613373,-0.462051
0.090286,0.682510,0.897141,0.570618,-0.056717,-0.518158,-0.488007
-0.003967,0.578217,0.826859,0.547714,-0.042450,-0.493423,-0.490982
-0.075394,0.418427,0.603973,0.325821,-0.205704,-0.567307,-0.470444
0.034790,0.600830,0.811035,0.494766,-0.114578,-0.559158,-0.520111
-0.035034,0.542282,0.786118,0.505150,-0.082893,-0.527863,-0.505798
-0.047333,0.504608,0.733070,0.452499,-0.123428,-0.551498,-0.516594
-0.049309,0.510391,0.742638,0.458984,-0.128792,-0.570557,-0.545311
-0.082710,0.475288,0.702919,0.413719,-0.175636,-0.612122,-0.578712
-0.113876,0.432671,0.647011,0.355389,-0.220734,-0.639214,-0.607491
-0.192175,0.269180,0.409878,0.103914,-0.417042,-0.745680,-0.632727
-0.160358,0.344831,0.522112,0.232851,-0.301850,-0.666583,-0.616753
-0.250877,0.117554,0.191588,-0.107154,-0.550612,-0.772164,-0.592162
-0.155902,0.209015,0.235608,-0.108196,-0.567007,-0.768614,-0.522949
0.032073,0.541983,0.662390,0.303080,-0.269791,-0.628405,-0.530523
-0.072128,0.418224,0.591537,0.316887,-0.189674,-0.528500,-0.467663
-0.107510,0.246445,0.313923,0.020386,-0.412071,-0.615910,-0.370529
0.222275,0.804756,0.988235,0.634735,-0.001770,-0.457649,-0.418091
0.069412,0.649132,0.887520,0.598213,0.003838,-0.439606,-0.412132
0.054604,0.616676,0.851265,0.569901,-0.013664,-0.452248,-0.427773
0.031113,0.585411,0.816200,0.534019,-0.049377,-0.488770,-0.464111
-0.006996,0.542629,0.760002,0.463558,-0.126148,-0.558105,-0.517281
-0.039257,0.528164,0.760239,0.471531,-0.118326,-0.559225,-0.536051
-0.091131,0.432745,0.631461,0.339008,-0.224263,-0.627082,-0.593511
-0.196876,0.233276,0.354778,0.054218,-0.441848,-0.740934,-0.625068
-0.197665,0.229771,0.345653,0.053196,-0.425074,-0.704576,-0.584936
-0.190908,0.165371,0.213684,-0.098829,-0.536402,-0.731617,-0.480604
0.097292,0.648412,0.806705,0.455619,-0.149166,-0.558952,-0.476631
0.038604,0.624324,0.854014,0.548275,-0.059443,-0.516093,-0.527090
-0.148258,0.309166,0.486979,0.236334,-0.243502,-0.560717,-0.458933
-0.010353,0.467333,0.621252,0.318594,-0.218655,-0.572252,-0.461597
0.056320,0.632000,0.853693,0.544914,-0.064840,-0.519602,-0.496498
-0.028219,0.537352,0.772480,0.486790,-0.099098,-0.536068,-0.506077
-0.045616,0.499512,0.714394,0.422318,-0.156212,-0.577095,-0.528225
-0.048084,0.517525,0.748791,0.458302,-0.134293,-0.577904,-0.551559
-0.084930,0.474121,0.701828,0.411720,-0.175606,-0.610077,-0.572716
-0.101044,0.460091,0.689865,0.403755,-0.179604,-0.611122,-0.579628
-0.131340,0.384171,0.564827,0.257431,-0.310883,-0.708908,-0.680344
-0.318939,0.051926,0.130325,-0.167023,-0.611023,-0.836044,-0.658493
-0.222702,0.149582,0.188370,-0.149216,-0.609665,-0.820694,-0.598038
-0.090225,0.355362,0.432556,0.081253,-0.436775,-0.716606,-0.525032
0.031090,0.595795,0.787094,0.467735,-0.123192,-0.535851,-0.465164
0.039513,0.620628,0.850639,0.549126,-0.054398,-0.509834,-0.519623
-0.133736,0.339470,0.537788,0.297699,-0.187317,-0.516510,-0.407074
0.092056,0.645203,0.850426,0.537048,-0.069443,-0.516098,-0.484955
-0.012619,0.555016,0.790230,0.500717,-0.094818,-0.544281,-0.523735
-0.079468,0.434975,0.613602,0.303192,-0.263214,-0.644722,-0.549988
-0.041000,0.522919,0.729065,0.415642,-0.181114,-0.606377,-0.550125
-0.054855,0.526726,0.765999,0.473679,-0.127571,-0.579750,-0.555061
-0.084229,0.485840,0.726410,0.445137,-0.138321,-0.575806,-0.559006
-0.135056,0.359268,0.533585,0.238464,-0.304001,-0.672523,-0.597145
-0.157135,0.312088,0.452759,0.143837,-0.382996,-0.709641,-0.564445
-0.015221,0.577820,0.799149,0.478294,-0.144386,-0.609016,-0.617165
-0.240379,0.183784,0.307167,0.016296,-0.464310,-0.732445,-0.538055
0.038422,0.637955,0.852028,0.520073,-0.111656,-0.576477,-0.550629
-0.068886,0.511009,0.757408,0.475075,-0.120178,-0.579124,-0.601173
-0.229370,0.232819,0.425125,0.187881,-0.287468,-0.600220,-0.475456
0.034950,0.593437,0.796143,0.476364,-0.134506,-0.579620,-0.544022
-0.064331,0.508644,0.746239,0.460060,-0.134125,-0.581253,-0.554489
-0.085503,0.478828,0.713707,0.428757,-0.156387,-0.588707,-0.553116
-0.084175,0.475220,0.703262,0.415443,-0.169609,-0.603790,-0.567116
-0.094170,0.471153,0.704094,0.418198,-0.172768,-0.613777,-0.583870
-0.114693,0.450798,0.681961,0.389420,-0.208122,-0.653694,-0.626350
-0.175331,0.340935,0.517471,0.209900,-0.345879,-0.712929,-0.607773
-0.105049,0.429237,0.600174,0.269463,-0.315102,-0.707764,-0.611374
-0.085114,0.509598,0.747238,0.445488,-0.166077,-0.623589,-0.598320
-0.122993,0.452507,0.695534,0.413773,-0.172119,-0.616890,-0.629776
-0.270370,0.148285,0.286736,0.017624,-0.449226,-0.736946,-0.642036
-0.271538,0.088791,0.168472,-0.108078,-0.531494,-0.736115,-0.507126
0.058723,0.619396,0.797901,0.455124,-0.161934,-0.600483,-0.567165
-0.121952,0.403194,0.618801,0.358709,-0.165663,-0.531900,-0.443541
0.052280,0.615833,0.831372,0.524310,-0.078856,-0.524158,-0.491682
-0.017045,0.551894,0.785475,0.492390,-0.106687,-0.554769,-0.529925
-0.080424,0.437251,0.617125,0.310886,-0.247483,-0.620054,-0.517448
0.004219,0.588507,0.816782,0.512577,-0.094591,-0.544834,-0.517250
-0.045506,0.523502,0.760088,0.473888,-0.119341,-0.565531,-0.538813
-0.067921,0.500248,0.736000,0.448002,-0.146999,-0.592018,-0.565109
-0.107693,0.424660,0.621037,0.320404,-0.246082,-0.639393,-0.576862
-0.128101,0.361504,0.518459,0.209061,-0.332897,-0.680405,-0.552952
-0.014473,0.575733,0.799133,0.480335,-0.144222,-0.603870,-0.578762
-0.122158,0.401588,0.581619,0.268711,-0.296265,-0.694901,-0.726513
-0.535069,-0.388264,-0.456604,-0.722496,-0.972179,-0.945019,-0.599606
-0.162529,0.094803,0.027496,-0.321419,-0.698349,-0.793411,-0.523232
-0.075752,0.279762,0.341949,0.071487,-0.316635,-0.473618,-0.197464
0.410187,0.994644,1.167358,0.794388,0.137573,-0.332581,-0.298401
0.191574,0.777634,1.020325,0.730377,0.126556,-0.329193,-0.310028
0.155304,0.719879,0.953979,0.665314,0.069611,-0.379089,-0.353882
0.114502,0.679169,0.913391,0.627747,0.040924,-0.397003,-0.367004
0.098328,0.656067,0.883423,0.591980,-0.000610,-0.444244,-0.415985
0.050568,0.610504,0.838074,0.541962,-0.057190,-0.504379,-0.473770
0.000961,0.573898,0.816330,0.533951,-0.057449,-0.512589,-0.536728
-0.184586,0.228821,0.360092,0.083862,-0.386139,-0.657471,-0.475037
0.083725,0.665680,0.865280,0.521912,-0.115280,-0.576706,-0.540665
-0.046875,0.542999,0.793427,0.509216,-0.088882,-0.540878,-0.532608
-0.130783,0.294739,0.372589,0.012161,-0.522705,-0.832886,-0.762177
-0.501572,-0.344833,-0.445328,-0.751877,-1.019379,-0.980560,-0.598206
-0.088394,0.279068,0.315018,0.003922,-0.422501,-0.626221,-0.473495
-0.112137,0.206879,0.274918,0.031723,-0.333252,-0.481979,-0.209335
0.388977,0.966125,1.135529,0.759262,0.099197,-0.373199,-0.339279
0.154343,0.743042,0.988373,0.695175,0.087158,-0.371750,-0.352783
0.116241,0.688416,0.931015,0.649796,0.057556,-0.392563,-0.373657
0.086533,0.644058,0.872192,0.583450,-0.006454,-0.444473,-0.412613
0.054565,0.613174,0.836502,0.536194,-0.067123,-0.514542,-0.483170
-0.006699,0.565018,0.802338,0.512955,-0.084419,-0.532768,-0.507210
-0.036499,0.533440,0.773865,0.493431,-0.096046,-0.548286,-0.558815
-0.166817,0.311470,0.501160,0.234940,-0.286697,-0.641415,-0.538696
-0.026680,0.546099,0.761999,0.445539,-0.171808,-0.626266,-0.592105
-0.106993,0.476243,0.724003,0.443026,-0.150885,-0.603605,-0.618509
-0.292358,0.006439,-0.031475,-0.423531,-0.883228,-1.054420,-0.827400
-0.408966,-0.092934,-0.075668,-0.363228,-0.724289,-0.843658,-0.616104
-0.207924,0.125275,0.183929,-0.080246,-0.463097,-0.640224,-0.475796
-0.112606,0.193577,0.235218,-0.033131,-0.404491,-0.543884,-0.256142
0.352253,0.927698,1.088568,0.700928,0.032543,-0.442244,-0.404816
0.095222,0.691265,0.942894,0.657904,0.056080,-0.401587,-0.386261
0.076248,0.640966,0.882072,0.605219,0.021231,-0.422661,-0.404427
0.049248,0.598381,0.818188,0.521217,-0.071945,-0.510269,-0.473808
-0.000111,0.564964,0.793739,0.497845,-0.102066,-0.549019,-0.518173
-0.044174,0.527069,0.765862,0.480873,-0.111153,-0.557129,-0.532150
-0.066895,0.492760,0.720078,0.426659,-0.165909,-0.603622,-0.566536
-0.089279,0.476395,0.702866,0.403702,-0.199417,-0.644653,-0.609161
-0.127625,0.450134,0.692459,0.408066,-0.186310,-0.632629,-0.606049
-0.135269,0.434738,0.678192,0.401733,-0.180847,-0.646759,-0.752838
-0.580505,-0.368622,-0.331497,-0.538773,-0.821243,-0.895920,-0.665100
-0.281021,0.020508,0.053650,-0.222122,-0.600800,-0.764984,-0.576981
-0.179672,0.170105,0.246140,-0.020355,-0.425018,-0.632584,-0.472916
-0.064636,0.318451,0.412827,0.133224,-0.311798,-0.547638,-0.340820
0.226471,0.800278,0.984909,0.629639,-0.014481,-0.478882,-0.442886
0.048920,0.636795,0.886200,0.604889,0.010605,-0.441513,-0.423630
0.036530,0.598938,0.842636,0.571304,-0.006241,-0.446686,-0.429901
0.018433,0.559341,0.770035,0.465012,-0.133194,-0.570633,-0.526459
-0.041199,0.535339,0.774490,0.484985,-0.110550,-0.557068,-0.529709
-0.060135,0.508682,0.748993,0.470383,-0.114349,-0.559937,-0.556046
-0.138062,0.366959,0.565552,0.281784,-0.268982,-0.652557,-0.569641
-0.064545,0.511139,0.735794,0.429962,-0.177826,-0.626724,-0.592911
-0.113022,0.465027,0.709610,0.428421,-0.160812,-0.606949,-0.595795
-0.159851,0.372726,0.599594,0.337982,-0.210358,-0.631592,-0.672897
-0.398300,-0.064636,0.049210,-0.176865,-0.563934,-0.772583,-0.614944
-0.192062,0.216248,0.329788,0.050644,-0.413467,-0.689682,-0.573624
-0.176315,0.206665,0.292160,0.001831,-0.444061,-0.683655,-0.521530
-0.066879,0.376801,0.501907,0.201981,-0.301300,-0.601685,-0.438309
0.116226,0.703766,0.914734,0.585548,-0.042473,-0.508499,-0.507309
-0.085152,0.428871,0.649063,0.400360,-0.118599,-0.499016,-0.474510
-0.099571,0.335434,0.501762,0.252441,-0.221207,-0.527405,-0.398117
0.112869,0.666039,0.855667,0.519012,-0.106636,-0.558586,-0.515114
-0.020786,0.567661,0.818619,0.536884,-0.057785,-0.508347,-0.487915
-0.023266,0.543594,0.786835,0.513084,-0.067814,-0.510582,-0.489269
-0.033508,0.515751,0.732769,0.432072,-0.164776,-0.601849,-0.558277
-0.071663,0.506226,0.745750,0.457584,-0.137589,-0.585705,-0.570656
-0.128902,0.409428,0.638088,0.375305,-0.174194,-0.585838,-0.573711
-0.187588,0.268284,0.435772,0.160255,-0.348118,-0.681877,-0.571079
-0.079369,0.458645,0.655739,0.354839,-0.217781,-0.627911,-0.590843
-0.161446,0.339249,0.540401,0.281624,-0.235573,-0.601528,-0.563660
-0.194996,0.205486,0.323959,0.050678,-0.408592,-0.671227,-0.501671
0.021881,0.560181,0.736055,0.405331,-0.190012,-0.608015,-0.561172
-0.111351,0.410551,0.620008,0.354801,-0.177567,-0.560517,-0.526799
-0.134911,0.316896,0.491092,0.240770,-0.240700,-0.567346,-0.506158
-0.138812,0.240827,0.332781,0.038104,-0.423811,-0.668550,-0.455877
0.126991,0.722097,0.925920,0.584770,-0.053158,-0.518257,-0.487823
-0.003490,0.581886,0.835659,0.563553,-0.021584,-0.470516,-0.469967
-0.049427,0.468842,0.689339,0.429203,-0.110851,-0.506310,-0.451786
0.018318,0.564209,0.771046,0.460247,-0.140747,-0.580959,-0.549294
-0.092049,0.455757,0.684044,0.414043,-0.144566,-0.562313,-0.553307
-0.166370,0.296162,0.481960,0.234352,-0.255173,-0.594681,-0.542324
-0.175915,0.205734,0.298706,0.002117,-0.464619,-0.719990,-0.546165
-0.040836,0.470627,0.639465,0.336929,-0.209961,-0.584839,-0.530418
-0.126808,0.320015,0.475594,0.209763,-0.270470,-0.580261,-0.498466
-0.127304,0.227798,0.290558,-0.009605,-0.446671,-0.674606,-0.540001
-0.175102,0.159149,0.230560,-0.027817,-0.418602,-0.607498,-0.440094
-0.053452,0.273026,0.309372,0.010376,-0.401123,-0.585159,-0.390488
0.021225,0.339325,0.332199,-0.012787,-0.441559,-0.605591,-0.335419
0.227264,0.747665,0.890152,0.549744,-0.023956,-0.395142,-0.282410
0.248260,0.836563,1.062927,0.753845,0.139862,-0.324005,-0.335327
0.060699,0.548828,0.754089,0.504242,-0.006104,-0.374084,-0.341217
0.035187,0.469666,0.633484,0.382660,-0.092529,-0.403198,-0.280304
0.221405,0.765350,0.950714,0.616669,-0.001526,-0.446136,-0.403198
0.082764,0.658997,0.898834,0.613861,0.020874,-0.431976,-0.438202
-0.034180,0.462860,0.674042,0.423218,-0.094894,-0.471558,-0.430634
-0.022842,0.440796,0.597412,0.300354,-0.234268,-0.592102,-0.514938
-0.072189,0.418289,0.600510,0.324921,-0.195282,-0.558350,-0.514694
-0.149094,0.238586,0.344360,0.066299,-0.385010,-0.642685,-0.509232
-0.108368,0.253693,0.301849,-0.019608,-0.475815,-0.706116,-0.539673
-0.108063,0.294235,0.393005,0.107025,-0.344330,-0.595230,-0.460922
-0.073868,0.260834,0.287750,-0.033279,-0.466614,-0.656647,-0.446426
0.000244,0.351028,0.354797,-0.003815,-0.461685,-0.650665,-0.388611
0.192413,0.741730,0.903107,0.559937,-0.035065,-0.444931,-0.404709
0.010223,0.482864,0.665009,0.407867,-0.087204,-0.426392,-0.373734
-0.014862,0.363205,0.464310,0.189438,-0.254837,-0.501663,-0.333069
0.164124,0.671387,0.836029,0.524429,-0.038300,-0.426941,-0.352997
0.129517,0.678894,0.885254,0.576904,-0.019730,-0.461502,-0.455811
-0.059479,0.408447,0.583939,0.319267,-0.182289,-0.520058,-0.449394
-0.055084,0.350273,0.451103,0.148598,-0.334763,-0.615417,-0.474464
-0.007584,0.469681,0.622208,0.323051,-0.202919,-0.551193,-0.480194
-0.070908,0.375671,0.532959,0.266857,-0.219513,-0.538322,-0.465469
-0.093403,0.281136,0.369987,0.081017,-0.369389,-0.624218,-0.511391
-0.176865,0.095066,0.083250,-0.228275,-0.611141,-0.737490,-0.469017
0.036333,0.457960,0.524107,0.179413,-0.324270,-0.598694,-0.453529
-0.032280,0.340208,0.386000,0.062174,-0.388586,-0.594936,-0.363766
0.175896,0.674469,0.795341,0.443310,-0.123348,-0.481689,-0.367931
0.138393,0.689884,0.891502,0.586266,0.004429,-0.416822,-0.397640
0.003263,0.475700,0.659573,0.402212,-0.098952,-0.445135,-0.380862
0.032490,0.493821,0.660825,0.387728,-0.124145,-0.468239,-0.370644
0.115765,0.659238,0.863665,0.559258,-0.033470,-0.473320,-0.459862
-0.033371,0.477119,0.677212,0.394909,-0.158314,-0.558025,-0.527248
-0.122643,0.350555,0.534218,0.275688,-0.226608,-0.570969,-0.492172
-0.048790,0.445244,0.626099,0.339386,-0.204521,-0.586205,-0.533646
-0.103561,0.387070,0.570419,0.292053,-0.235779,-0.599564,-0.534149
-0.101105,0.385635,0.567078,0.291702,-0.232178,-0.600845,-0.562744
-0.196777,0.200073,0.314926,0.037094,-0.425705,-0.713318,-0.663239
-0.425049,-0.253403,-0.310837,-0.585480,-0.866302,-0.870010,-0.510284
0.015182,0.383499,0.365585,-0.031113,-0.524780,-0.738480,-0.498932
0.027573,0.482849,0.557907,0.199600,-0.326370,-0.614105,-0.444992
0.073212,0.602295,0.786621,0.488678,-0.063461,-0.454300,-0.427429
-0.059921,0.350128,0.481979,0.216064,-0.244720,-0.524506,-0.416885
-0.035782,0.320374,0.375381,0.066528,-0.377197,-0.589264,-0.359863
0.206360,0.766403,0.945251,0.607666,-0.003296,-0.435822,-0.382881
0.106148,0.677612,0.903915,0.602615,0.000267,-0.453987,-0.465561
-0.084381,0.383179,0.574921,0.331223,-0.155396,-0.491074,-0.416382
0.011200,0.486633,0.655899,0.370392,-0.160614,-0.530487,-0.481873
-0.079132,0.376587,0.544876,0.280884,-0.217056,-0.554184,-0.476028
-0.054764,0.400742,0.547333,0.255997,-0.257339,-0.591141,-0.514587
-0.125168,0.263641,0.348083,0.042053,-0.427200,-0.692902,-0.587891
-0.265015,-0.007538,-0.024872,-0.328186,-0.690201,-0.796844,-0.543991
-0.097092,0.271530,0.338898,0.054031,-0.364960,-0.567184,-0.379776
0.062820,0.446671,0.496872,0.160797,-0.318718,-0.566269,-0.386665
0.096039,0.560654,0.688911,0.378387,-0.141266,-0.480370,-0.435455
-0.108650,0.237648,0.345394,0.114212,-0.276009,-0.485863,-0.330448
0.069691,0.416359,0.448277,0.115578,-0.341055,-0.552254,-0.321011
0.232387,0.763118,0.916817,0.576786,-0.009250,-0.406340,-0.337828
0.130500,0.661915,0.867087,0.581974,0.020079,-0.384344,-0.325055
0.154641,0.710987,0.925231,0.617847,0.016303,-0.434244,-0.451900
-0.102138,0.304992,0.437850,0.172945,-0.283904,-0.557827,-0.430726
0.008755,0.462776,0.606918,0.317034,-0.192907,-0.523357,-0.419070
0.050539,0.562727,0.743004,0.441054,-0.122854,-0.527297,-0.511951
-0.155848,0.239996,0.361681,0.097435,-0.347031,-0.605745,-0.495794
-0.150442,0.141972,0.146540,-0.170246,-0.574934,-0.741465,-0.566519
-0.253435,-0.078916,-0.186251,-0.517187,-0.827445,-0.832986,-0.472140
0.049545,0.449270,0.511293,0.201580,-0.244009,-0.466742,-0.296743
0.118816,0.461227,0.471340,0.117031,-0.346363,-0.567192,-0.425571
-0.109394,0.105278,0.054306,-0.244263,-0.562523,-0.614120,-0.329224
0.106453,0.434608,0.466743,0.169411,-0.239502,-0.417099,-0.181870
0.345169,0.843918,0.985443,0.658722,0.104431,-0.260254,-0.179184
0.274216,0.775192,0.956055,0.666367,0.121399,-0.257462,-0.180679
0.302658,0.852814,1.057007,0.741592,0.132080,-0.318573,-0.289490
0.182755,0.747330,0.975571,0.682068,0.086441,-0.366058,-0.385666
-0.021240,0.425797,0.604034,0.357697,-0.124710,-0.458176,-0.413528
-0.065506,0.315475,0.436096,0.179581,-0.265060,-0.524933,-0.362427
0.146301,0.672821,0.842873,0.511246,-0.087944,-0.520515,-0.526199
-0.191917,0.182320,0.290405,0.030281,-0.392517,-0.632683,-0.545357
-0.297623,-0.144875,-0.238617,-0.543385,-0.834541,-0.839710,-0.508766
-0.041122,0.301167,0.330711,0.024979,-0.393204,-0.586803,-0.416241
-0.023544,0.327488,0.403786,0.138496,-0.264038,-0.474380,-0.368271
-0.121475,0.004913,-0.120819,-0.447540,-0.737030,-0.725914,-0.381775
0.055954,0.307060,0.226723,-0.134163,-0.517120,-0.612328,-0.340363
0.104958,0.455376,0.508575,0.225266,-0.179504,-0.361801,-0.132217
0.397049,0.900894,1.044556,0.712128,0.144348,-0.239563,-0.183395
0.238480,0.710190,0.878662,0.600143,0.080902,-0.266602,-0.163635
0.337830,0.894241,1.094849,0.769043,0.147278,-0.312592,-0.298492
0.149124,0.689301,0.907074,0.623688,0.052750,-0.378204,-0.409660
-0.102882,0.268494,0.404999,0.175934,-0.239548,-0.483223,-0.331047
0.138145,0.616707,0.758781,0.432632,-0.132782,-0.511372,-0.424519
0.064930,0.616306,0.828568,0.532906,-0.050175,-0.494135,-0.551153
-0.315576,-0.056711,-0.019928,-0.269610,-0.609745,-0.732815,-0.520666
-0.122875,0.208801,0.259098,-0.026064,-0.437527,-0.635204,-0.452072
-0.011757,0.400124,0.505451,0.211300,-0.266716,-0.550877,-0.443691
-0.085457,0.202133,0.168709,-0.192566,-0.617889,-0.772636,-0.570381
-0.253685,-0.124405,-0.299019,-0.670242,-0.962776,-0.905815,-0.484001
0.061966,0.449615,0.486000,0.161629,-0.282852,-0.502529,-0.359768
-0.005371,0.310635,0.378593,0.136303,-0.228796,-0.393261,-0.188976
0.270306,0.694105,0.793615,0.472175,-0.043667,-0.352643,-0.196830
0.350168,0.930203,1.131755,0.790278,0.149067,-0.323226,-0.299946
0.179222,0.759456,1.005175,0.720177,0.122242,-0.340368,-0.353388
0.047825,0.543026,0.741627,0.472485,-0.061852,-0.446766,-0.415012
-0.028015,0.415016,0.571716,0.299164,-0.201408,-0.530396,-0.425629
0.045433,0.560036,0.741737,0.437286,-0.130081,-0.532082,-0.489914
-0.062302,0.433670,0.629166,0.363785,-0.160950,-0.547073,-0.566315
-0.301102,0.001755,0.088974,-0.137131,-0.502747,-0.679398,-0.491043
-0.044586,0.373398,0.476959,0.168365,-0.331772,-0.634903,-0.520142
-0.078217,0.385086,0.541351,0.263489,-0.237457,-0.568756,-0.505341
-0.165085,0.129120,0.113007,-0.239899,-0.672546,-0.843323,-0.636444
-0.225311,0.121567,0.190842,-0.070633,-0.457626,-0.643753,-0.495071
-0.149445,0.151062,0.204666,-0.044983,-0.409531,-0.576370,-0.410522
-0.048874,0.265533,0.320206,0.057907,-0.324066,-0.490585,-0.260010
0.261475,0.754715,0.883972,0.535339,-0.050415,-0.437454,-0.341400
0.175690,0.754456,0.978210,0.668518,0.055878,-0.404678,-0.404907
0.011902,0.521591,0.736511,0.479630,-0.050369,-0.444672,-0.443695
-0.108673,0.283859,0.419815,0.167755,-0.282211,-0.554214,-0.417389
0.048325,0.531250,0.682556,0.368500,-0.185913,-0.560425,-0.492950
-0.053955,0.437683,0.623993,0.354401,-0.165726,-0.529694,-0.481079
-0.086166,0.360825,0.527298,0.273239,-0.209991,-0.537399,-0.469162
-0.076294,0.348175,0.479630,0.190887,-0.308151,-0.622894,-0.514755
-0.062790,0.418259,0.584305,0.297577,-0.226822,-0.581345,-0.512634
-0.092896,0.373795,0.545151,0.280289,-0.219498,-0.572113,-0.578644
-0.333084,-0.067245,-0.001083,-0.217758,-0.547668,-0.686966,-0.504578
-0.132385,0.184677,0.234177,-0.042007,-0.441650,-0.632492,-0.456268
-0.039383,0.347321,0.443329,0.164383,-0.280991,-0.535736,-0.407211
-0.009293,0.365463,0.443771,0.144348,-0.309586,-0.541565,-0.321136
0.260605,0.846756,1.034851,0.676147,0.025696,-0.446945,-0.424965
0.044144,0.608574,0.849396,0.576164,0.003593,-0.432899,-0.436623
-0.051575,0.419807,0.615334,0.372467,-0.120201,-0.466743,-0.404785
0.013123,0.477989,0.632874,0.329216,-0.212929,-0.578217,-0.496719
-0.036980,0.476173,0.668167,0.384674,-0.159958,-0.545296,-0.502228
-0.091316,0.380310,0.562416,0.302345,-0.199532,-0.547386,-0.495499
-0.114906,0.301285,0.431412,0.149147,-0.335640,-0.631378,-0.496582
-0.013336,0.496750,0.670067,0.365143,-0.191940,-0.575935,-0.518837
-0.085228,0.407913,0.596687,0.327583,-0.192039,-0.555519,-0.507385
-0.112946,0.334557,0.502525,0.249939,-0.229866,-0.561699,-0.540810
-0.254410,0.051880,0.130753,-0.109467,-0.487137,-0.670845,-0.497307
-0.081139,0.305847,0.400192,0.116669,-0.334213,-0.591469,-0.457619
-0.038784,0.377205,0.500275,0.225662,-0.237881,-0.520401,-0.409634
0.002916,0.423418,0.544117,0.250546,-0.240580,-0.535775,-0.386789
0.128083,0.672414,0.861086,0.543999,-0.045666,-0.469782,-0.445619
-0.030008,0.458961,0.656287,0.401516,-0.106849,-0.467978,-0.428275
-0.050982,0.378538,0.535524,0.281816,-0.190319,-0.492102,-0.357458
0.156868,0.709442,0.895538,0.554405,-0.075687,-0.534000,-0.514412
-0.068169,0.468739,0.695007,0.431797,-0.111298,-0.513676,-0.497265
-0.114716,0.337601,0.517181,0.270237,-0.210819,-0.541946,-0.484222
-0.106640,0.302666,0.430847,0.153492,-0.323502,-0.614449,-0.475887
0.011089,0.522915,0.696980,0.391808,-0.166492,-0.556587,-0.511391
-0.096416,0.378262,0.563393,0.311199,-0.181900,-0.524963,-0.473213
-0.099598,0.308708,0.443707,0.182873,-0.278728,-0.572014,-0.495346
-0.141956,0.220921,0.318729,0.050365,-0.386456,-0.631729,-0.487949
-0.057320,0.370361,0.500137,0.222397,-0.252052,-0.547333,-0.449203
-0.062843,0.311211,0.388832,0.092644,-0.359062,-0.600533,-0.441277
0.005661,0.441681,0.562134,0.261475,-0.236679,-0.542740,-0.435776
-0.008423,0.438461,0.586273,0.315659,-0.168350,-0.480927,-0.395081
0.005493,0.431702,0.575623,0.313843,-0.156525,-0.458511,-0.377777
-0.015518,0.335648,0.401306,0.107925,-0.327347,-0.541779,-0.319611
0.241409,0.797256,0.966080,0.609772,-0.020706,-0.470627,-0.452515
-0.028229,0.476166,0.687790,0.440353,-0.067596,-0.432205,-0.398911
-0.027954,0.395279,0.548965,0.295883,-0.173676,-0.470963,-0.331848
0.184937,0.737991,0.924561,0.584869,-0.041855,-0.495850,-0.478821
-0.040009,0.484650,0.703659,0.442047,-0.094589,-0.487625,-0.466858
-0.086823,0.358109,0.528412,0.277161,-0.203278,-0.529892,-0.470627
-0.111053,0.262833,0.357880,0.078949,-0.368332,-0.623016,-0.485611
-0.057404,0.368851,0.490372,0.198608,-0.289734,-0.590973,-0.483109
-0.058777,0.385132,0.533905,0.264252,-0.217834,-0.528473,-0.446564
-0.069427,0.304276,0.387405,0.095688,-0.353531,-0.601318,-0.464920
-0.058212,0.335022,0.436523,0.152267,-0.306168,-0.569946,-0.439621
-0.017456,0.405731,0.534973,0.260590,-0.208572,-0.498627,-0.398254
-0.002853,0.395782,0.503616,0.221695,-0.241257,-0.512451,-0.381683
0.042877,0.448898,0.529861,0.200821,-0.299072,-0.575592,-0.398346
0.133789,0.680588,0.866806,0.553162,-0.026276,-0.441223,-0.420685
-0.028183,0.431030,0.609634,0.358780,-0.128128,-0.462128,-0.408249
-0.047180,0.335999,0.445114,0.174255,-0.274811,-0.529312,-0.359543
0.152496,0.677399,0.841949,0.507797,-0.087051,-0.506531,-0.475830
-0.061531,0.419304,0.610519,0.357521,-0.140289,-0.488029,-0.440918
-0.068001,0.345474,0.488510,0.232712,-0.229774,-0.526863,-0.439331
-0.065414,0.302162,0.370438,0.057175,-0.411438,-0.661842,-0.496773
-0.031380,0.430748,0.575111,0.290337,-0.206726,-0.526367,-0.444572
-0.056816,0.341080,0.448181,0.165558,-0.295166,-0.562187,-0.428246
-0.004448,0.398880,0.483032,0.167908,-0.315262,-0.590851,-0.453674
-0.012016,0.432442,0.566139,0.277634,-0.216293,-0.527939,-0.432365
-0.021187,0.412598,0.555260,0.285393,-0.192005,-0.499004,-0.413475
-0.027882,0.364937,0.470905,0.191074,-0.266895,-0.529236,-0.372112
0.118599,0.617504,0.769962,0.445328,-0.123482,-0.511295,-0.458969
-0.039864,0.434017,0.613464,0.352703,-0.145966,-0.488689,-0.438560
-0.079254,0.298267,0.397881,0.121529,-0.324196,-0.575373,-0.425730
0.018509,0.446970,0.552114,0.238247,-0.266150,-0.569611,-0.437599
0.040932,0.541452,0.710173,0.410448,-0.133673,-0.507766,-0.462349
-0.075480,0.347905,0.484169,0.213842,-0.258150,-0.553918,-0.458230
-0.080143,0.278879,0.339657,0.032642,-0.417082,-0.648769,-0.486640
-0.050528,0.366961,0.478824,0.192132,-0.277518,-0.553384,-0.428209
-0.008215,0.404040,0.506804,0.205233,-0.277209,-0.560867,-0.443413
-0.048644,0.312254,0.363169,0.048329,-0.398408,-0.613467,-0.404594
0.105167,0.591702,0.727026,0.405925,-0.136914,-0.492158,-0.411466
0.024019,0.498493,0.665825,0.385238,-0.128195,-0.475789,-0.415839
-0.023365,0.408496,0.561938,0.303737,-0.167972,-0.472262,-0.368428
0.071427,0.542411,0.702371,0.411545,-0.116920,-0.478434,-0.412745
0.013734,0.489051,0.655266,0.367714,-0.158476,-0.515776,-0.448837
-0.027948,0.440859,0.610395,0.336887,-0.172457,-0.519897,-0.457836
-0.056427,0.389175,0.547443,0.282310,-0.207005,-0.531666,-0.440193
0.001095,0.482300,0.652393,0.365761,-0.168312,-0.540260,-0.489777
-0.081284,0.379150,0.542358,0.267471,-0.239319,-0.579346,-0.518707
-0.148979,0.227158,0.313698,0.023422,-0.427292,-0.669724,-0.516289
-0.091713,0.290909,0.352615,0.028938,-0.441200,-0.694092,-0.555893
-0.155205,0.227203,0.328735,0.065041,-0.357391,-0.583534,-0.427635
-0.011375,0.358109,0.408745,0.082870,-0.383591,-0.621124,-0.443306
0.015175,0.430412,0.507805,0.177185,-0.318413,-0.602402,-0.496010
-0.128799,0.222389,0.307632,0.050259,-0.351257,-0.550812,-0.363693
0.103020,0.550808,0.673134,0.362598,-0.155117,-0.482533,-0.385010
0.053478,0.523109,0.689545,0.414902,-0.090694,-0.426620,-0.326796
0.148142,0.673409,0.865650,0.565771,-0.007820,-0.418947,-0.363367
0.117544,0.677052,0.893459,0.588223,-0.014120,-0.467407,-0.483866
-0.118263,0.326050,0.503559,0.263355,-0.204185,-0.511177,-0.405132
0.053524,0.550949,0.724415,0.424503,-0.131519,-0.522285,-0.468979
-0.025463,0.484322,0.680782,0.399757,-0.149265,-0.545792,-0.515762
-0.118744,0.340096,0.507591,0.237923,-0.263687,-0.600517,-0.525986
-0.123924,0.297920,0.418015,0.124840,-0.363914,-0.666512,-0.582458
-0.230530,0.103569,0.163124,-0.117737,-0.527855,-0.714417,-0.496819
-0.007706,0.424217,0.498611,0.150375,-0.364624,-0.652214,-0.512268
-0.085434,0.301376,0.358437,0.031136,-0.433807,-0.672760,-0.526619
-0.156143,0.143593,0.149551,-0.159996,-0.551655,-0.703327,-0.500965
-0.110924,0.216003,0.273308,0.012669,-0.362783,-0.523811,-0.315128
0.111425,0.440316,0.424340,0.052977,-0.411682,-0.598599,-0.323757
0.274796,0.835615,0.995678,0.644365,0.038347,-0.375618,-0.311134
0.165890,0.712753,0.928345,0.642799,0.071682,-0.344818,-0.296524
0.177155,0.729488,0.943661,0.640110,0.044312,-0.400547,-0.404755
-0.019218,0.447762,0.635021,0.382973,-0.110970,-0.453903,-0.392269
0.009682,0.455814,0.611668,0.335346,-0.169952,-0.499710,-0.379116
0.135941,0.699986,0.903305,0.575333,-0.049534,-0.520252,-0.551044
-0.216238,0.169254,0.284599,0.017990,-0.420017,-0.665483,-0.529701
-0.146056,0.191138,0.224444,-0.090243,-0.521186,-0.717645,-0.513763
-0.044087,0.393961,0.513497,0.218779,-0.269571,-0.561038,-0.423976
0.030256,0.459829,0.538731,0.192024,-0.324396,-0.617302,-0.496307
-0.103882,0.245914,0.289745,-0.019407,-0.447805,-0.652496,-0.509516
-0.197842,0.016289,-0.032280,-0.330402,-0.653095,-0.711998,-0.432369
0.002003,0.334751,0.373390,0.086426,-0.309258,-0.468857,-0.203102
0.369827,0.906219,1.045975,0.676483,0.058311,-0.358917,-0.278137
0.237495,0.826508,1.061378,0.758797,0.147331,-0.314034,-0.299461
0.160332,0.718445,0.947136,0.653084,0.053024,-0.397034,-0.373192
0.093849,0.658173,0.892044,0.605095,0.015007,-0.431999,-0.436378
-0.042213,0.438194,0.632904,0.373596,-0.141220,-0.500919,-0.429523
0.022144,0.533157,0.719116,0.418888,-0.151119,-0.551836,-0.482014
0.014977,0.588482,0.815842,0.514634,-0.093472,-0.558314,-0.596952
-0.276750,0.094282,0.199217,-0.065979,-0.494757,-0.727163,-0.592102
-0.225761,0.085506,0.106812,-0.202171,-0.611816,-0.773491,-0.512672
0.041740,0.560810,0.707870,0.371056,-0.203949,-0.590080,-0.526306
-0.113422,0.309376,0.407955,0.092491,-0.397850,-0.685402,-0.611832
-0.335709,-0.124565,-0.154583,-0.427471,-0.731003,-0.780678,-0.502632
-0.074703,0.248741,0.280132,-0.013023,-0.414833,-0.598061,-0.422106
-0.030897,0.317682,0.394474,0.134569,-0.258725,-0.438428,-0.192595
0.385982,0.953358,1.122831,0.758360,0.111946,-0.352800,-0.322038
0.158686,0.732654,0.967284,0.673259,0.070293,-0.384599,-0.365552
0.097712,0.661222,0.895269,0.608488,0.013687,-0.439943,-0.441121
-0.027183,0.477706,0.683967,0.418514,-0.114108,-0.496343,-0.457043
-0.048893,0.419016,0.590595,0.315207,-0.202835,-0.549122,-0.440990
0.067589,0.631081,0.837772,0.513149,-0.107410,-0.562134,-0.529221
-0.045361,0.535660,0.783157,0.500938,-0.093231,-0.557938,-0.612068
-0.316978,0.037964,0.149429,-0.098549,-0.512215,-0.725739,-0.516304
0.030167,0.577499,0.750610,0.408348,-0.203308,-0.630638,-0.563728
-0.053024,0.541901,0.787567,0.495712,-0.109970,-0.591934,-0.713943
-0.598389,-0.508224,-0.605331,-0.866486,-1.082169,-1.006653,-0.627960
-0.204773,-0.023712,-0.189026,-0.590103,-0.942505,-0.952682,-0.581764
-0.057892,0.331322,0.385872,0.083427,-0.344200,-0.555962,-0.414139
-0.062607,0.249584,0.315727,0.079460,-0.269897,-0.404108,-0.124924
0.466185,1.028385,1.183930,0.801742,0.140697,-0.328787,-0.293933
0.196702,0.779506,1.018980,0.723885,0.117899,-0.340967,-0.321960
0.143209,0.710556,0.950350,0.669254,0.079102,-0.376768,-0.395802
-0.019093,0.446953,0.632307,0.375444,-0.127178,-0.465033,-0.358328
0.144918,0.700188,0.897743,0.566990,-0.054773,-0.507766,-0.471192
0.015313,0.596984,0.841221,0.553803,-0.044549,-0.498760,-0.486833
-0.041348,0.498709,0.719305,0.434849,-0.139069,-0.567099,-0.573166
-0.213858,0.217400,0.382965,0.136806,-0.330761,-0.628967,-0.501503
-0.015755,0.504627,0.684238,0.373829,-0.201385,-0.607250,-0.561077
-0.118752,0.392792,0.595886,0.327316,-0.206429,-0.604408,-0.671516
-0.566032,-0.562012,-0.771812,-1.098717,-1.294540,-1.132919,-0.638611
-0.093056,0.208271,0.127907,-0.262287,-0.680130,-0.798153,-0.531189
-0.076157,0.291727,0.361286,0.091287,-0.306143,-0.499702,-0.346692
0.016888,0.340036,0.406275,0.149584,-0.230764,-0.394714,-0.135231
0.450027,1.016201,1.176662,0.797390,0.136307,-0.336143,-0.300323
0.193230,0.782822,1.030006,0.743523,0.143143,-0.315063,-0.300285
0.157761,0.719025,0.958641,0.682259,0.098724,-0.345703,-0.329971
0.119270,0.662041,0.874557,0.571335,-0.028038,-0.467636,-0.429512
0.048752,0.618347,0.848663,0.553314,-0.047043,-0.495426,-0.467957
0.003666,0.573521,0.813866,0.531384,-0.058167,-0.503654,-0.483084
-0.024151,0.530205,0.751291,0.452669,-0.144077,-0.584961,-0.549075
-0.073003,0.493459,0.721666,0.424241,-0.175219,-0.620739,-0.598232
-0.148106,0.394615,0.620796,0.348721,-0.211937,-0.628769,-0.612988
-0.214447,0.261536,0.454819,0.205841,-0.291878,-0.655121,-0.678040
-0.448685,-0.195969,-0.136940,-0.353813,-0.675102,-0.803909,-0.620865
-0.268494,0.023071,0.061981,-0.201241,-0.568466,-0.727180,-0.545464
-0.162201,0.171692,0.237854,-0.024742,-0.418732,-0.613739,-0.447502
-0.043465,0.329552,0.414932,0.130333,-0.311844,-0.541931,-0.327454
0.245468,0.823864,1.009159,0.653545,0.008110,-0.457603,-0.423878
0.064682,0.651310,0.900452,0.619839,0.026264,-0.428104,-0.423180
0.013401,0.549511,0.779861,0.518730,-0.034039,-0.447964,-0.409801
0.047020,0.586578,0.789085,0.474003,-0.134174,-0.576618,-0.534470
-0.044380,0.539871,0.785698,0.500843,-0.095940,-0.549564,-0.542908
-0.108498,0.424500,0.653740,0.395439,-0.150604,-0.561760,-0.554031
-0.175194,0.273445,0.437675,0.164795,-0.338043,-0.663383,-0.533501
-0.004341,0.572723,0.785065,0.464088,-0.155785,-0.609810,-0.576202
-0.092621,0.488121,0.735367,0.455818,-0.132759,-0.583130,-0.580086
-0.159012,0.358826,0.578911,0.321320,-0.215225,-0.628677,-0.691574
-0.480347,-0.222153,-0.144989,-0.344894,-0.660095,-0.791656,-0.606461
-0.235367,0.083542,0.138786,-0.127785,-0.518860,-0.704132,-0.533112
-0.147751,0.175514,0.208694,-0.089523,-0.496323,-0.662025,-0.381790
0.236771,0.831093,1.007751,0.630890,-0.032669,-0.504612,-0.465336
0.036545,0.633442,0.886906,0.604713,0.006653,-0.447281,-0.428249
0.035011,0.600479,0.842331,0.569157,-0.010208,-0.456348,-0.467682
-0.081379,0.389297,0.568508,0.290918,-0.233204,-0.586489,-0.478451
0.037851,0.612909,0.829109,0.513912,-0.099266,-0.551558,-0.518188
-0.036802,0.541754,0.786819,0.508045,-0.079784,-0.527468,-0.514929
-0.070786,0.470875,0.701853,0.432571,-0.129242,-0.547234,-0.508198
-0.043659,0.506485,0.719498,0.413853,-0.185936,-0.622993,-0.579403
-0.092762,0.485153,0.724705,0.436573,-0.158566,-0.607620,-0.601311
-0.176025,0.343063,0.563412,0.308033,-0.222404,-0.613201,-0.593109
-0.225452,0.183800,0.303158,0.009262,-0.478233,-0.767845,-0.634773
-0.170792,0.310463,0.473801,0.191238,-0.319241,-0.655087,-0.571754
-0.144367,0.323082,0.494225,0.231110,-0.264011,-0.597347,-0.534966
-0.173271,0.187099,0.257042,-0.037952,-0.477703,-0.690714,-0.454409
0.138205,0.729294,0.916437,0.557787,-0.090641,-0.557353,-0.530460
-0.059398,0.506005,0.747809,0.479480,-0.085300,-0.511121,-0.510124
-0.126247,0.337152,0.525760,0.279949,-0.209752,-0.551396,-0.499212
-0.121256,0.295258,0.430580,0.155422,-0.324278,-0.613026,-0.449825
0.095741,0.674400,0.880486,0.552326,-0.071747,-0.528000,-0.495632
-0.013290,0.567188,0.816105,0.542122,-0.043896,-0.493694,-0.495953
-0.085030,0.422737,0.640652,0.387726,-0.139317,-0.520897,-0.457508
0.014549,0.558464,0.761395,0.448681,-0.154213,-0.591419,-0.547009
-0.059559,0.519154,0.762421,0.480892,-0.106731,-0.555187,-0.557076
-0.149689,0.349709,0.560310,0.306992,-0.212616,-0.589752,-0.555149
-0.164333,0.283482,0.439083,0.158623,-0.348789,-0.686478,-0.616680
-0.224186,0.203819,0.353474,0.100342,-0.356552,-0.642223,-0.544334
-0.161121,0.212757,0.296082,0.005550,-0.441509,-0.682266,-0.531078
-0.123375,0.226910,0.258541,-0.067589,-0.508888,-0.708778,-0.496582
-0.001083,0.463516,0.589821,0.279335,-0.239296,-0.565651,-0.471954
-0.050911,0.397545,0.554733,0.295357,-0.178474,-0.485855,-0.405594
-0.038895,0.320572,0.392517,0.100464,-0.338348,-0.560211,-0.361023
0.155731,0.663849,0.814682,0.485504,-0.082947,-0.458679,-0.356293
0.165115,0.749130,0.976135,0.671616,0.065094,-0.393311,-0.403152
-0.008530,0.477203,0.680115,0.432831,-0.073990,-0.436508,-0.397217
-0.010574,0.432114,0.597260,0.341858,-0.143692,-0.461685,-0.342148
0.163071,0.713455,0.905197,0.572586,-0.049072,-0.500977,-0.473083
-0.009842,0.545853,0.780975,0.510880,-0.055634,-0.482208,-0.480011
-0.097885,0.355972,0.527298,0.268280,-0.221817,-0.553101,-0.481857
-0.079178,0.358917,0.501923,0.219727,-0.276718,-0.594757,-0.495758
-0.060654,0.405640,0.566818,0.290909,-0.212997,-0.550171,-0.485733
-0.106384,0.290024,0.400543,0.123276,-0.332153,-0.594879,-0.449860
0.002502,0.448792,0.570602,0.262527,-0.250793,-0.570908,-0.461258
-0.004883,0.479538,0.644058,0.351883,-0.177902,-0.538773,-0.480240
-0.078415,0.368576,0.531143,0.272247,-0.207977,-0.523621,-0.440796
-0.037369,0.392639,0.533524,0.261902,-0.218216,-0.516190,-0.368973
0.158783,0.722717,0.917130,0.582291,-0.040604,-0.495682,-0.480713
-0.045883,0.476761,0.693802,0.431198,-0.105423,-0.498459,-0.477676
-0.104477,0.323929,0.473953,0.212379,-0.261673,-0.558510,-0.425797
0.071983,0.608177,0.800514,0.491943,-0.093170,-0.514732,-0.464584
0.015831,0.578773,0.801529,0.501625,-0.098358,-0.545380,-0.530235
-0.094246,0.433479,0.655537,0.392067,-0.151279,-0.552925,-0.531872
-0.145699,0.292637,0.436886,0.153971,-0.345135,-0.666779,-0.570347
-0.135841,0.327921,0.485641,0.204346,-0.301950,-0.635608,-0.565732
-0.192698,0.174029,0.243435,-0.058923,-0.504994,-0.731096,-0.553656
-0.114080,0.262905,0.302423,-0.038347,-0.507836,-0.734681,-0.530631
-0.026607,0.451335,0.582070,0.265234,-0.259686,-0.587391,-0.482327
-0.033422,0.444592,0.610555,0.331552,-0.179329,-0.523408,-0.462899
-0.072794,0.356728,0.508837,0.254206,-0.211029,-0.504991,-0.378224
0.102912,0.618701,0.798631,0.493400,-0.077674,-0.480435,-0.418508
0.060885,0.614994,0.829965,0.530151,-0.059973,-0.498215,-0.489020
-0.080421,0.411373,0.611505,0.354637,-0.158728,-0.520895,-0.457802
-0.020214,0.476854,0.663651,0.379889,-0.163059,-0.542820,-0.464928
0.026386,0.584496,0.794651,0.483231,-0.120338,-0.565056,-0.551525
-0.126904,0.384678,0.595634,0.335823,-0.193146,-0.576637,-0.545403
-0.157928,0.288536,0.452553,0.191177,-0.297333,-0.623131,-0.543518
-0.130562,0.317703,0.470810,0.194717,-0.304474,-0.633041,-0.540550
-0.101158,0.373291,0.532806,0.242546,-0.280449,-0.630661,-0.568405
-0.191193,0.190407,0.276512,-0.019081,-0.470169,-0.710037,-0.542336
-0.087990,0.338776,0.436394,0.121933,-0.374252,-0.671516,-0.580215
-0.216225,0.149353,0.257668,0.015343,-0.382973,-0.592049,-0.422173
0.025513,0.459343,0.580551,0.284546,-0.212906,-0.523155,-0.406670
0.057442,0.551491,0.724541,0.433983,-0.103989,-0.469059,-0.376625
0.124203,0.688797,0.907310,0.601231,-0.005856,-0.464817,-0.472256
-0.072327,0.417713,0.615128,0.353615,-0.164352,-0.529129,-0.480335
-0.087193,0.346325,0.487740,0.211777,-0.274590,-0.573856,-0.424011
0.110268,0.683598,0.889286,0.564640,-0.054981,-0.511707,-0.483715
-0.010593,0.557819,0.789902,0.499237,-0.092560,-0.540264,-0.546303
-0.162552,0.296814,0.470695,0.210304,-0.281143,-0.605949,-0.513634
-0.073456,0.399826,0.556221,0.260918,-0.266113,-0.620316,-0.550293
-0.129265,0.337746,0.507469,0.237083,-0.266212,-0.603745,-0.523056
-0.095375,0.369431,0.524277,0.237190,-0.277771,-0.618073,-0.540123
-0.129807,0.301201,0.427444,0.137436,-0.351120,-0.660362,-0.595581
-0.281303,0.010620,0.048897,-0.218849,-0.587631,-0.736160,-0.535564
-0.143360,0.161301,0.171162,-0.135502,-0.528210,-0.669205,-0.411348
0.082495,0.484903,0.521257,0.158764,-0.342045,-0.586276,-0.348696
0.264698,0.881238,1.095531,0.754968,0.109781,-0.368395,-0.354845
0.115665,0.688307,0.930420,0.645767,0.050140,-0.410172,-0.429695
-0.050541,0.419891,0.613499,0.362862,-0.136517,-0.477993,-0.380730
0.105347,0.646542,0.848713,0.542072,-0.047985,-0.477371,-0.432060
0.048450,0.618313,0.850845,0.559647,-0.039528,-0.489670,-0.467854
-0.001831,0.561501,0.795383,0.510408,-0.076729,-0.519821,-0.522264
-0.125193,0.357140,0.552786,0.294414,-0.217503,-0.577250,-0.515657
-0.090290,0.388823,0.565650,0.287653,-0.237850,-0.593479,-0.493622
0.013601,0.580644,0.793787,0.475566,-0.143530,-0.610468,-0.639456
-0.300894,0.092237,0.215168,-0.044899,-0.482269,-0.731976,-0.609177
-0.240337,0.083179,0.118572,-0.183289,-0.595650,-0.783451,-0.616879
-0.253490,0.045094,0.078247,-0.192625,-0.559626,-0.697605,-0.457265
0.002628,0.359689,0.363825,0.000681,-0.464616,-0.656062,-0.377887
0.240578,0.830898,1.012381,0.658850,0.030130,-0.411215,-0.360188
0.135742,0.717945,0.957806,0.667015,0.067253,-0.388371,-0.372002
0.087631,0.645596,0.875126,0.584846,-0.011463,-0.461700,-0.447792
-0.003284,0.534824,0.756413,0.477818,-0.088345,-0.501862,-0.449615
0.031910,0.597900,0.826603,0.530630,-0.069361,-0.518354,-0.492468
-0.022406,0.543953,0.776932,0.483252,-0.118366,-0.567988,-0.543692
-0.085941,0.450651,0.649266,0.348899,-0.222216,-0.623042,-0.568942
-0.118765,0.400560,0.604537,0.329020,-0.214540,-0.596853,-0.518553
-0.024872,0.541451,0.759747,0.451519,-0.157673,-0.608932,-0.577465
-0.097954,0.477779,0.719082,0.432678,-0.159771,-0.614944,-0.651810
-0.341553,0.011818,0.102188,-0.168633,-0.589294,-0.812668,-0.695007
-0.393753,-0.172333,-0.206818,-0.493889,-0.816345,-0.872063,-0.552139
-0.019234,0.427750,0.519028,0.188499,-0.324589,-0.622986,-0.472271
0.030655,0.547539,0.720749,0.417664,-0.128815,-0.493523,-0.399750
0.090691,0.638159,0.844595,0.546089,-0.034929,-0.455364,-0.405092
0.075445,0.639473,0.862316,0.560532,-0.045219,-0.496998,-0.468010
0.007071,0.578400,0.816298,0.531393,-0.057632,-0.495762,-0.464972
0.003109,0.564569,0.795622,0.508820,-0.080128,-0.520132,-0.492168
-0.026890,0.531803,0.761093,0.470596,-0.123959,-0.568535,-0.540215
-0.069687,0.497135,0.731564,0.442253,-0.154053,-0.602314,-0.584473
-0.135067,0.407909,0.633369,0.361557,-0.196892,-0.606651,-0.574104
-0.144310,0.362640,0.562164,0.287132,-0.253983,-0.633873,-0.554146
-0.059044,0.505760,0.722557,0.411880,-0.198761,-0.647545,-0.612640
-0.128738,0.450371,0.690132,0.402214,-0.192703,-0.656181,-0.739357
-0.543335,-0.336334,-0.335266,-0.579277,-0.870773,-0.922180,-0.637032
-0.181541,0.180946,0.235413,-0.065147,-0.499672,-0.717270,-0.547020
-0.115547,0.295395,0.408600,0.133011,-0.323669,-0.576920,-0.382450
0.183346,0.768360,0.968033,0.628628,-0.005627,-0.468071,-0.437943
0.046082,0.627239,0.870964,0.584011,-0.015839,-0.468607,-0.447443
0.019884,0.587433,0.825491,0.538790,-0.055923,-0.502617,-0.476406
-0.006026,0.561622,0.799782,0.517091,-0.068760,-0.505696,-0.474699
-0.007389,0.552334,0.781667,0.491209,-0.101357,-0.542991,-0.512734
-0.043224,0.519661,0.748226,0.453107,-0.147003,-0.593174,-0.560572
-0.080915,0.495935,0.739317,0.456928,-0.134476,-0.581785,-0.557150
-0.088318,0.476830,0.711552,0.422539,-0.170544,-0.613651,-0.580936
-0.106052,0.465096,0.698929,0.404152,-0.196587,-0.645329,-0.612331
-0.130325,0.450813,0.696499,0.414444,-0.179550,-0.627464,-0.606354
-0.164448,0.343765,0.512321,0.194885,-0.368698,-0.756187,-0.730843
-0.390190,-0.020363,0.095116,-0.145943,-0.547867,-0.756584,-0.569725
-0.089565,0.380363,0.519772,0.211540,-0.316563,-0.659134,-0.568790
-0.126644,0.355427,0.529331,0.260162,-0.240963,-0.565601,-0.438950
0.081146,0.648237,0.853607,0.530603,-0.085428,-0.536640,-0.502207
-0.021723,0.553009,0.790379,0.498116,-0.102098,-0.551310,-0.522702
-0.047987,0.525915,0.769301,0.487888,-0.102552,-0.547937,-0.522375
-0.055561,0.508561,0.743236,0.457101,-0.130202,-0.566614,-0.532158
-0.060436,0.502690,0.728567,0.428834,-0.171939,-0.616808,-0.579983
-0.096140,0.482908,0.725540,0.440456,-0.153613,-0.600634,-0.572779
-0.099779,0.469503,0.707344,0.424351,-0.160810,-0.596071,-0.561447
-0.090530,0.471802,0.699825,0.406132,-0.190607,-0.633430,-0.598480
-0.119423,0.452932,0.690893,0.401184,-0.195511,-0.640240,-0.608158
-0.129986,0.446377,0.692215,0.414219,-0.173801,-0.635334,-0.699974
-0.441654,-0.136799,-0.058338,-0.296993,-0.659397,-0.806480,-0.544872
0.020092,0.556459,0.710890,0.359898,-0.243805,-0.655434,-0.580782
-0.082895,0.488581,0.720781,0.440010,-0.136116,-0.565359,-0.552119
-0.141457,0.348485,0.542884,0.279372,-0.237636,-0.590707,-0.500035
-0.020467,0.513319,0.709146,0.401122,-0.183445,-0.598584,-0.540114
-0.055340,0.509001,0.738031,0.450212,-0.133875,-0.570030,-0.558758
-0.148088,0.348696,0.554758,0.302799,-0.208622,-0.563972,-0.471661
0.025158,0.584812,0.792591,0.474918,-0.139736,-0.589573,-0.551815
-0.063145,0.521656,0.767052,0.480797,-0.117371,-0.567482,-0.541714
-0.067860,0.507149,0.752609,0.473251,-0.115147,-0.560463,-0.534828
-0.068916,0.494312,0.725174,0.435265,-0.154797,-0.591011,-0.552448
-0.074699,0.492443,0.722305,0.424568,-0.176182,-0.621025,-0.584175
-0.101280,0.478779,0.723392,0.441246,-0.151867,-0.596962,-0.570126
-0.098137,0.473068,0.718678,0.445332,-0.137108,-0.583351,-0.588905
-0.190022,0.295090,0.485687,0.210606,-0.321762,-0.687111,-0.593941
-0.093330,0.471085,0.691406,0.392033,-0.201540,-0.639273,-0.619787
-0.189251,0.327225,0.544014,0.288036,-0.238108,-0.620739,-0.593533
-0.213943,0.223732,0.381989,0.120773,-0.358780,-0.658119,-0.513214
0.011299,0.573017,0.771118,0.445808,-0.165657,-0.608433,-0.578320
-0.122612,0.420750,0.648537,0.383911,-0.165466,-0.572102,-0.554043
-0.161064,0.305496,0.495293,0.251640,-0.234943,-0.561775,-0.450966
0.049522,0.600121,0.792088,0.458740,-0.161667,-0.608421,-0.560760
-0.063263,0.527359,0.776573,0.493118,-0.103256,-0.552559,-0.528931
-0.060127,0.510849,0.756226,0.481667,-0.100021,-0.540649,-0.517204
-0.057373,0.494942,0.714020,0.413406,-0.184326,-0.621304,-0.578606
-0.090900,0.488071,0.727695,0.437679,-0.159328,-0.605350,-0.573574
-0.096687,0.479370,0.722950,0.443687,-0.143639,-0.585934,-0.559254
-0.093285,0.466103,0.691212,0.394627,-0.202042,-0.638939,-0.597134
-0.112267,0.464874,0.700733,0.407967,-0.190781,-0.635597,-0.600666
-0.119675,0.457527,0.702240,0.420198,-0.169878,-0.619774,-0.618202
-0.203466,0.305170,0.523958,0.274851,-0.243509,-0.623310,-0.599155
-0.226500,0.202356,0.350901,0.082018,-0.403170,-0.712969,-0.606745
-0.166437,0.302099,0.464556,0.186005,-0.319525,-0.654371,-0.573954
-0.155313,0.301516,0.467999,0.207104,-0.277996,-0.601402,-0.531139
-0.161629,0.211365,0.289906,-0.011223,-0.469753,-0.699417,-0.468868
0.129761,0.732670,0.936409,0.588341,-0.056442,-0.525414,-0.494896
-0.005600,0.583717,0.836510,0.559525,-0.031418,-0.479271,-0.459091
0.002380,0.567062,0.808144,0.534195,-0.045914,-0.486938,-0.465851
-0.010315,0.538719,0.756485,0.455551,-0.140564,-0.576912,-0.533600
-0.048225,0.529411,0.769653,0.483177,-0.110329,-0.555824,-0.527435
-0.056839,0.512978,0.755249,0.479568,-0.103241,-0.549850,-0.552841
-0.150452,0.338127,0.529228,0.252686,-0.281136,-0.645981,-0.547432
-0.034668,0.542763,0.767181,0.459152,-0.148857,-0.599930,-0.575111
-0.112934,0.444649,0.682621,0.412457,-0.155106,-0.583675,-0.581482
-0.193481,0.276943,0.470570,0.222904,-0.270580,-0.613033,-0.539181
-0.105572,0.374878,0.540337,0.242287,-0.301125,-0.670582,-0.603947
-0.168686,0.321217,0.507771,0.242344,-0.268738,-0.620815,-0.564312
-0.168392,0.274715,0.437370,0.184410,-0.288925,-0.601643,-0.524696
-0.134895,0.280663,0.409180,0.133141,-0.340591,-0.620495,-0.449505
0.102802,0.684231,0.889156,0.556915,-0.070229,-0.528542,-0.496269
-0.012062,0.571236,0.821976,0.548813,-0.036385,-0.488304,-0.497551
-0.098434,0.395683,0.604965,0.355202,-0.159904,-0.526733,-0.450676
0.031006,0.577614,0.779305,0.459503,-0.151394,-0.595554,-0.552174
-0.061836,0.523640,0.773613,0.494820,-0.094978,-0.541683,-0.520359
-0.057743,0.505146,0.744461,0.468784,-0.113041,-0.559654,-0.565578
-0.168045,0.316704,0.506943,0.236380,-0.289560,-0.646591,-0.544209
-0.032522,0.541878,0.763296,0.455233,-0.151846,-0.606872,-0.609408
-0.205580,0.289319,0.497427,0.252389,-0.252170,-0.613410,-0.579657
-0.227766,0.142431,0.234812,-0.045757,-0.487819,-0.720693,-0.528479
-0.002980,0.523581,0.688808,0.359259,-0.225149,-0.629380,-0.584513
-0.161061,0.325932,0.518389,0.265651,-0.232866,-0.577382,-0.522180
-0.137324,0.292865,0.447598,0.195576,-0.269995,-0.562327,-0.417334
0.105305,0.662216,0.851637,0.513809,-0.110075,-0.557344,-0.513144
-0.020048,0.566204,0.814009,0.533060,-0.056927,-0.503822,-0.481716
-0.020287,0.539471,0.775677,0.495935,-0.087967,-0.526875,-0.502710
-0.042168,0.509879,0.726729,0.424888,-0.173090,-0.609330,-0.564932
-0.077495,0.500229,0.740571,0.453215,-0.140179,-0.583602,-0.554137
-0.083451,0.485488,0.726892,0.448405,-0.136201,-0.576777,-0.553280
-0.090462,0.470682,0.710226,0.435755,-0.142914,-0.589329,-0.612629
-0.254765,0.184834,0.355736,0.102177,-0.379555,-0.698624,-0.615261
-0.206394,0.232952,0.381138,0.111900,-0.367790,-0.675072,-0.589798
-0.219082,0.137539,0.198895,-0.100697,-0.537182,-0.749874,-0.554260
-0.086914,0.321491,0.374557,0.016926,-0.491741,-0.757406,-0.584007
-0.093744,0.394011,0.554007,0.273984,-0.226181,-0.551822,-0.473038
-0.079473,0.334924,0.462284,0.190949,-0.272273,-0.552512,-0.438507
-0.037391,0.346395,0.426821,0.123634,-0.335005,-0.571632,-0.355816
0.224293,0.810791,1.002159,0.649639,0.008247,-0.453465,-0.417721
0.070881,0.655594,0.903816,0.624245,0.033653,-0.417763,-0.416740
0.003273,0.521988,0.741943,0.484192,-0.053505,-0.446640,-0.392754
0.073792,0.615158,0.815552,0.500328,-0.103119,-0.539902,-0.494095
-0.007233,0.570892,0.812592,0.529503,-0.061623,-0.508675,-0.502346
-0.076077,0.443966,0.661339,0.397137,-0.144985,-0.545418,-0.523163
-0.132870,0.316376,0.474365,0.200176,-0.300053,-0.628681,-0.527451
-0.065739,0.435711,0.612204,0.316288,-0.230879,-0.610903,-0.565491
-0.168846,0.274984,0.428589,0.163731,-0.316505,-0.625317,-0.536680
-0.147993,0.237167,0.325808,0.029799,-0.427574,-0.680510,-0.528688
-0.080324,0.363960,0.493584,0.200075,-0.294886,-0.600712,-0.487637
-0.042515,0.425894,0.584295,0.304638,-0.202978,-0.540892,-0.473291
-0.079090,0.348633,0.494080,0.232845,-0.235020,-0.521820,-0.371349
0.153774,0.714123,0.912800,0.590969,-0.020981,-0.470112,-0.439484
0.032337,0.597500,0.828308,0.538330,-0.050838,-0.488132,-0.456520
0.011398,0.572699,0.804567,0.521502,-0.062771,-0.501070,-0.475332
-0.014210,0.542313,0.774336,0.492403,-0.091716,-0.531815,-0.507855
-0.049465,0.502401,0.723957,0.429708,-0.159770,-0.594426,-0.565063
-0.112055,0.429607,0.651806,0.374805,-0.189762,-0.607540,-0.593681
-0.200951,0.258537,0.429607,0.165459,-0.330677,-0.665005,-0.597744
-0.221436,0.160255,0.245476,-0.053917,-0.515602,-0.765961,-0.597900
-0.119766,0.349136,0.485580,0.177353,-0.343918,-0.675797,-0.593414
-0.206032,0.172966,0.250618,-0.045517,-0.489334,-0.714180,-0.531590
-0.074223,0.336990,0.412361,0.082687,-0.409027,-0.679390,-0.532146
-0.089291,0.335861,0.446537,0.152809,-0.319897,-0.590971,-0.462023
-0.064650,0.290043,0.331882,0.010007,-0.433930,-0.634490,-0.404411
0.119526,0.591785,0.686597,0.330242,-0.218221,-0.538008,-0.372374
0.196102,0.801350,1.028879,0.711205,0.084801,-0.386482,-0.373909
0.088802,0.652740,0.886234,0.595982,0.001644,-0.447617,-0.437626
-0.005787,0.519764,0.742588,0.481815,-0.060825,-0.455921,-0.399101
0.075230,0.629200,0.849895,0.554771,-0.040474,-0.485744,-0.461060
0.003902,0.561298,0.788322,0.495577,-0.094376,-0.538301,-0.540592
-0.149225,0.317691,0.499046,0.242146,-0.253655,-0.589617,-0.520078
-0.125901,0.280322,0.381034,0.075496,-0.410857,-0.701301,-0.608127
-0.272548,0.010203,0.010098,-0.297626,-0.680619,-0.808059,-0.536751
-0.030536,0.387077,0.443396,0.093860,-0.403865,-0.664562,-0.492114
-0.024292,0.403131,0.487720,0.159355,-0.335958,-0.617712,-0.505199
-0.138754,0.188234,0.232910,-0.053913,-0.452366,-0.621525,-0.395493
0.083420,0.497398,0.565731,0.228073,-0.267670,-0.536186,-0.383224
0.051605,0.440460,0.497574,0.170303,-0.295609,-0.519920,-0.278229
0.326523,0.931572,1.135437,0.789421,0.144691,-0.332062,-0.316139
0.153793,0.724876,0.965446,0.681206,0.086960,-0.366127,-0.355064
0.091499,0.636513,0.860039,0.576515,-0.002357,-0.431412,-0.394569
0.076569,0.638115,0.867294,0.576668,-0.018036,-0.463745,-0.439499
0.025024,0.587845,0.821213,0.533775,-0.058739,-0.506187,-0.483650
-0.018860,0.542271,0.773979,0.488804,-0.096577,-0.537922,-0.529844
-0.114534,0.386845,0.589642,0.321748,-0.213281,-0.603742,-0.597968
-0.279657,0.058251,0.131346,-0.146832,-0.565027,-0.769356,-0.565453
-0.062546,0.424063,0.568268,0.253067,-0.291718,-0.651798,-0.587589
-0.200638,0.189648,0.275558,-0.025101,-0.483166,-0.726036,-0.568142
-0.137188,0.261528,0.346016,0.042965,-0.420414,-0.685162,-0.588985
-0.263134,0.047089,0.123024,-0.108395,-0.462681,-0.618351,-0.410198
0.024628,0.381264,0.404503,0.058331,-0.408712,-0.619474,-0.374119
0.207920,0.768990,0.939075,0.594770,-0.013083,-0.431787,-0.363206
0.139376,0.720353,0.953144,0.654367,0.046697,-0.409925,-0.392587
0.069964,0.631797,0.865160,0.577708,-0.012871,-0.453524,-0.425240
0.040350,0.598360,0.823061,0.528984,-0.066200,-0.507500,-0.475945
-0.004173,0.560944,0.794643,0.506561,-0.086586,-0.532703,-0.506889
-0.040813,0.519653,0.747772,0.452217,-0.147354,-0.599831,-0.594955
-0.177925,0.322243,0.519936,0.251884,-0.269623,-0.630074,-0.563316
-0.136726,0.326035,0.474937,0.177109,-0.345581,-0.687653,-0.604630
-0.175583,0.291565,0.457520,0.184387,-0.319672,-0.646225,-0.519516
0.005539,0.577560,0.788788,0.468689,-0.144470,-0.599655,-0.601379
-0.202606,0.281418,0.480713,0.232803,-0.266785,-0.617249,-0.563034
-0.166473,0.278259,0.435684,0.167770,-0.325256,-0.642822,-0.511108
0.011078,0.579269,0.783798,0.456055,-0.168564,-0.632172,-0.637360
-0.243958,0.222046,0.396667,0.135056,-0.350754,-0.656281,-0.512634
0.018448,0.591553,0.798981,0.476074,-0.140823,-0.593872,-0.562210
-0.083496,0.489487,0.725128,0.433136,-0.167801,-0.616730,-0.588806
-0.112808,0.460419,0.702179,0.422089,-0.161179,-0.596512,-0.563904
-0.095978,0.463409,0.693390,0.405533,-0.181503,-0.618622,-0.586807
-0.117706,0.443817,0.672989,0.381424,-0.213211,-0.655884,-0.622757
-0.147446,0.423172,0.659393,0.369919,-0.226532,-0.677841,-0.678650
-0.278961,0.197205,0.376007,0.108795,-0.393280,-0.732513,-0.686707
-0.365845,-0.059570,-0.026566,-0.318100,-0.714340,-0.870514,-0.617920
-0.084320,0.410217,0.547653,0.223785,-0.322739,-0.677704,-0.597687
-0.190170,0.216568,0.310974,0.007980,-0.456314,-0.701447,-0.523346
-0.031357,0.457123,0.612946,0.314133,-0.212479,-0.558456,-0.464676
-0.002533,0.503235,0.683990,0.389374,-0.162392,-0.544044,-0.471939
-0.003937,0.526207,0.731110,0.444771,-0.116356,-0.513168,-0.442413
0.054527,0.627975,0.855263,0.553986,-0.050285,-0.498650,-0.469204
0.006332,0.578106,0.816452,0.527103,-0.069252,-0.518547,-0.491009
-0.019310,0.550625,0.788124,0.499893,-0.097301,-0.544495,-0.515846
-0.042067,0.529930,0.769476,0.487188,-0.098261,-0.535770,-0.505337
-0.039558,0.519629,0.748436,0.459417,-0.129768,-0.568045,-0.533484
-0.059704,0.506437,0.736279,0.440472,-0.160318,-0.606184,-0.572300
-0.091373,0.486738,0.731371,0.450224,-0.141903,-0.612389,-0.721064
-0.579615,-0.446204,-0.502422,-0.752386,-0.995071,-0.970741,-0.628127
-0.183078,0.090943,0.038229,-0.310884,-0.701685,-0.810490,-0.519741
0.000851,0.447353,0.553776,0.248009,-0.237617,-0.516632,-0.368210
0.101173,0.562355,0.684273,0.365524,-0.154472,-0.478287,-0.386963
0.020966,0.448608,0.590042,0.325806,-0.139206,-0.423172,-0.287506
0.191711,0.693848,0.859268,0.548447,-0.015488,-0.406296,-0.350113
0.088409,0.589325,0.782852,0.512573,-0.016052,-0.381653,-0.291702
0.205673,0.766846,0.976074,0.657867,0.042664,-0.409698,-0.376434
0.104828,0.680298,0.916443,0.621002,0.016632,-0.437683,-0.412201
0.062317,0.637024,0.882141,0.602417,0.009735,-0.439850,-0.420410
0.042267,0.602295,0.832886,0.544647,-0.043793,-0.482300,-0.449936
0.020660,0.581696,0.806473,0.508560,-0.093353,-0.540344,-0.507584
-0.030701,0.543381,0.784027,0.496964,-0.098114,-0.547104,-0.522186
-0.052109,0.518173,0.758957,0.478867,-0.110245,-0.578751,-0.689362
-0.540070,-0.378387,-0.397812,-0.628906,-0.887100,-0.892807,-0.539917
0.011963,0.465073,0.551651,0.204758,-0.329437,-0.646790,-0.519745
-0.049057,0.446640,0.622314,0.345123,-0.171783,-0.520859,-0.452591
-0.038208,0.420242,0.584412,0.315353,-0.177872,-0.495651,-0.364166
0.154831,0.716934,0.912460,0.575790,-0.052826,-0.509659,-0.472031
0.018463,0.604095,0.850296,0.563843,-0.034531,-0.487793,-0.466141
0.000702,0.569733,0.814148,0.538620,-0.045998,-0.490501,-0.470909
-0.015877,0.534607,0.752838,0.449432,-0.154007,-0.599564,-0.560501
-0.074440,0.505829,0.747711,0.457001,-0.144608,-0.596161,-0.567921
-0.091606,0.484863,0.729824,0.449001,-0.142807,-0.590511,-0.566267
-0.098801,0.465000,0.697409,0.408059,-0.183398,-0.621965,-0.586706
-0.111251,0.456559,0.686107,0.390016,-0.211046,-0.656197,-0.621599
-0.139954,0.436920,0.680336,0.395061,-0.199192,-0.646389,-0.618702
-0.146839,0.427185,0.673637,0.398209,-0.189224,-0.659935,-0.763939
-0.568054,-0.303558,-0.208420,-0.389511,-0.691940,-0.819626,-0.634499
-0.262489,0.056358,0.109589,-0.163857,-0.562706,-0.752747,-0.573753
-0.150215,0.243111,0.346672,0.072289,-0.372459,-0.612892,-0.410599
0.154160,0.731316,0.919304,0.566368,-0.075417,-0.535545,-0.495300
-0.000275,0.586914,0.830765,0.540031,-0.063560,-0.515137,-0.489868
-0.016502,0.556053,0.797127,0.514389,-0.076385,-0.522110,-0.500793
-0.043068,0.508133,0.733917,0.447762,-0.132721,-0.558472,-0.514435
-0.037125,0.526657,0.749268,0.447273,-0.156715,-0.600876,-0.564316
-0.080750,0.497055,0.738449,0.451157,-0.144127,-0.590393,-0.563744
-0.090965,0.481018,0.726425,0.450920,-0.131699,-0.574219,-0.551674
-0.092728,0.459702,0.679871,0.379364,-0.218254,-0.656090,-0.613266
-0.126404,0.452713,0.691521,0.401665,-0.195175,-0.641022,-0.610062
-0.133957,0.441330,0.685120,0.407043,-0.181046,-0.625061,-0.608887
-0.163071,0.374405,0.588547,0.296753,-0.282471,-0.716721,-0.744537
-0.434113,-0.059067,0.085999,-0.127686,-0.521057,-0.745697,-0.604904
-0.192856,0.215485,0.332932,0.056686,-0.407471,-0.687653,-0.575500
-0.176224,0.214569,0.310730,0.026093,-0.424896,-0.663696,-0.453926
0.121185,0.704697,0.894104,0.538673,-0.110466,-0.576904,-0.538017
-0.037491,0.560036,0.815109,0.532562,-0.066811,-0.521057,-0.500366
-0.030579,0.542351,0.789658,0.516998,-0.065742,-0.508385,-0.487930
-0.029106,0.523186,0.742226,0.440605,-0.157158,-0.596115,-0.552460
-0.065765,0.513180,0.752773,0.461746,-0.136265,-0.583282,-0.552502
-0.076603,0.498474,0.742054,0.462791,-0.124538,-0.567818,-0.542114
-0.077114,0.481308,0.706436,0.407913,-0.188725,-0.627544,-0.585697
-0.100784,0.476395,0.713272,0.419556,-0.179157,-0.624916,-0.591896
-0.111828,0.464458,0.708263,0.425327,-0.166618,-0.615440,-0.610847
-0.189209,0.327240,0.548874,0.295753,-0.233421,-0.623940,-0.609428
-0.247307,0.174049,0.322975,0.060337,-0.412800,-0.709682,-0.588707
-0.129879,0.357002,0.523956,0.234230,-0.293125,-0.648624,-0.575974
-0.145504,0.332817,0.513748,0.251545,-0.249512,-0.592636,-0.533123
-0.153761,0.246574,0.352201,0.057396,-0.417342,-0.678699,-0.479558
0.097720,0.693150,0.900224,0.561325,-0.076320,-0.542117,-0.510413
-0.021891,0.565690,0.818718,0.541967,-0.047768,-0.498322,-0.489607
-0.051210,0.485729,0.713005,0.446886,-0.109840,-0.520840,-0.473904
-0.003498,0.549526,0.762455,0.455750,-0.146080,-0.585163,-0.542606
-0.055046,0.524750,0.765186,0.477921,-0.117340,-0.562614,-0.534012
-0.062229,0.509743,0.755131,0.480583,-0.103054,-0.548534,-0.543571
-0.119629,0.393234,0.594715,0.308910,-0.248741,-0.641106,-0.562019
-0.057789,0.520950,0.749596,0.447720,-0.158104,-0.610916,-0.602467
-0.173103,0.349041,0.571445,0.317123,-0.212269,-0.601051,-0.577991
-0.202515,0.227180,0.381435,0.125042,-0.344849,-0.651218,-0.576759
-0.208950,0.177017,0.289902,0.020855,-0.427380,-0.687866,-0.552311
-0.120064,0.317047,0.454220,0.177963,-0.301853,-0.602444,-0.508591
-0.132309,0.224922,0.283936,-0.021889,-0.462608,-0.678535,-0.485153
-0.000504,0.463120,0.594315,0.286728,-0.229042,-0.542793,-0.387779
0.162361,0.750427,0.962891,0.636154,0.009567,-0.452118,-0.431976
0.030441,0.591156,0.831238,0.563141,-0.003387,-0.434845,-0.437485
-0.057236,0.401581,0.583694,0.335342,-0.152008,-0.478622,-0.368607
0.129150,0.676041,0.864319,0.529266,-0.093826,-0.542252,-0.499222
-0.003357,0.586594,0.838058,0.559769,-0.032471,-0.485519,-0.485138
-0.061829,0.460175,0.682404,0.423981,-0.114365,-0.513977,-0.488983
-0.083282,0.390030,0.564026,0.279327,-0.250870,-0.606262,-0.497375
0.020737,0.598572,0.820465,0.510895,-0.099625,-0.553192,-0.540619
-0.099365,0.436493,0.663696,0.401413,-0.145638,-0.551933,-0.534515
-0.138268,0.334465,0.526459,0.278137,-0.218925,-0.582520,-0.599922
-0.352432,-0.074921,-0.000130,-0.221916,-0.567619,-0.722588,-0.540085
-0.152138,0.175644,0.218185,-0.075638,-0.487854,-0.679443,-0.492218
-0.080070,0.254105,0.270744,-0.055595,-0.482452,-0.650452,-0.360779
0.271042,0.876541,1.057434,0.680847,0.013657,-0.462875,-0.427170
0.071152,0.668442,0.925217,0.649216,0.057297,-0.393494,-0.379166
0.076492,0.632477,0.868820,0.593124,0.015152,-0.423737,-0.411301
0.024918,0.556763,0.781891,0.516586,-0.039352,-0.454468,-0.419434
0.035263,0.574677,0.779961,0.470573,-0.130013,-0.568848,-0.527992
-0.043106,0.534042,0.774788,0.490761,-0.102280,-0.552193,-0.544785
-0.113533,0.415359,0.643463,0.387932,-0.152428,-0.549156,-0.497845
-0.029934,0.513786,0.718479,0.405567,-0.196537,-0.636868,-0.605305
-0.149134,0.394691,0.620014,0.348067,-0.208558,-0.621397,-0.605567
-0.208931,0.263217,0.454645,0.207734,-0.284024,-0.627694,-0.574577
-0.192755,0.229553,0.373558,0.108963,-0.365145,-0.669830,-0.575146
-0.166786,0.256420,0.377876,0.086056,-0.402332,-0.700653,-0.594776
-0.201691,0.165375,0.223400,-0.089256,-0.535763,-0.749592,-0.542416
-0.054817,0.378529,0.455322,0.112400,-0.395374,-0.667011,-0.462429
0.124142,0.725845,0.931318,0.587902,-0.052275,-0.516676,-0.484570
0.002396,0.586475,0.833101,0.552937,-0.038231,-0.490208,-0.494621
-0.087788,0.413979,0.626919,0.377861,-0.139488,-0.507561,-0.434696
0.040886,0.581459,0.776188,0.453396,-0.155582,-0.592960,-0.544807
-0.052673,0.529697,0.773663,0.489895,-0.102882,-0.551559,-0.541950
-0.105595,0.427387,0.654648,0.393410,-0.153595,-0.558853,-0.522827
-0.082764,0.440216,0.651711,0.376801,-0.177879,-0.581963,-0.530121
-0.057770,0.494255,0.708160,0.405357,-0.189659,-0.627853,-0.601013
-0.152451,0.383835,0.605598,0.334030,-0.219292,-0.626900,-0.606857
-0.208008,0.260483,0.443405,0.184143,-0.315933,-0.666855,-0.643387
-0.341705,-0.040787,0.000565,-0.279755,-0.668808,-0.826660,-0.583527
-0.069107,0.406464,0.534851,0.217651,-0.309570,-0.646393,-0.565002
-0.173721,0.214989,0.307152,0.020493,-0.423706,-0.650894,-0.429619
0.152008,0.742943,0.947510,0.612961,-0.016479,-0.481964,-0.462662
0.002831,0.564651,0.794106,0.505730,-0.081856,-0.523437,-0.516571
-0.107338,0.388008,0.592644,0.339264,-0.172592,-0.530334,-0.443321
0.046280,0.601715,0.816055,0.515617,-0.080009,-0.521751,-0.493553
-0.029015,0.526009,0.746788,0.450790,-0.141411,-0.575829,-0.535492
-0.057945,0.510956,0.745483,0.460175,-0.128258,-0.566772,-0.536346
-0.069595,0.493484,0.730064,0.451675,-0.129906,-0.567482,-0.542969
-0.083046,0.474251,0.709000,0.431732,-0.149712,-0.588120,-0.563454
-0.103386,0.449181,0.671432,0.379845,-0.207977,-0.642929,-0.619720
-0.178650,0.351189,0.572418,0.308151,-0.234024,-0.634499,-0.620087
-0.252190,0.170967,0.314857,0.049179,-0.422104,-0.727875,-0.665504
-0.331139,0.014862,0.115517,-0.123634,-0.514877,-0.715942,-0.539093
-0.104012,0.292938,0.367851,0.050430,-0.428162,-0.683571,-0.493187
0.047096,0.599037,0.788429,0.475975,-0.107140,-0.517914,-0.456116
0.033897,0.604393,0.835609,0.542118,-0.056389,-0.510750,-0.507759
-0.084797,0.429043,0.638317,0.366096,-0.179089,-0.569851,-0.520435
-0.081745,0.428146,0.630585,0.362328,-0.171116,-0.546337,-0.467854
0.023066,0.586649,0.809061,0.513693,-0.082766,-0.528259,-0.502806
-0.038055,0.521088,0.746923,0.454956,-0.135193,-0.572472,-0.547665
-0.100147,0.436071,0.660686,0.392916,-0.157625,-0.558584,-0.503649
-0.028240,0.529747,0.756386,0.467167,-0.121237,-0.560696,-0.534143
-0.069275,0.489992,0.721811,0.435780,-0.153370,-0.600397,-0.599892
-0.191099,0.307741,0.513893,0.255196,-0.265829,-0.637524,-0.586781
-0.169226,0.308018,0.489841,0.224617,-0.285288,-0.644009,-0.616545
-0.290411,0.052320,0.137032,-0.126709,-0.535480,-0.742199,-0.563126
-0.129745,0.252824,0.307642,-0.019923,-0.486096,-0.717469,-0.521816
-0.033925,0.411428,0.504997,0.172832,-0.335039,-0.615564,-0.422733
0.155121,0.756973,0.974308,0.648495,0.019894,-0.447697,-0.428532
0.039753,0.606285,0.837479,0.544945,-0.048706,-0.496307,-0.498337
-0.102814,0.378960,0.579910,0.337524,-0.155624,-0.493851,-0.392395
0.101746,0.654839,0.863914,0.557281,-0.041565,-0.484543,-0.455627
0.011566,0.572151,0.803314,0.514664,-0.078072,-0.524757,-0.503410
-0.046646,0.507523,0.738197,0.459816,-0.111015,-0.532089,-0.491226
-0.019997,0.538727,0.766098,0.478577,-0.108147,-0.545937,-0.514809
-0.049316,0.509590,0.741051,0.454659,-0.134850,-0.576370,-0.547958
-0.081245,0.479851,0.708603,0.420509,-0.164822,-0.601227,-0.582386
-0.149567,0.370148,0.584274,0.317844,-0.222572,-0.619343,-0.604195
-0.237534,0.183434,0.330021,0.071899,-0.394814,-0.688259,-0.578529
-0.144520,0.311916,0.463356,0.175840,-0.336613,-0.676369,-0.609596
-0.238657,0.125027,0.193375,-0.103184,-0.534718,-0.733711,-0.493279
0.079018,0.641193,0.823139,0.491577,-0.108513,-0.529278,-0.468582
0.027176,0.603363,0.837284,0.541599,-0.061035,-0.512653,-0.489365
-0.021881,0.543877,0.777237,0.490772,-0.095886,-0.534592,-0.514137
-0.072891,0.456135,0.674595,0.404633,-0.146130,-0.543404,-0.484821
-0.005798,0.551857,0.773281,0.475964,-0.119488,-0.562027,-0.531689
-0.061115,0.501846,0.730492,0.434479,-0.167492,-0.617455,-0.594467
-0.135075,0.419754,0.654997,0.388969,-0.167654,-0.575617,-0.524689
-0.050318,0.508596,0.733227,0.443002,-0.145423,-0.583920,-0.552505
-0.085746,0.473444,0.700306,0.403507,-0.194353,-0.639264,-0.606383
-0.126444,0.450694,0.694367,0.415203,-0.167138,-0.606441,-0.599258
-0.182871,0.321539,0.529303,0.268291,-0.259909,-0.642620,-0.612560
-0.229168,0.214237,0.379145,0.120613,-0.364090,-0.675365,-0.540337
-0.015835,0.553684,0.757565,0.430176,-0.194096,-0.656387,-0.657326
-0.252884,0.227985,0.417316,0.159542,-0.337112,-0.670979,-0.591537
-0.169960,0.291740,0.457188,0.188438,-0.310307,-0.632576,-0.502590
0.020819,0.593155,0.799824,0.472258,-0.153170,-0.610754,-0.574808
-0.084026,0.504824,0.757168,0.480724,-0.105766,-0.546261,-0.518782
-0.052999,0.509123,0.743771,0.462490,-0.120003,-0.556534,-0.528055
-0.064211,0.493063,0.718027,0.421295,-0.176500,-0.620375,-0.585491
-0.105524,0.469683,0.709490,0.421608,-0.175232,-0.623039,-0.593033
-0.115944,0.460323,0.706062,0.426991,-0.159172,-0.600307,-0.572475
-0.104385,0.461006,0.694996,0.408192,-0.184654,-0.627522,-0.597504
-0.123333,0.447113,0.682201,0.389652,-0.208878,-0.660313,-0.647560
-0.209045,0.325104,0.552567,0.296429,-0.236717,-0.624329,-0.583504
-0.162106,0.325783,0.513268,0.240955,-0.285740,-0.646454,-0.550648
-0.046455,0.520523,0.734589,0.417290,-0.197952,-0.649345,-0.612141
-0.123039,0.463181,0.711945,0.430984,-0.159973,-0.612698,-0.629555
-0.255539,0.204945,0.392639,0.149845,-0.330986,-0.655033,-0.562935
-0.118076,0.369610,0.539310,0.246445,-0.293785,-0.660091,-0.568851
-0.077969,0.472897,0.683699,0.385637,-0.197847,-0.616795,-0.556236
-0.057669,0.526196,0.769690,0.486429,-0.101934,-0.541357,-0.512817
-0.045982,0.513274,0.743129,0.453193,-0.137875,-0.578016,-0.546277
-0.073339,0.491971,0.721966,0.427290,-0.172376,-0.617126,-0.582135
-0.100110,0.478113,0.723837,0.446698,-0.134617,-0.569979,-0.538388
-0.071458,0.487900,0.717856,0.430956,-0.156124,-0.594264,-0.562493
-0.092451,0.469016,0.696183,0.398709,-0.201772,-0.646349,-0.609228
-0.125090,0.455233,0.699132,0.414331,-0.180430,-0.628133,-0.598996
-0.123745,0.450700,0.696589,0.420596,-0.160557,-0.595754,-0.564973
-0.097864,0.460697,0.686939,0.391481,-0.206026,-0.648632,-0.611511
-0.130301,0.445166,0.684258,0.395670,-0.200888,-0.647436,-0.615200
-0.135900,0.440607,0.681705,0.399014,-0.189751,-0.650064,-0.732050
-0.519234,-0.266287,-0.207994,-0.418758,-0.723236,-0.817793,-0.555894
-0.067787,0.360209,0.454164,0.129224,-0.380269,-0.684856,-0.562730
-0.113509,0.354088,0.514626,0.241003,-0.255741,-0.568226,-0.425621
0.111252,0.692036,0.906082,0.584835,-0.035324,-0.491615,-0.461243
0.019119,0.595673,0.833870,0.540466,-0.062836,-0.515114,-0.485649
-0.007156,0.570480,0.815605,0.532982,-0.061592,-0.511078,-0.485687
-0.015137,0.555611,0.797821,0.520119,-0.060791,-0.495758,-0.465744
-0.001358,0.553505,0.775101,0.476974,-0.122215,-0.565521,-0.530083
-0.049576,0.525177,0.762581,0.471329,-0.127884,-0.576096,-0.544540
-0.066902,0.509903,0.753235,0.470795,-0.120659,-0.568024,-0.541496
-0.071762,0.496231,0.730835,0.442680,-0.151505,-0.594734,-0.563118
-0.086395,0.484619,0.718315,0.424370,-0.177490,-0.625397,-0.591576
-0.107780,0.474152,0.721596,0.439331,-0.155853,-0.623512,-0.699112
-0.459457,-0.175049,-0.103172,-0.326859,-0.659775,-0.779594,-0.513443
0.024780,0.519012,0.646355,0.301735,-0.271233,-0.639709,-0.525230
0.001366,0.584679,0.811996,0.510742,-0.090576,-0.536972,-0.522179
-0.090446,0.430130,0.647057,0.388268,-0.139694,-0.512428,-0.434410
0.053116,0.608444,0.816818,0.501678,-0.109489,-0.556854,-0.519585
-0.036285,0.543198,0.783318,0.494759,-0.103745,-0.554184,-0.526794
-0.052307,0.520393,0.762589,0.480972,-0.110641,-0.557190,-0.530823
-0.061264,0.504608,0.740036,0.453674,-0.135803,-0.573402,-0.539139
-0.065651,0.498245,0.724892,0.424942,-0.176048,-0.620152,-0.583546
-0.098942,0.479881,0.723270,0.437962,-0.157310,-0.604546,-0.575924
-0.103138,0.466904,0.706478,0.424225,-0.161179,-0.597658,-0.564241
-0.093542,0.467598,0.691511,0.391792,-0.208961,-0.651854,-0.614039
-0.129212,0.449840,0.692481,0.405458,-0.191505,-0.638457,-0.608573
-0.132583,0.443574,0.689207,0.411984,-0.175268,-0.640921,-0.724295
-0.489416,-0.183365,-0.067581,-0.258507,-0.596090,-0.759600,-0.578730
-0.163095,0.221426,0.310408,0.015720,-0.447180,-0.709494,-0.567939
-0.126809,0.317147,0.457196,0.179882,-0.304888,-0.610380,-0.512599
-0.097275,0.340638,0.486415,0.219655,-0.252710,-0.540060,-0.382320
0.151966,0.716505,0.907618,0.564621,-0.068296,-0.525505,-0.485291
0.008728,0.596870,0.845562,0.560608,-0.037258,-0.490009,-0.467854
0.000465,0.570950,0.817780,0.545628,-0.035641,-0.477810,-0.458836
-0.004421,0.543503,0.758217,0.453278,-0.149731,-0.592907,-0.551483
-0.062111,0.521435,0.764614,0.475182,-0.125154,-0.576437,-0.548901
-0.072313,0.505400,0.751589,0.472958,-0.116680,-0.563219,-0.538797
-0.073112,0.489894,0.718584,0.424568,-0.170537,-0.611745,-0.573245
-0.091651,0.482239,0.716831,0.422805,-0.177194,-0.623250,-0.589551
-0.108806,0.468152,0.711645,0.427417,-0.165806,-0.611982,-0.585243
-0.113346,0.458750,0.705240,0.430819,-0.151709,-0.604874,-0.638763
-0.298229,0.123226,0.284958,0.035988,-0.431419,-0.727501,-0.606701
-0.139259,0.358112,0.531555,0.238487,-0.299984,-0.668457,-0.599869
-0.161697,0.331089,0.520496,0.256924,-0.255257,-0.602562,-0.498367
0.009251,0.571800,0.775612,0.451080,-0.166458,-0.613293,-0.569622
-0.076073,0.509663,0.754032,0.465786,-0.133377,-0.581543,-0.553844
-0.080029,0.492989,0.735504,0.456161,-0.132221,-0.578491,-0.570404
-0.142384,0.381359,0.603386,0.344780,-0.195702,-0.587654,-0.527702
-0.050247,0.503906,0.714058,0.401680,-0.204788,-0.645531,-0.601677
-0.110870,0.472153,0.715797,0.428780,-0.168175,-0.615120,-0.586212
-0.112167,0.463028,0.709663,0.435387,-0.147972,-0.590248,-0.567451
-0.106300,0.448303,0.669655,0.369354,-0.228065,-0.664719,-0.620728
-0.131729,0.447556,0.688469,0.398758,-0.197937,-0.643646,-0.611557
-0.134354,0.442032,0.688866,0.412834,-0.172264,-0.616257,-0.606873
-0.176590,0.342567,0.546379,0.258995,-0.304131,-0.707764,-0.667175
-0.240143,0.255295,0.449295,0.183449,-0.333908,-0.690239,-0.616447
-0.177032,0.316994,0.503723,0.231644,-0.288963,-0.650475,-0.601364
-0.222527,0.179245,0.289238,0.006584,-0.453178,-0.706528,-0.507263
0.063309,0.649170,0.845787,0.497520,-0.141594,-0.601997,-0.561028
-0.063324,0.529457,0.780807,0.498489,-0.097725,-0.546883,-0.523102
-0.054150,0.515995,0.760544,0.486145,-0.095394,-0.536839,-0.518120
-0.067852,0.473038,0.686657,0.388451,-0.200058,-0.624958,-0.570297
-0.076599,0.503426,0.741161,0.448296,-0.151535,-0.598404,-0.567471
-0.089466,0.487701,0.733356,0.457123,-0.128181,-0.570427,-0.545654
-0.080597,0.482765,0.721573,0.445396,-0.135944,-0.574261,-0.549500
-0.088360,0.465260,0.685631,0.386307,-0.208195,-0.644890,-0.600937
-0.114914,0.463367,0.705246,0.419418,-0.172459,-0.616325,-0.585342
-0.113148,0.458267,0.701153,0.424137,-0.159985,-0.600075,-0.574142
-0.110859,0.443913,0.664452,0.362366,-0.235844,-0.683048,-0.680752
-0.283840,0.195423,0.392941,0.146210,-0.346336,-0.684917,-0.621868
-0.231171,0.193100,0.335148,0.073502,-0.390842,-0.680965,-0.584545
-0.212553,0.136543,0.192394,-0.104834,-0.532145,-0.725004,-0.466774
0.139754,0.733887,0.919163,0.551827,-0.107160,-0.579450,-0.543431
-0.045746,0.550916,0.810017,0.537331,-0.050329,-0.503710,-0.517326
-0.128397,0.351730,0.554955,0.311905,-0.185810,-0.537346,-0.478367
-0.066338,0.395649,0.554527,0.265583,-0.257088,-0.596241,-0.472240
0.055969,0.636967,0.856110,0.541878,-0.072296,-0.524612,-0.494194
-0.015739,0.560890,0.805992,0.527252,-0.060547,-0.506248,-0.489792
-0.041779,0.506645,0.743347,0.478745,-0.082336,-0.503517,-0.470581
-0.012093,0.532059,0.743027,0.435364,-0.165466,-0.605499,-0.562912
-0.073364,0.509384,0.756653,0.476158,-0.114342,-0.560768,-0.537209
-0.070419,0.497581,0.742935,0.472267,-0.106544,-0.547249,-0.532669
-0.091385,0.441589,0.650291,0.356010,-0.224697,-0.649677,-0.626343
-0.208595,0.287399,0.488781,0.234150,-0.276005,-0.635948,-0.596027
-0.234116,0.151875,0.257946,-0.016872,-0.461056,-0.710678,-0.563385
-0.142941,0.235603,0.283504,-0.057739,-0.539421,-0.775414,-0.561859
-0.016190,0.521568,0.698868,0.388115,-0.173767,-0.559586,-0.511139
-0.098801,0.369362,0.549011,0.295296,-0.194427,-0.526329,-0.466446
-0.105286,0.260406,0.343422,0.061371,-0.374359,-0.592194,-0.367516
0.211609,0.791275,0.972946,0.612778,-0.035217,-0.497604,-0.457626
0.039063,0.631805,0.885056,0.606567,0.015091,-0.436203,-0.418488
0.040543,0.601822,0.844421,0.574890,0.000122,-0.437561,-0.419022
0.028107,0.566864,0.774445,0.467300,-0.131042,-0.565689,-0.518753
-0.030762,0.549454,0.791290,0.508331,-0.082672,-0.527641,-0.502640
-0.037361,0.526215,0.764244,0.488274,-0.093849,-0.533920,-0.510910
-0.051506,0.507225,0.744370,0.470451,-0.108658,-0.552582,-0.563652
-0.178055,0.292915,0.476334,0.207817,-0.308281,-0.666306,-0.610798
-0.210979,0.236004,0.398594,0.137764,-0.344337,-0.662804,-0.590569
-0.224957,0.139301,0.219940,-0.063469,-0.494675,-0.716789,-0.542236
-0.085991,0.344616,0.445068,0.125587,-0.380447,-0.678677,-0.549274
-0.091873,0.380901,0.542656,0.267307,-0.232132,-0.560959,-0.484356
-0.085133,0.345612,0.494045,0.235779,-0.231094,-0.520828,-0.386932
0.104187,0.628906,0.815720,0.512428,-0.058678,-0.464409,-0.404449
0.075928,0.632957,0.845932,0.539261,-0.061562,-0.501625,-0.463951
0.013870,0.583038,0.820740,0.535645,-0.052593,-0.494831,-0.470058
-0.007946,0.553467,0.792286,0.518059,-0.060379,-0.498760,-0.478966
-0.027634,0.515282,0.727966,0.425903,-0.168386,-0.601952,-0.556858
-0.072638,0.501900,0.739081,0.451525,-0.141091,-0.585695,-0.557402
-0.086899,0.480883,0.724071,0.450280,-0.129672,-0.568565,-0.545359
-0.088686,0.466368,0.700851,0.424299,-0.154476,-0.598064,-0.601959
-0.202412,0.284340,0.477539,0.209919,-0.315056,-0.683819,-0.637001
-0.240906,0.202385,0.359375,0.095932,-0.382896,-0.686394,-0.565140
-0.086510,0.428780,0.615074,0.322037,-0.231064,-0.617950,-0.541245
-0.048164,0.512680,0.725555,0.415863,-0.186958,-0.627014,-0.585426
-0.102715,0.472275,0.710892,0.426712,-0.160599,-0.601891,-0.576180
-0.115067,0.442436,0.680328,0.408142,-0.163391,-0.592957,-0.563431
-0.102448,0.452972,0.685867,0.406769,-0.173553,-0.610855,-0.586075
-0.126846,0.424881,0.646317,0.350006,-0.243469,-0.681076,-0.639984
-0.156799,0.421616,0.669495,0.395477,-0.187637,-0.629639,-0.605606
-0.144196,0.416550,0.655685,0.381805,-0.196274,-0.633301,-0.608231
-0.148727,0.404251,0.627914,0.336731,-0.250671,-0.682281,-0.640106
-0.160736,0.411942,0.653152,0.374496,-0.208328,-0.645157,-0.616974
-0.152435,0.408478,0.644882,0.367294,-0.213470,-0.658051,-0.673660
-0.312057,0.120483,0.277588,0.020126,-0.451782,-0.755249,-0.662277
-0.269287,0.121155,0.209167,-0.091339,-0.555115,-0.806549,-0.649323
-0.212189,0.184860,0.255005,-0.065170,-0.532806,-0.777344,-0.620117
-0.202499,0.169327,0.232071,-0.071014,-0.508057,-0.720322,-0.525269
-0.052612,0.383507,0.483551,0.165619,-0.331078,-0.618111,-0.492279
-0.083336,0.290642,0.350605,0.040829,-0.402843,-0.606075,-0.352280
0.256672,0.861002,1.062221,0.718473,0.076974,-0.393639,-0.372591
0.098517,0.665895,0.897911,0.604237,0.010418,-0.428568,-0.394726
0.079292,0.646629,0.885445,0.607296,0.024956,-0.414375,-0.391628
0.065544,0.619118,0.851143,0.573097,-0.005226,-0.441551,-0.418739
0.036537,0.589218,0.820351,0.540466,-0.040657,-0.480728,-0.459679
-0.003197,0.546768,0.769363,0.479065,-0.105530,-0.537300,-0.498260
-0.024925,0.539787,0.773094,0.488533,-0.097221,-0.539909,-0.540009
-0.148415,0.306030,0.460381,0.175751,-0.331886,-0.662971,-0.571007
-0.136047,0.329147,0.481438,0.190872,-0.323639,-0.659576,-0.591949
-0.230911,0.112221,0.163132,-0.137024,-0.556488,-0.741570,-0.507858
0.014809,0.497543,0.621307,0.291695,-0.246864,-0.591988,-0.512001
-0.103561,0.338272,0.495743,0.241554,-0.226181,-0.524567,-0.419762
0.012283,0.471626,0.622986,0.337326,-0.171356,-0.501541,-0.395050
0.078705,0.596939,0.784195,0.490112,-0.066971,-0.456863,-0.385101
0.104996,0.667755,0.891296,0.594101,-0.004181,-0.452469,-0.428818
0.033157,0.589539,0.812622,0.518906,-0.072021,-0.511047,-0.492874
-0.057785,0.466110,0.683380,0.419083,-0.120209,-0.508072,-0.445068
0.033463,0.587692,0.807671,0.511841,-0.079208,-0.520325,-0.492485
-0.028305,0.530273,0.758476,0.467880,-0.127754,-0.574371,-0.546120
-0.074684,0.493042,0.732262,0.451614,-0.130249,-0.564201,-0.532196
-0.065826,0.492973,0.723351,0.438820,-0.145912,-0.588562,-0.585678
-0.177456,0.318863,0.519581,0.256477,-0.270866,-0.639053,-0.553589
-0.057686,0.504984,0.719667,0.412748,-0.186351,-0.630537,-0.624282
-0.223459,0.251862,0.432766,0.167616,-0.336348,-0.678433,-0.610065
-0.204338,0.243612,0.404233,0.140473,-0.345507,-0.656099,-0.520397
0.003794,0.571047,0.771708,0.440144,-0.186308,-0.650763,-0.652868
-0.246655,0.249638,0.460110,0.222301,-0.266296,-0.598053,-0.490162
0.011349,0.568821,0.777370,0.467297,-0.134941,-0.577362,-0.543972
-0.071354,0.493637,0.726246,0.435139,-0.160019,-0.607136,-0.578400
-0.106480,0.461731,0.700466,0.419338,-0.162998,-0.595459,-0.560997
-0.092186,0.469032,0.700836,0.417725,-0.165596,-0.601967,-0.571373
-0.105423,0.451988,0.681000,0.392197,-0.196770,-0.636772,-0.603905
-0.131798,0.432701,0.662872,0.368385,-0.232063,-0.681488,-0.667717
-0.231117,0.293320,0.508240,0.243584,-0.288231,-0.674515,-0.665565
-0.348984,-0.015709,0.055733,-0.217232,-0.624390,-0.813866,-0.593292
-0.071907,0.429108,0.575874,0.251480,-0.308266,-0.675362,-0.582939
-0.122139,0.349129,0.471306,0.144058,-0.383354,-0.698853,-0.564102
-0.074059,0.442780,0.627686,0.343025,-0.192986,-0.560013,-0.491966
-0.048489,0.449543,0.634361,0.350601,-0.189411,-0.559422,-0.466988
0.040691,0.614040,0.833427,0.521389,-0.093544,-0.547577,-0.514954
-0.032358,0.549351,0.796564,0.516008,-0.072611,-0.517170,-0.492750
-0.026094,0.536890,0.771408,0.485115,-0.106255,-0.549629,-0.521099
-0.050367,0.514706,0.745438,0.450514,-0.150377,-0.597322,-0.564510
-0.082693,0.497276,0.744724,0.469294,-0.113264,-0.548882,-0.519503
-0.054766,0.503393,0.735088,0.448931,-0.137415,-0.576784,-0.546232
-0.079355,0.480928,0.706921,0.410234,-0.188492,-0.634262,-0.599302
-0.117306,0.460892,0.704638,0.421638,-0.167431,-0.609497,-0.588451
-0.139774,0.400532,0.624321,0.347923,-0.215065,-0.624443,-0.569050
-0.086346,0.478882,0.703915,0.404324,-0.198257,-0.645889,-0.611797
-0.130661,0.446690,0.686668,0.397984,-0.200623,-0.656040,-0.661884
-0.262302,0.228397,0.437237,0.195862,-0.298222,-0.645172,-0.596275
-0.217659,0.206364,0.354019,0.095001,-0.374557,-0.663013,-0.509285
0.024956,0.594357,0.791275,0.455029,-0.174118,-0.631474,-0.591396
-0.097492,0.492504,0.744026,0.465797,-0.120506,-0.560818,-0.531197
-0.064270,0.498013,0.730865,0.446835,-0.139359,-0.576622,-0.544960
-0.077961,0.481464,0.706612,0.408108,-0.191441,-0.635098,-0.598042
-0.114948,0.465317,0.708179,0.422352,-0.174408,-0.621159,-0.592056
-0.116840,0.458542,0.703411,0.428356,-0.150894,-0.585182,-0.554478
-0.089397,0.467148,0.692371,0.397854,-0.197742,-0.637482,-0.601429
-0.123230,0.450226,0.686348,0.394821,-0.203674,-0.648235,-0.615009
-0.133747,0.443722,0.689682,0.414738,-0.165379,-0.598572,-0.566776
-0.100620,0.457001,0.684265,0.394699,-0.195988,-0.634773,-0.599724
-0.125454,0.441185,0.672504,0.377197,-0.222115,-0.665527,-0.629204
-0.145851,0.434673,0.679752,0.397099,-0.196510,-0.643070,-0.614746
-0.140305,0.432369,0.675529,0.396832,-0.185043,-0.619972,-0.586971
-0.117661,0.443089,0.667595,0.368465,-0.230724,-0.673038,-0.632698
-0.145363,0.435200,0.678364,0.391861,-0.203609,-0.650055,-0.619671
-0.142204,0.433464,0.679588,0.403835,-0.175129,-0.608150,-0.576191
-0.109867,0.448898,0.675343,0.382038,-0.212357,-0.652851,-0.616573
-0.137169,0.435532,0.671883,0.381561,-0.215740,-0.660091,-0.625675
-0.144215,0.434437,0.679611,0.398029,-0.192566,-0.638088,-0.608742
-0.136215,0.434559,0.672905,0.387489,-0.203972,-0.645470,-0.612137
-0.134678,0.437073,0.671505,0.378304,-0.221848,-0.668045,-0.631554
-0.146080,0.437521,0.685648,0.403086,-0.190434,-0.637880,-0.611416
-0.147602,0.403795,0.620995,0.331234,-0.242062,-0.650908,-0.587172
-0.093264,0.479155,0.705453,0.401258,-0.205883,-0.653152,-0.615769
-0.129416,0.453101,0.698199,0.412633,-0.183865,-0.634262,-0.619513
-0.175117,0.364856,0.596133,0.333019,-0.218758,-0.619955,-0.561339
-0.077393,0.487106,0.709462,0.406243,-0.197978,-0.642356,-0.603086
-0.115843,0.465603,0.707684,0.417173,-0.182270,-0.629728,-0.597418
-0.115118,0.465334,0.712290,0.430517,-0.162226,-0.607929,-0.579744
-0.106415,0.465145,0.706219,0.424480,-0.159439,-0.594448,-0.558598
-0.086464,0.476093,0.701412,0.403084,-0.196293,-0.637821,-0.598660
-0.112499,0.467869,0.711815,0.427059,-0.167664,-0.612400,-0.582275
-0.108006,0.464493,0.706493,0.427624,-0.154427,-0.587582,-0.553806
-0.084705,0.473873,0.697201,0.396896,-0.202480,-0.644009,-0.603870
-0.116741,0.463615,0.705593,0.417912,-0.178730,-0.625366,-0.594196
-0.115955,0.461452,0.707344,0.429401,-0.158569,-0.601498,-0.574471
-0.105225,0.459366,0.692558,0.404968,-0.185730,-0.623543,-0.586555
-0.107437,0.463020,0.696175,0.401695,-0.196785,-0.639389,-0.602264
-0.119102,0.460258,0.704170,0.419388,-0.174377,-0.625000,-0.622200
-0.207222,0.297752,0.508034,0.251465,-0.268417,-0.629211,-0.536430
-0.036201,0.526840,0.736031,0.417809,-0.196404,-0.643837,-0.600761
-0.107796,0.479317,0.727020,0.442070,-0.154800,-0.602638,-0.574615
-0.100471,0.474823,0.722534,0.448334,-0.135925,-0.578110,-0.552307
-0.089149,0.468422,0.692703,0.395309,-0.201195,-0.638901,-0.594971
-0.107018,0.472198,0.711098,0.420357,-0.178337,-0.624077,-0.590065
-0.109985,0.467293,0.712082,0.432060,-0.156990,-0.600990,-0.572098
-0.101967,0.464462,0.697525,0.407852,-0.183929,-0.621841,-0.584953
-0.105934,0.465408,0.699425,0.406792,-0.191826,-0.634560,-0.598541
-0.116470,0.461792,0.704636,0.420738,-0.172157,-0.617027,-0.587044
-0.111931,0.462372,0.710075,0.435875,-0.146431,-0.588631,-0.563820
-0.102615,0.453018,0.674408,0.372189,-0.229084,-0.670532,-0.627380
-0.135307,0.450924,0.697750,0.411942,-0.185772,-0.634445,-0.605289
-0.127090,0.452229,0.700993,0.425896,-0.161205,-0.611088,-0.618290
-0.220062,0.265385,0.458275,0.193275,-0.326168,-0.676758,-0.567009
-0.049976,0.527775,0.746651,0.432167,-0.182243,-0.632812,-0.594799
-0.106846,0.478233,0.725861,0.445728,-0.146366,-0.596310,-0.589912
-0.164536,0.357571,0.580906,0.325550,-0.207794,-0.592682,-0.525723
-0.044258,0.509968,0.718231,0.403004,-0.206284,-0.649818,-0.605808
-0.110931,0.477093,0.723743,0.437756,-0.160141,-0.608997,-0.580029
-0.103973,0.473221,0.722805,0.450470,-0.132919,-0.576199,-0.552452
-0.090363,0.465179,0.686474,0.387089,-0.210400,-0.647129,-0.601257
-0.112350,0.468784,0.709583,0.419754,-0.178040,-0.623859,-0.591885
-0.112846,0.464375,0.711060,0.433899,-0.151340,-0.593521,-0.566730
-0.100643,0.457882,0.681160,0.381786,-0.215691,-0.653381,-0.609440
-0.120493,0.459709,0.698606,0.407873,-0.191792,-0.637512,-0.607388
-0.135063,0.434530,0.674639,0.395851,-0.186115,-0.626995,-0.628210
-0.232832,0.249790,0.453552,0.209097,-0.289017,-0.631172,-0.528700
-0.028646,0.529345,0.731575,0.408409,-0.204834,-0.648386,-0.600483
-0.104685,0.482304,0.725969,0.438004,-0.159901,-0.612671,-0.610043
-0.190353,0.322212,0.541962,0.291851,-0.228483,-0.608288,-0.582190
-0.213467,0.195866,0.316275,0.029285,-0.449423,-0.722519,-0.535006
0.033689,0.628437,0.838751,0.504049,-0.128452,-0.590122,-0.557249
-0.067564,0.520199,0.772442,0.496868,-0.091690,-0.538143,-0.515594
-0.051765,0.512329,0.752834,0.476379,-0.106216,-0.545780,-0.521286
-0.060413,0.492939,0.713039,0.412468,-0.184254,-0.620220,-0.575550
-0.087841,0.491131,0.730755,0.443666,-0.150436,-0.594561,-0.563837
-0.088970,0.483133,0.725723,0.447432,-0.137957,-0.579306,-0.554623
-0.096489,0.447321,0.654066,0.346128,-0.246159,-0.668938,-0.607285
-0.104698,0.481206,0.721843,0.428923,-0.172910,-0.620784,-0.589864
-0.111872,0.466265,0.714832,0.441490,-0.142899,-0.591070,-0.598536
-0.201546,0.290482,0.500628,0.258585,-0.244959,-0.602265,-0.525554
-0.059816,0.465155,0.653231,0.338514,-0.249748,-0.672444,-0.641960
-0.217125,0.281988,0.483531,0.227107,-0.282870,-0.642639,-0.595705
-0.210242,0.225443,0.385631,0.133165,-0.336742,-0.642150,-0.553071
-0.147340,0.281077,0.415499,0.133593,-0.353768,-0.646195,-0.482729
0.067013,0.650786,0.859015,0.530054,-0.094810,-0.550869,-0.517326
-0.031864,0.550732,0.800776,0.524000,-0.063803,-0.512438,-0.506704
-0.076143,0.453039,0.681419,0.425192,-0.116848,-0.515247,-0.465595
-0.000311,0.542757,0.745821,0.431293,-0.175348,-0.615292,-0.569677
-0.078106,0.508596,0.756859,0.476372,-0.115103,-0.561512,-0.537937
-0.071136,0.495903,0.739330,0.466751,-0.112003,-0.551666,-0.528248
-0.070393,0.478996,0.695170,0.393641,-0.202070,-0.638015,-0.592341
-0.103637,0.476324,0.717908,0.432764,-0.159412,-0.601624,-0.571935
-0.101023,0.467166,0.707829,0.428610,-0.155740,-0.598013,-0.585961
-0.152056,0.377520,0.603374,0.343676,-0.200811,-0.601625,-0.550446
-0.078751,0.471657,0.683958,0.377615,-0.222862,-0.662548,-0.636206
-0.187157,0.349617,0.572845,0.306641,-0.242332,-0.644657,-0.623287
-0.236786,0.209702,0.373756,0.116337,-0.359451,-0.659943,-0.518139
0.006237,0.567818,0.760902,0.423790,-0.199375,-0.646893,-0.599018
-0.102268,0.488590,0.739998,0.461651,-0.126720,-0.572006,-0.549274
-0.086235,0.477081,0.716824,0.443523,-0.133987,-0.568512,-0.542923
-0.084873,0.461784,0.675251,0.370068,-0.227306,-0.660988,-0.612095
-0.121174,0.460011,0.701832,0.416927,-0.175011,-0.617958,-0.587044
-0.114918,0.454475,0.696339,0.419285,-0.162918,-0.602089,-0.575241
-0.111053,0.452431,0.694298,0.425056,-0.150383,-0.586761,-0.563980
-0.110657,0.435219,0.651825,0.353661,-0.237732,-0.669395,-0.622398
-0.136292,0.440132,0.680161,0.395439,-0.193382,-0.635193,-0.608040
-0.146461,0.406624,0.635254,0.358780,-0.209175,-0.631279,-0.609009
-0.189392,0.294785,0.461998,0.160812,-0.385696,-0.755272,-0.690697
-0.270164,0.200279,0.379288,0.125938,-0.356560,-0.678345,-0.605492
-0.223640,0.176239,0.296082,0.028061,-0.420135,-0.677650,-0.521584
-0.043610,0.442692,0.598316,0.297352,-0.235283,-0.584309,-0.472050
0.044525,0.613022,0.822716,0.503025,-0.108742,-0.553772,-0.514187
-0.029573,0.547298,0.788742,0.505400,-0.085001,-0.533278,-0.530115
-0.109910,0.405107,0.625322,0.373705,-0.151062,-0.529413,-0.461845
0.012401,0.556534,0.757723,0.441336,-0.162269,-0.598227,-0.549645
-0.059041,0.521819,0.764288,0.480989,-0.110342,-0.554655,-0.529007
-0.061130,0.505023,0.747570,0.476070,-0.100639,-0.537301,-0.514817
-0.057889,0.496437,0.730196,0.454875,-0.122689,-0.557265,-0.531733
-0.074713,0.474824,0.695052,0.402422,-0.185448,-0.618508,-0.588535
-0.134919,0.407349,0.633080,0.362513,-0.193724,-0.605204,-0.578264
-0.156952,0.342568,0.544506,0.280651,-0.246463,-0.632007,-0.631123
-0.310814,0.058373,0.184923,-0.052015,-0.465493,-0.698367,-0.543266
-0.094578,0.353934,0.487749,0.192534,-0.312904,-0.635945,-0.543832
-0.133141,0.289446,0.411253,0.129543,-0.340044,-0.609003,-0.430098
0.123211,0.703678,0.911549,0.588085,-0.030361,-0.487885,-0.463619
0.004833,0.566666,0.794178,0.498005,-0.098270,-0.540646,-0.505272
-0.025803,0.550846,0.797939,0.525063,-0.056915,-0.498802,-0.477600
-0.020973,0.535004,0.770393,0.494728,-0.083176,-0.520058,-0.495834
-0.039139,0.510067,0.729961,0.435043,-0.152168,-0.583603,-0.541283
-0.061768,0.507126,0.742622,0.459259,-0.126278,-0.563869,-0.534489
-0.068771,0.491337,0.726917,0.447540,-0.134037,-0.571613,-0.544167
-0.082321,0.476883,0.711571,0.431313,-0.152113,-0.591518,-0.564907
-0.102905,0.452549,0.677666,0.384024,-0.206799,-0.645712,-0.619581
-0.166837,0.377501,0.607240,0.340649,-0.214574,-0.634812,-0.661469
-0.375281,-0.067236,-0.010041,-0.277586,-0.664715,-0.832389,-0.620476
-0.179935,0.177509,0.197677,-0.149557,-0.605902,-0.807987,-0.595020
-0.142696,0.212746,0.216278,-0.137680,-0.582134,-0.747047,-0.435738
0.223385,0.855949,1.063660,0.710716,0.056198,-0.425354,-0.410255
0.060822,0.631104,0.865997,0.576157,-0.015808,-0.454903,-0.421173
0.051765,0.618034,0.854828,0.573692,-0.008667,-0.447037,-0.421371
0.037712,0.593185,0.825134,0.546059,-0.033295,-0.469650,-0.445900
0.010323,0.563934,0.796982,0.519966,-0.060265,-0.498466,-0.476540
-0.022118,0.525803,0.745407,0.453125,-0.133430,-0.563240,-0.523224
-0.046967,0.518692,0.752945,0.469315,-0.115509,-0.553375,-0.525238
-0.061737,0.496174,0.729580,0.450005,-0.131775,-0.568577,-0.542316
-0.081642,0.469563,0.688515,0.392670,-0.196436,-0.628761,-0.586342
-0.106722,0.461309,0.696934,0.413701,-0.169743,-0.609161,-0.605998
-0.212147,0.249428,0.411828,0.133231,-0.374289,-0.719890,-0.705781
-0.454390,-0.234522,-0.248073,-0.516344,-0.832869,-0.892471,-0.572488
-0.035613,0.398708,0.459861,0.102418,-0.410956,-0.685205,-0.495907
0.049158,0.603887,0.795058,0.484365,-0.093094,-0.496323,-0.425089
0.070362,0.644287,0.876934,0.584864,-0.010290,-0.459385,-0.438488
0.019783,0.573479,0.795856,0.500462,-0.089190,-0.525980,-0.500696
-0.053690,0.482990,0.707079,0.439758,-0.111322,-0.511845,-0.459414
0.013508,0.568045,0.792236,0.501566,-0.085354,-0.524324,-0.497292
-0.034883,0.521940,0.752310,0.463861,-0.127687,-0.572213,-0.545796
-0.078132,0.486836,0.723329,0.442904,-0.137761,-0.571501,-0.538303
-0.070757,0.488234,0.718803,0.435440,-0.147158,-0.582813,-0.553465
-0.088753,0.468409,0.698143,0.410053,-0.178204,-0.618484,-0.587856
-0.118938,0.444347,0.677223,0.392250,-0.190964,-0.625267,-0.604340
-0.176289,0.320152,0.496582,0.202568,-0.339760,-0.718887,-0.710648
-0.430901,-0.169258,-0.162918,-0.445671,-0.799988,-0.909744,-0.658005
-0.202415,0.175812,0.242935,-0.055824,-0.492477,-0.706314,-0.512817
-0.051479,0.343155,0.383545,0.028004,-0.463947,-0.698402,-0.450146
0.171890,0.795055,1.012020,0.671186,0.027699,-0.447807,-0.429646
0.043494,0.619727,0.863457,0.580416,-0.012628,-0.467442,-0.472719
-0.064791,0.436101,0.644268,0.386569,-0.132507,-0.495457,-0.410680
0.079635,0.635772,0.847867,0.543249,-0.053591,-0.494582,-0.462722
0.006417,0.567952,0.800054,0.514290,-0.075583,-0.518456,-0.492363
-0.028934,0.529878,0.757334,0.465997,-0.125484,-0.562131,-0.526932
-0.051546,0.514234,0.745668,0.456321,-0.135139,-0.574694,-0.542376
-0.069839,0.496048,0.732473,0.447099,-0.141401,-0.583881,-0.555435
-0.088690,0.473417,0.701218,0.405348,-0.194521,-0.641422,-0.607586
-0.125721,0.453323,0.699863,0.424519,-0.156975,-0.598366,-0.598137
-0.210125,0.241760,0.395535,0.112301,-0.392002,-0.720734,-0.644989
-0.267113,0.108337,0.190308,-0.102531,-0.550880,-0.773376,-0.540588
0.055382,0.656647,0.857788,0.513016,-0.125557,-0.590309,-0.569290
-0.109894,0.443954,0.680183,0.418053,-0.133736,-0.540825,-0.492935
-0.022560,0.531418,0.753105,0.458977,-0.133308,-0.573685,-0.543152
-0.073364,0.488823,0.716705,0.419930,-0.180840,-0.627647,-0.593727
-0.111786,0.467339,0.713959,0.437706,-0.144684,-0.581108,-0.550568
-0.085655,0.474632,0.706497,0.423439,-0.160812,-0.597122,-0.567444
-0.101433,0.457024,0.682190,0.385658,-0.213882,-0.658508,-0.623383
-0.141220,0.437141,0.682037,0.405060,-0.176086,-0.610298,-0.578545
-0.110466,0.450035,0.682106,0.400238,-0.182831,-0.616989,-0.586151
-0.120941,0.436722,0.665009,0.375481,-0.216141,-0.656822,-0.623657
-0.148315,0.420364,0.653717,0.361389,-0.235931,-0.681290,-0.646881
-0.165421,0.414200,0.661316,0.385574,-0.195328,-0.643951,-0.686020
-0.399490,-0.081329,-0.017044,-0.288300,-0.682037,-0.844528,-0.564987
0.054855,0.656349,0.844040,0.476173,-0.185272,-0.660965,-0.631241
-0.165169,0.360153,0.534912,0.219719,-0.337746,-0.717216,-0.697609
-0.392914,-0.079224,-0.007652,-0.247269,-0.602829,-0.753883,-0.555779
-0.143585,0.219940,0.293987,0.008911,-0.424927,-0.650639,-0.473801
-0.003584,0.457457,0.594881,0.300298,-0.202579,-0.510403,-0.359284
0.183087,0.762470,0.970235,0.644707,0.023226,-0.431452,-0.399487
0.078533,0.650806,0.887680,0.598820,0.000984,-0.447842,-0.423752
0.044525,0.610077,0.844200,0.552620,-0.044975,-0.491600,-0.462387
0.011940,0.584473,0.826492,0.547623,-0.033478,-0.468636,-0.439781
0.024414,0.580070,0.806351,0.517746,-0.071037,-0.510880,-0.480804
-0.013435,0.546349,0.772812,0.476585,-0.123650,-0.568970,-0.536507
-0.056992,0.518745,0.761009,0.474586,-0.121796,-0.574036,-0.572845
-0.170212,0.302010,0.466164,0.180511,-0.336937,-0.666992,-0.532997
0.004150,0.590103,0.804413,0.478554,-0.149094,-0.610832,-0.577042
-0.086449,0.504173,0.756317,0.472839,-0.125504,-0.581642,-0.571617
-0.128975,0.412178,0.642662,0.378761,-0.169899,-0.573872,-0.535595
-0.101101,0.408543,0.606827,0.326649,-0.222504,-0.609383,-0.532677
-0.036667,0.530991,0.751587,0.442711,-0.166145,-0.616096,-0.581379
-0.097668,0.484177,0.730556,0.450165,-0.138283,-0.578758,-0.550282
-0.081547,0.480572,0.709360,0.417398,-0.175673,-0.614862,-0.579247
-0.102461,0.465689,0.695570,0.397859,-0.203835,-0.650590,-0.614651
-0.129728,0.451372,0.697019,0.411997,-0.183961,-0.631871,-0.603916
-0.128858,0.445396,0.689144,0.412982,-0.169312,-0.603686,-0.573064
-0.106112,0.451319,0.674488,0.375988,-0.222578,-0.665255,-0.627226
-0.143158,0.435143,0.676065,0.387341,-0.210331,-0.657978,-0.625851
-0.147636,0.428772,0.674660,0.398666,-0.182484,-0.616699,-0.584938
-0.117836,0.440723,0.668922,0.378330,-0.213375,-0.652180,-0.618134
-0.142899,0.425682,0.658920,0.365517,-0.231903,-0.676376,-0.642067
-0.159744,0.419769,0.664818,0.382149,-0.210510,-0.673691,-0.734108
-0.464760,-0.139206,-0.038284,-0.263474,-0.626213,-0.783401,-0.521065
0.070007,0.642975,0.814133,0.446495,-0.202034,-0.660034,-0.609856
-0.101051,0.501751,0.758152,0.474991,-0.125973,-0.583733,-0.580193
-0.146908,0.384003,0.610203,0.350845,-0.186466,-0.573338,-0.506397
-0.023972,0.531200,0.742352,0.430958,-0.176487,-0.621132,-0.581150
-0.094185,0.486008,0.727818,0.438992,-0.159763,-0.607521,-0.577461
-0.100327,0.475983,0.720787,0.440784,-0.149231,-0.593204,-0.566242
-0.096081,0.470390,0.704468,0.413841,-0.182789,-0.626484,-0.593372
-0.113209,0.462193,0.699265,0.407700,-0.192787,-0.640301,-0.606094
-0.122889,0.458462,0.706310,0.423468,-0.170332,-0.618059,-0.590900
-0.116636,0.455854,0.696877,0.416061,-0.170847,-0.608814,-0.574917
-0.102766,0.461769,0.690025,0.391678,-0.208693,-0.652182,-0.613007
-0.127806,0.453568,0.697533,0.411819,-0.183846,-0.630487,-0.601278
-0.124001,0.452452,0.699354,0.423388,-0.162624,-0.621187,-0.675079
-0.379745,-0.006971,0.135836,-0.086939,-0.498095,-0.738430,-0.597551
-0.165877,0.268716,0.399495,0.113004,-0.377920,-0.684615,-0.576297
-0.142709,0.315261,0.474080,0.203642,-0.286036,-0.594442,-0.450724
0.084330,0.662334,0.872658,0.549679,-0.067310,-0.518497,-0.482090
0.001328,0.576031,0.811413,0.517181,-0.083035,-0.531273,-0.499752
-0.022156,0.552643,0.794968,0.512489,-0.079979,-0.525429,-0.498955
-0.030266,0.535713,0.770271,0.485970,-0.099525,-0.535126,-0.499870
-0.029312,0.530701,0.753487,0.451668,-0.150200,-0.594208,-0.554573
-0.069908,0.509956,0.751434,0.464226,-0.132927,-0.580070,-0.550392
-0.074615,0.499367,0.744797,0.467361,-0.118156,-0.561592,-0.537033
-0.072174,0.486099,0.711075,0.414360,-0.182442,-0.620453,-0.578773
-0.094032,0.482971,0.720657,0.428711,-0.170197,-0.616158,-0.583336
-0.103458,0.472633,0.715271,0.433121,-0.158039,-0.602177,-0.573418
-0.102451,0.461884,0.690922,0.393349,-0.205280,-0.660713,-0.693920
-0.364414,0.041241,0.201973,-0.021606,-0.447243,-0.704861,-0.574276
-0.137180,0.312546,0.456360,0.172031,-0.329449,-0.652473,-0.559364
-0.133038,0.327503,0.491798,0.227760,-0.260468,-0.573296,-0.439819
0.081177,0.644272,0.840805,0.506119,-0.118561,-0.568565,-0.524147
-0.027901,0.559517,0.805550,0.517960,-0.080551,-0.531013,-0.504623
-0.033081,0.537674,0.780869,0.503166,-0.082619,-0.524368,-0.499123
-0.036522,0.520485,0.743233,0.444298,-0.152756,-0.591011,-0.549591
-0.065109,0.509689,0.745178,0.451057,-0.149040,-0.594223,-0.560638
-0.080986,0.495857,0.738266,0.455879,-0.135517,-0.579895,-0.551373
-0.081623,0.488342,0.731739,0.456200,-0.126461,-0.568043,-0.544563
-0.084698,0.468639,0.688728,0.386196,-0.214413,-0.656185,-0.614334
-0.124527,0.459457,0.705034,0.418962,-0.179014,-0.626970,-0.598085
-0.122108,0.455011,0.704525,0.431145,-0.152304,-0.595634,-0.571938
-0.110869,0.444638,0.665903,0.366492,-0.231021,-0.668746,-0.623857
-0.134947,0.446198,0.686030,0.395249,-0.203483,-0.655115,-0.650377
-0.229567,0.284115,0.502047,0.248186,-0.273901,-0.653484,-0.628136
-0.271868,0.114389,0.219759,-0.057703,-0.507425,-0.748865,-0.539743
0.036692,0.624456,0.819067,0.467829,-0.177147,-0.642378,-0.602285
-0.102509,0.496235,0.754477,0.476065,-0.119211,-0.570362,-0.549534
-0.081547,0.489601,0.736124,0.463682,-0.117867,-0.559320,-0.536695
-0.076698,0.475790,0.696012,0.396542,-0.201036,-0.637854,-0.593046
-0.104223,0.474880,0.714638,0.424753,-0.172117,-0.617027,-0.586102
-0.109081,0.467117,0.713764,0.438519,-0.144829,-0.587082,-0.562317
-0.100193,0.454403,0.674767,0.373486,-0.223934,-0.661564,-0.615604
-0.126610,0.454613,0.694523,0.402843,-0.194828,-0.640530,-0.607456
-0.128300,0.449036,0.694862,0.414898,-0.173119,-0.615112,-0.588131
-0.118927,0.449524,0.691429,0.416370,-0.165806,-0.611786,-0.620003
-0.230595,0.243187,0.427448,0.159763,-0.356472,-0.709740,-0.638775
-0.211918,0.263809,0.439255,0.169670,-0.337711,-0.680252,-0.615265
-0.221676,0.204483,0.346447,0.084721,-0.379711,-0.669918,-0.572613
-0.202667,0.139515,0.177769,-0.143726,-0.586288,-0.774721,-0.497448
0.136744,0.757310,0.959986,0.601096,-0.056366,-0.534964,-0.506181
-0.013717,0.580697,0.841471,0.571415,-0.014620,-0.464442,-0.449148
0.007479,0.565405,0.804674,0.531870,-0.044188,-0.481188,-0.458071
-0.003452,0.542713,0.756664,0.454876,-0.142078,-0.578285,-0.533863
-0.047379,0.530373,0.769760,0.483406,-0.109974,-0.553391,-0.524899
-0.053226,0.514729,0.755157,0.475697,-0.107925,-0.548508,-0.524044
-0.067108,0.475510,0.682047,0.373898,-0.219580,-0.643541,-0.585018
-0.085537,0.499243,0.739738,0.446676,-0.153349,-0.600409,-0.569664
-0.093800,0.481247,0.727728,0.451342,-0.134113,-0.577483,-0.552850
-0.088904,0.476287,0.719838,0.450315,-0.125410,-0.565975,-0.556143
-0.127370,0.392232,0.595507,0.305625,-0.261930,-0.672895,-0.644459
-0.230442,0.255023,0.449884,0.195632,-0.306327,-0.656196,-0.610192
-0.255922,0.109799,0.194821,-0.087174,-0.520878,-0.744488,-0.554810
-0.058187,0.429027,0.572860,0.254355,-0.289796,-0.637527,-0.508353
0.030850,0.622742,0.847808,0.535532,-0.080612,-0.535845,-0.507347
-0.030792,0.545910,0.792067,0.515348,-0.071421,-0.520008,-0.517157
-0.095304,0.425247,0.648987,0.396955,-0.135063,-0.523529,-0.465988
0.003208,0.546246,0.748302,0.432777,-0.173878,-0.614811,-0.570179
-0.078602,0.507130,0.757359,0.478819,-0.111702,-0.560093,-0.538486
-0.073635,0.492451,0.737864,0.468227,-0.108587,-0.548282,-0.526847
-0.072911,0.473570,0.689794,0.389290,-0.206380,-0.641305,-0.595600
-0.107838,0.472165,0.715745,0.432579,-0.156661,-0.599871,-0.573122
-0.104149,0.463097,0.704780,0.428524,-0.151914,-0.595192,-0.595857
-0.193105,0.291937,0.484419,0.220968,-0.295969,-0.657751,-0.593279
-0.160164,0.327614,0.504246,0.217276,-0.318083,-0.687372,-0.638147
-0.258219,0.144646,0.254745,-0.028774,-0.487436,-0.746525,-0.607624
-0.198418,0.165091,0.214707,-0.100419,-0.541559,-0.737377,-0.474265
0.141985,0.744774,0.934719,0.569077,-0.087257,-0.556921,-0.518306
-0.020003,0.576291,0.831116,0.553213,-0.039618,-0.489332,-0.469048
-0.006493,0.557306,0.799467,0.526600,-0.050495,-0.488525,-0.465448
-0.010872,0.534283,0.746250,0.440548,-0.157354,-0.592545,-0.546133
-0.056702,0.522995,0.765285,0.480837,-0.109684,-0.553192,-0.526747
-0.058081,0.505924,0.744390,0.465918,-0.115747,-0.553411,-0.525082
-0.062359,0.498686,0.737148,0.462581,-0.116191,-0.554894,-0.532476
-0.077564,0.470860,0.689011,0.392370,-0.197520,-0.629650,-0.586059
-0.104300,0.468778,0.706474,0.421384,-0.167807,-0.609013,-0.582232
-0.122012,0.434608,0.671628,0.401498,-0.167984,-0.600405,-0.598120
-0.207094,0.250704,0.406431,0.115364,-0.403532,-0.742825,-0.655075
-0.218422,0.256271,0.428738,0.162064,-0.336575,-0.670452,-0.606644
-0.232784,0.154299,0.259504,-0.012266,-0.451477,-0.687387,-0.491354
0.050621,0.605217,0.795280,0.476654,-0.116480,-0.541093,-0.490067
-0.006816,0.557961,0.782535,0.484431,-0.110827,-0.549267,-0.513893
-0.038334,0.528591,0.764087,0.480715,-0.105805,-0.543400,-0.514025
-0.048317,0.514708,0.751224,0.473748,-0.105953,-0.543626,-0.519212
-0.061348,0.488047,0.707155,0.409508,-0.181382,-0.613528,-0.568978
-0.087251,0.484819,0.721512,0.434450,-0.154743,-0.595953,-0.565273
-0.095333,0.472870,0.714521,0.440187,-0.138348,-0.575838,-0.552216
-0.093176,0.463245,0.700064,0.424850,-0.152603,-0.589020,-0.564331
-0.106186,0.443493,0.663868,0.368454,-0.223141,-0.659889,-0.619892
-0.137783,0.439552,0.686356,0.410294,-0.171906,-0.613018,-0.590050
-0.136536,0.407581,0.627331,0.344009,-0.228775,-0.653717,-0.644012
-0.247581,0.224365,0.407791,0.146126,-0.357315,-0.701813,-0.642662
-0.258766,0.151939,0.277626,0.007591,-0.451385,-0.720558,-0.582870
-0.136776,0.307217,0.429726,0.130154,-0.367878,-0.664036,-0.501335
0.048626,0.634575,0.852772,0.536621,-0.080437,-0.542435,-0.540165
-0.114986,0.402031,0.611530,0.338556,-0.208344,-0.601780,-0.564775
-0.153999,0.324337,0.515055,0.262547,-0.232813,-0.567365,-0.457369
0.046224,0.607710,0.822180,0.516013,-0.086265,-0.531663,-0.504163
-0.035431,0.524729,0.751569,0.458645,-0.132454,-0.568721,-0.530215
-0.052527,0.518463,0.757988,0.477633,-0.105898,-0.543459,-0.516982
-0.054144,0.505061,0.739747,0.460460,-0.119081,-0.555617,-0.528121
-0.067204,0.483266,0.702464,0.406858,-0.183961,-0.615061,-0.571427
-0.090606,0.481542,0.719290,0.435228,-0.150994,-0.589262,-0.560548
-0.098417,0.454235,0.678529,0.394813,-0.182271,-0.611478,-0.594292
-0.179710,0.305330,0.484138,0.205185,-0.318322,-0.677821,-0.611083
-0.186463,0.287042,0.456374,0.179755,-0.330692,-0.673344,-0.603583
-0.202338,0.228477,0.368214,0.099393,-0.370114,-0.651683,-0.504802
-0.001763,0.529885,0.717731,0.413519,-0.157509,-0.562165,-0.508941
-0.046945,0.487010,0.690823,0.396572,-0.173368,-0.583782,-0.547001
-0.113989,0.391258,0.594957,0.332840,-0.188654,-0.551060,-0.463783
0.029016,0.589577,0.808014,0.508713,-0.086765,-0.528351,-0.499031
-0.032402,0.531536,0.767975,0.486515,-0.099087,-0.541634,-0.518143
-0.056313,0.498966,0.726833,0.438839,-0.144444,-0.574921,-0.534580
-0.060932,0.504101,0.738705,0.455429,-0.129044,-0.567530,-0.539038
-0.074200,0.486013,0.721703,0.441456,-0.140984,-0.579412,-0.552811
-0.090824,0.463640,0.685820,0.391220,-0.198601,-0.629684,-0.586034
-0.104217,0.468920,0.708626,0.427482,-0.156824,-0.595145,-0.566483
-0.102449,0.456971,0.692855,0.414760,-0.165545,-0.601853,-0.575102
-0.111985,0.445553,0.676643,0.390872,-0.197037,-0.646733,-0.669375
-0.327451,0.068043,0.191359,-0.073200,-0.514042,-0.753515,-0.553186
0.005747,0.577154,0.774117,0.445723,-0.165871,-0.606815,-0.564148
-0.079404,0.495653,0.735306,0.450197,-0.140969,-0.586092,-0.560263
-0.094156,0.466341,0.697432,0.411657,-0.172350,-0.603539,-0.567808
-0.100676,0.457909,0.690033,0.411146,-0.165062,-0.592430,-0.556820
-0.088833,0.471573,0.704523,0.422544,-0.160633,-0.597836,-0.570019
-0.105846,0.451761,0.679012,0.385530,-0.210016,-0.654589,-0.620388
-0.141094,0.436378,0.681370,0.401554,-0.184357,-0.624264,-0.594242
-0.123974,0.443581,0.685574,0.408653,-0.174397,-0.613422,-0.586433
-0.122101,0.439571,0.672806,0.388184,-0.200539,-0.642250,-0.612061
-0.139671,0.429989,0.669186,0.390472,-0.189465,-0.621502,-0.586605
-0.118347,0.443310,0.677502,0.394810,-0.187122,-0.621132,-0.590149
-0.122833,0.437889,0.672134,0.388515,-0.199215,-0.638969,-0.608788
-0.140316,0.423508,0.654972,0.364689,-0.226707,-0.666183,-0.644516
-0.209862,0.298981,0.487701,0.200016,-0.340935,-0.706970,-0.611549
-0.108704,0.456951,0.679478,0.387177,-0.199390,-0.630180,-0.587212
-0.108028,0.461525,0.693779,0.398415,-0.202908,-0.662968,-0.690990
-0.349510,0.061169,0.211254,-0.026783,-0.455029,-0.696674,-0.504368
0.050518,0.625719,0.824478,0.492977,-0.128538,-0.580297,-0.546398
-0.066437,0.507784,0.749537,0.465531,-0.126498,-0.572478,-0.548477
-0.081254,0.484254,0.719329,0.438478,-0.141634,-0.571895,-0.535250
-0.065265,0.496141,0.728127,0.443236,-0.139902,-0.575116,-0.542401
-0.075332,0.485138,0.717175,0.431361,-0.155621,-0.595617,-0.564708
-0.095519,0.467055,0.696298,0.400880,-0.198542,-0.644022,-0.608773
-0.124537,0.456860,0.705729,0.430735,-0.149430,-0.584627,-0.554823
-0.087708,0.472812,0.705875,0.424008,-0.159060,-0.595178,-0.563355
-0.097168,0.462433,0.689705,0.395266,-0.202209,-0.645758,-0.610550
-0.129283,0.447219,0.690264,0.411453,-0.172491,-0.613381,-0.608746
-0.201717,0.293422,0.496885,0.241385,-0.273538,-0.641139,-0.607825
-0.233903,0.192303,0.347012,0.093027,-0.373497,-0.665781,-0.524632
-0.015551,0.527946,0.716791,0.394035,-0.208057,-0.635674,-0.582729
-0.094631,0.476913,0.716019,0.441113,-0.129204,-0.547806,-0.501564
-0.026958,0.534138,0.761906,0.469898,-0.121269,-0.560535,-0.528912
-0.058044,0.504238,0.732208,0.435524,-0.165157,-0.609940,-0.574005
-0.090069,0.490047,0.736671,0.459442,-0.121964,-0.556442,-0.525925
-0.060066,0.500183,0.731995,0.448883,-0.134445,-0.569839,-0.539268
-0.073341,0.485016,0.711060,0.415398,-0.181339,-0.625137,-0.590183
-0.109165,0.466110,0.706959,0.418156,-0.178619,-0.625385,-0.594345
-0.116234,0.461048,0.706814,0.427769,-0.159344,-0.605324,-0.598900
-0.178379,0.333054,0.540939,0.274185,-0.263611,-0.643135,-0.562065
-0.062706,0.508278,0.730217,0.421700,-0.189728,-0.648083,-0.646099
-0.235832,0.253731,0.447769,0.190750,-0.309067,-0.649002,-0.582413
-0.182362,0.258011,0.413074,0.150642,-0.329144,-0.629692,-0.484039
0.046097,0.615326,0.815987,0.482468,-0.146912,-0.603523,-0.564667
-0.071007,0.519722,0.771973,0.491531,-0.099907,-0.544319,-0.517799
-0.049065,0.516968,0.751579,0.466354,-0.122002,-0.560432,-0.527977
-0.057266,0.506813,0.735588,0.440681,-0.159218,-0.605179,-0.571396
-0.089584,0.487450,0.728081,0.439064,-0.158905,-0.606857,-0.576019
-0.097130,0.480919,0.727440,0.454018,-0.125565,-0.560188,-0.530800
-0.067024,0.489204,0.717037,0.427055,-0.163078,-0.602287,-0.567669
-0.094807,0.470432,0.699387,0.403679,-0.197002,-0.641781,-0.605835
-0.121887,0.458248,0.703911,0.426720,-0.154644,-0.594936,-0.587757
-0.178211,0.307701,0.492252,0.217037,-0.306675,-0.660519,-0.555952
-0.044054,0.525675,0.738562,0.420094,-0.198263,-0.650787,-0.613729
-0.123791,0.462278,0.710894,0.426857,-0.170078,-0.636539,-0.701181
-0.438955,-0.132183,-0.050848,-0.284702,-0.639423,-0.795496,-0.609203
-0.216513,0.129658,0.198231,-0.077600,-0.492504,-0.700417,-0.524490
-0.081535,0.339806,0.454517,0.163811,-0.315666,-0.602242,-0.479866
-0.045052,0.405327,0.556610,0.291389,-0.180435,-0.469215,-0.316811
0.212181,0.773415,0.966125,0.630569,0.006966,-0.446892,-0.412155
0.069595,0.644592,0.879272,0.584335,-0.018539,-0.470398,-0.442474
0.031540,0.605728,0.847427,0.563354,-0.030716,-0.478729,-0.453812
0.014282,0.580658,0.817535,0.534561,-0.050598,-0.487839,-0.457138
0.008896,0.567368,0.790558,0.491089,-0.109436,-0.554062,-0.519936
-0.039757,0.535652,0.776627,0.488914,-0.106789,-0.555443,-0.527252
-0.055878,0.514709,0.755798,0.476990,-0.105988,-0.542030,-0.511108
-0.045822,0.509941,0.733414,0.434219,-0.165039,-0.608414,-0.573029
-0.092575,0.482140,0.718521,0.427250,-0.172951,-0.620186,-0.588631
-0.110008,0.466797,0.711117,0.428684,-0.164711,-0.630592,-0.705406
-0.451305,-0.123283,0.005472,-0.187262,-0.536409,-0.707483,-0.495052
0.014343,0.508341,0.645212,0.304173,-0.275986,-0.660374,-0.570449
-0.072080,0.488156,0.707264,0.417428,-0.159863,-0.582444,-0.559671
-0.140538,0.354867,0.553702,0.294583,-0.218073,-0.566835,-0.466038
0.035276,0.593531,0.796012,0.470157,-0.148693,-0.598783,-0.558344
-0.067017,0.518465,0.762585,0.474087,-0.125325,-0.575689,-0.549198
-0.075600,0.499153,0.743388,0.465748,-0.122904,-0.566513,-0.542118
-0.078409,0.481661,0.707443,0.409571,-0.192284,-0.637245,-0.600506
-0.115772,0.465137,0.706692,0.416634,-0.184315,-0.634239,-0.603397
-0.123528,0.456470,0.702980,0.421745,-0.171448,-0.618568,-0.592758
-0.121788,0.447441,0.685234,0.402199,-0.184959,-0.621216,-0.586594
-0.113731,0.450539,0.676582,0.377991,-0.223587,-0.668274,-0.630287
-0.145279,0.435898,0.679680,0.395737,-0.200119,-0.647934,-0.619881
-0.145699,0.423790,0.658905,0.366394,-0.230164,-0.691330,-0.747803
-0.464783,-0.108109,0.031464,-0.173019,-0.550400,-0.756302,-0.593979
-0.155716,0.273682,0.395416,0.102890,-0.390121,-0.694962,-0.581871
-0.140633,0.325905,0.488319,0.215584,-0.282234,-0.600655,-0.466858
0.060318,0.632477,0.837982,0.512192,-0.108551,-0.559555,-0.520996
-0.033493,0.547218,0.787582,0.497314,-0.101906,-0.550125,-0.521523
-0.047775,0.525162,0.765633,0.482315,-0.109039,-0.553368,-0.525787
-0.056976,0.508156,0.741875,0.454788,-0.133446,-0.569809,-0.535309
-0.061584,0.501572,0.727478,0.427773,-0.173950,-0.617798,-0.579971
-0.096107,0.482964,0.725609,0.439575,-0.156425,-0.603401,-0.575493
-0.100494,0.473694,0.721283,0.446976,-0.136421,-0.578735,-0.555977
-0.095848,0.459709,0.681999,0.382622,-0.213890,-0.651596,-0.609619
-0.122627,0.456627,0.695549,0.405823,-0.192841,-0.638550,-0.606461
-0.128281,0.449066,0.692947,0.413017,-0.175949,-0.620834,-0.609421
-0.201530,0.242706,0.348862,0.005760,-0.534416,-0.864494,-0.783218
-0.409607,-0.025673,0.101837,-0.126335,-0.519386,-0.729088,-0.575439
-0.165291,0.228447,0.335342,0.061333,-0.386940,-0.645515,-0.520775
-0.131466,0.227936,0.291058,-0.005817,-0.439632,-0.643829,-0.395872
0.206327,0.801044,0.986888,0.619128,-0.041266,-0.514960,-0.477414
0.024706,0.625752,0.884301,0.603245,0.002399,-0.453312,-0.435066
0.031321,0.602819,0.850647,0.579483,-0.001793,-0.444946,-0.425980
0.029404,0.578278,0.794903,0.492832,-0.106361,-0.544796,-0.502579
-0.016338,0.562145,0.801277,0.510761,-0.086750,-0.535236,-0.506889
-0.033413,0.539261,0.780449,0.499790,-0.089909,-0.534561,-0.508274
-0.041718,0.524097,0.765331,0.487644,-0.096176,-0.536953,-0.513664
-0.053986,0.499161,0.719055,0.416325,-0.185463,-0.628408,-0.587721
-0.099072,0.483761,0.728191,0.442936,-0.154236,-0.603352,-0.575621
-0.100788,0.475191,0.723574,0.450047,-0.134526,-0.577998,-0.556396
-0.096430,0.457006,0.677194,0.373784,-0.227692,-0.676181,-0.676136
-0.280481,0.197541,0.393824,0.147825,-0.343020,-0.676988,-0.598622
-0.173226,0.297139,0.470196,0.203124,-0.298844,-0.639933,-0.576443
-0.194110,0.210152,0.326510,0.049179,-0.411174,-0.670972,-0.482007
0.076399,0.654108,0.846560,0.498064,-0.140294,-0.599950,-0.559223
-0.060776,0.532737,0.786766,0.506130,-0.088427,-0.538868,-0.517342
-0.050621,0.516337,0.759681,0.485062,-0.096692,-0.538354,-0.515940
-0.057129,0.495157,0.715176,0.414523,-0.182276,-0.619299,-0.575676
-0.089005,0.488938,0.728522,0.438464,-0.157604,-0.603675,-0.572925
-0.097056,0.477997,0.723509,0.447137,-0.137325,-0.579712,-0.556055
-0.095032,0.459454,0.679703,0.379284,-0.219229,-0.656973,-0.612101
-0.122234,0.458881,0.699657,0.409809,-0.188000,-0.634815,-0.602844
-0.125759,0.450500,0.697212,0.421059,-0.163185,-0.605350,-0.579517
-0.115356,0.449074,0.690899,0.416740,-0.161617,-0.614552,-0.668728
-0.376602,-0.010918,0.125843,-0.101944,-0.513184,-0.751644,-0.612812
-0.189026,0.234829,0.361805,0.082298,-0.392914,-0.685993,-0.585667
-0.206871,0.147015,0.201744,-0.104404,-0.542507,-0.750944,-0.550137
-0.062016,0.403101,0.534808,0.227732,-0.285559,-0.595877,-0.437451
0.116078,0.706528,0.920385,0.592111,-0.035989,-0.497216,-0.466850
0.016434,0.599794,0.850588,0.574547,-0.012535,-0.459488,-0.440376
0.019058,0.579762,0.821781,0.552677,-0.022644,-0.459900,-0.440941
0.009548,0.550652,0.762508,0.459625,-0.136463,-0.571815,-0.527519
-0.041164,0.536461,0.778648,0.496048,-0.092640,-0.536293,-0.510967
-0.046341,0.516586,0.753983,0.476402,-0.104382,-0.542149,-0.516853
-0.057137,0.493114,0.710140,0.407499,-0.190290,-0.627319,-0.582724
-0.095087,0.483812,0.724346,0.438160,-0.156027,-0.600233,-0.570564
-0.097723,0.472380,0.713963,0.434676,-0.151696,-0.594019,-0.572251
-0.115049,0.441511,0.681398,0.415086,-0.151592,-0.591002,-0.620059
-0.287430,0.122284,0.275308,0.025525,-0.434871,-0.727910,-0.621679
-0.199919,0.246342,0.398450,0.131141,-0.351521,-0.662730,-0.579395
-0.199859,0.176242,0.261773,-0.025588,-0.467547,-0.690556,-0.466111
0.116706,0.701019,0.887312,0.528801,-0.117532,-0.580210,-0.537599
-0.038265,0.556126,0.809065,0.529301,-0.062443,-0.511078,-0.488743
-0.025131,0.537767,0.775131,0.497515,-0.083305,-0.520138,-0.493917
-0.032316,0.527615,0.765945,0.492220,-0.085722,-0.523607,-0.502337
-0.048567,0.496768,0.712831,0.412164,-0.183672,-0.621695,-0.580037
-0.095313,0.483632,0.727139,0.443898,-0.147371,-0.591616,-0.565895
-0.096964,0.473169,0.719664,0.449151,-0.128530,-0.568103,-0.547523
-0.092476,0.455109,0.672428,0.373013,-0.220599,-0.654459,-0.609650
-0.122776,0.456352,0.700043,0.417967,-0.171167,-0.617203,-0.607897
-0.177689,0.348232,0.573395,0.316925,-0.219479,-0.618137,-0.601933
-0.232265,0.178005,0.291534,-0.010082,-0.504253,-0.801453,-0.694450
-0.289490,0.116695,0.236931,-0.024830,-0.460953,-0.708450,-0.574678
-0.190086,0.141216,0.166739,-0.153700,-0.581540,-0.760269,-0.520259
-0.014783,0.416743,0.480983,0.128550,-0.378889,-0.642379,-0.426802
0.167730,0.772434,0.976967,0.628700,-0.014332,-0.481564,-0.448368
0.039673,0.625793,0.875408,0.596245,0.007042,-0.440063,-0.419151
0.041080,0.602577,0.844406,0.575104,0.000557,-0.436905,-0.418159
0.029190,0.567177,0.774963,0.468048,-0.128128,-0.561615,-0.515472
-0.027298,0.552139,0.794159,0.511391,-0.078438,-0.523224,-0.498047
-0.034554,0.529205,0.769386,0.495529,-0.081562,-0.518608,-0.495525
-0.039967,0.513981,0.746384,0.469719,-0.108204,-0.548023,-0.541355
-0.122562,0.383251,0.582626,0.302555,-0.246490,-0.640095,-0.605202
-0.200420,0.265152,0.443226,0.184061,-0.310070,-0.643391,-0.574158
-0.188087,0.214018,0.321404,0.035181,-0.430073,-0.706444,-0.610065
-0.272287,0.019478,0.032209,-0.269636,-0.657551,-0.795727,-0.532135
-0.021843,0.410553,0.483463,0.139622,-0.369068,-0.650402,-0.510120
-0.090775,0.279839,0.326706,0.005913,-0.436951,-0.629608,-0.362411
0.257881,0.868553,1.074104,0.728790,0.085739,-0.389343,-0.373703
0.094002,0.659958,0.893501,0.605247,0.013863,-0.425636,-0.396210
0.072456,0.635468,0.872925,0.594414,0.013664,-0.426033,-0.403656
0.051208,0.603462,0.835159,0.557777,-0.020866,-0.457504,-0.435989
0.016060,0.558708,0.771126,0.469765,-0.121887,-0.553818,-0.510040
-0.029091,0.542206,0.778122,0.493210,-0.093864,-0.534935,-0.509010
-0.045738,0.514870,0.751923,0.474976,-0.105179,-0.542324,-0.519341
-0.061920,0.491924,0.724224,0.444534,-0.137363,-0.581108,-0.582237
-0.177021,0.315344,0.511173,0.240292,-0.290847,-0.665724,-0.622038
-0.229048,0.206287,0.350506,0.080269,-0.396497,-0.692092,-0.574726
-0.123384,0.355105,0.521554,0.240114,-0.278049,-0.639095,-0.618816
-0.299803,0.052477,0.165203,-0.069805,-0.466719,-0.679274,-0.519669
-0.103628,0.271519,0.331676,0.012327,-0.452545,-0.686542,-0.473961
0.085383,0.647419,0.836060,0.513086,-0.082407,-0.505456,-0.448981
0.039664,0.612709,0.850349,0.564206,-0.028980,-0.479048,-0.461068
-0.004705,0.549054,0.773454,0.483969,-0.102751,-0.535659,-0.497736
-0.024538,0.540047,0.775174,0.492414,-0.091551,-0.530521,-0.504463
-0.043022,0.513823,0.746168,0.466511,-0.115345,-0.553204,-0.527016
-0.068371,0.482773,0.702641,0.406723,-0.183426,-0.615818,-0.575417
-0.095848,0.475063,0.714520,0.434097,-0.149490,-0.588081,-0.561638
-0.099808,0.458412,0.692123,0.412857,-0.167633,-0.611938,-0.622406
-0.240105,0.229561,0.421471,0.172104,-0.327942,-0.678833,-0.635803
-0.277634,0.101723,0.200256,-0.081047,-0.529694,-0.772995,-0.593056
-0.085564,0.428047,0.596077,0.291786,-0.259773,-0.631454,-0.542610
-0.051178,0.503159,0.719345,0.427597,-0.153549,-0.577995,-0.531685
-0.053101,0.510971,0.735825,0.438988,-0.155014,-0.596107,-0.578972
-0.149803,0.369217,0.584618,0.326279,-0.203186,-0.581299,-0.509583
-0.025360,0.531593,0.752327,0.456284,-0.135956,-0.577255,-0.548622
-0.081688,0.478653,0.709579,0.418762,-0.176102,-0.620979,-0.590988
-0.116859,0.454529,0.695435,0.415482,-0.170578,-0.609650,-0.579781
-0.110649,0.455780,0.694717,0.416702,-0.166443,-0.605576,-0.578690
-0.114456,0.445160,0.678299,0.392624,-0.197159,-0.639908,-0.609787
-0.138428,0.429230,0.667419,0.387711,-0.192245,-0.624283,-0.589401
-0.121155,0.440491,0.673706,0.391983,-0.190933,-0.631775,-0.630020
-0.225845,0.266479,0.470078,0.213730,-0.303970,-0.667480,-0.579330
-0.084671,0.474823,0.685379,0.373413,-0.229721,-0.677887,-0.689255
-0.338089,0.061661,0.186279,-0.075043,-0.513657,-0.751892,-0.557175
-0.013565,0.543625,0.734329,0.415375,-0.181015,-0.605911,-0.551254
-0.062439,0.510788,0.742767,0.447121,-0.154488,-0.611900,-0.620712
-0.223099,0.264671,0.471573,0.230232,-0.261871,-0.597099,-0.490700
0.009331,0.567299,0.777313,0.469666,-0.130173,-0.570206,-0.536415
-0.063393,0.501991,0.736946,0.451088,-0.137886,-0.578888,-0.550934
-0.084671,0.477928,0.709152,0.424484,-0.157455,-0.588554,-0.550774
-0.078690,0.484795,0.716896,0.432114,-0.152863,-0.588921,-0.557037
-0.088840,0.472748,0.707851,0.425076,-0.160851,-0.600773,-0.572720
-0.105385,0.455357,0.683758,0.389465,-0.208843,-0.653217,-0.617847
-0.134468,0.446083,0.693138,0.418304,-0.161705,-0.595764,-0.564835
-0.098553,0.461140,0.694366,0.410706,-0.173161,-0.610065,-0.579021
-0.110676,0.451069,0.681442,0.391052,-0.202408,-0.644909,-0.618427
-0.171196,0.338383,0.508297,0.196110,-0.358368,-0.721207,-0.605038
-0.071869,0.521872,0.755619,0.456844,-0.146889,-0.595671,-0.569563
-0.100246,0.465384,0.701559,0.418873,-0.169891,-0.609699,-0.579576
-0.110189,0.454538,0.685915,0.392614,-0.204708,-0.649084,-0.613718
-0.131316,0.448262,0.694356,0.414660,-0.173093,-0.613850,-0.583692
-0.112315,0.456336,0.696484,0.414802,-0.172964,-0.613735,-0.585544
-0.116116,0.448652,0.681047,0.387779,-0.210487,-0.655797,-0.620378
-0.135971,0.445596,0.694637,0.420789,-0.159214,-0.594248,-0.562329
-0.095070,0.465593,0.700753,0.421942,-0.159076,-0.593162,-0.563232
-0.098922,0.457844,0.686214,0.393839,-0.199635,-0.641176,-0.606907
-0.129501,0.443174,0.681452,0.392061,-0.204319,-0.655571,-0.651434
-0.232195,0.276022,0.488543,0.234203,-0.285425,-0.660618,-0.647518
-0.328775,0.009563,0.087978,-0.179062,-0.586216,-0.778625,-0.556076
-0.022972,0.495499,0.651741,0.323055,-0.251694,-0.638542,-0.567665
-0.120392,0.360901,0.515480,0.223251,-0.286064,-0.598305,-0.446663
0.099167,0.685898,0.901932,0.581673,-0.036530,-0.491852,-0.464424
0.010086,0.580841,0.815262,0.522003,-0.078217,-0.526459,-0.495911
-0.018311,0.556503,0.799805,0.521225,-0.061523,-0.496368,-0.464264
0.003159,0.562012,0.794388,0.509872,-0.072891,-0.508728,-0.479584
-0.015060,0.541885,0.768463,0.476273,-0.117050,-0.560394,-0.527939
-0.054276,0.514664,0.749237,0.458115,-0.139984,-0.585144,-0.553497
-0.074783,0.501129,0.747498,0.471954,-0.107773,-0.541565,-0.512329
-0.048721,0.507355,0.735016,0.444870,-0.144440,-0.581879,-0.548431
-0.076721,0.487350,0.715164,0.418320,-0.181549,-0.626480,-0.590698
-0.107895,0.471100,0.716614,0.439285,-0.143219,-0.585602,-0.593185
-0.215866,0.234238,0.401855,0.139175,-0.349640,-0.663040,-0.528168
-0.006744,0.558739,0.760574,0.433113,-0.188301,-0.638000,-0.595207
-0.101547,0.487228,0.735596,0.448380,-0.151711,-0.603722,-0.576904
-0.101028,0.475014,0.721504,0.448059,-0.131554,-0.566208,-0.535866
-0.072128,0.484070,0.708939,0.415047,-0.178963,-0.619080,-0.583397
-0.105576,0.465553,0.699364,0.407501,-0.191330,-0.636230,-0.602356
-0.122414,0.455696,0.701317,0.426033,-0.154411,-0.587944,-0.556480
-0.090652,0.466637,0.693569,0.403679,-0.185383,-0.621578,-0.586899
-0.113968,0.451336,0.679382,0.382782,-0.217812,-0.661518,-0.625488
-0.141449,0.438778,0.683563,0.399639,-0.194252,-0.641088,-0.612068
-0.137907,0.435461,0.678331,0.400326,-0.181841,-0.618040,-0.585318
-0.116282,0.443213,0.668432,0.370985,-0.227514,-0.670121,-0.632023
-0.146912,0.432424,0.675350,0.388612,-0.207090,-0.653767,-0.625562
-0.159043,0.395036,0.614894,0.326792,-0.246815,-0.665731,-0.643223
-0.232149,0.251375,0.442362,0.179390,-0.332186,-0.676929,-0.568228
-0.054182,0.517677,0.732674,0.416298,-0.199986,-0.652407,-0.625013
-0.156368,0.406654,0.646112,0.372545,-0.200336,-0.624403,-0.579660
-0.098713,0.471607,0.704615,0.412930,-0.183773,-0.626562,-0.592556
-0.114435,0.457972,0.693048,0.398531,-0.202929,-0.650425,-0.615223
-0.130054,0.453243,0.700092,0.418211,-0.176586,-0.624325,-0.596199
-0.121952,0.452473,0.696388,0.419418,-0.161724,-0.596912,-0.565147
-0.097061,0.461491,0.683815,0.384480,-0.215897,-0.657433,-0.618279
-0.131142,0.449219,0.692181,0.405476,-0.192146,-0.638779,-0.607601
-0.130325,0.447102,0.693996,0.418018,-0.164093,-0.602192,-0.572334
-0.105160,0.453465,0.679771,0.385357,-0.211117,-0.652699,-0.614563
-0.132343,0.443146,0.680305,0.387852,-0.210583,-0.656059,-0.621784
-0.138508,0.440960,0.686947,0.405193,-0.187527,-0.647850,-0.702507
-0.426479,-0.110920,-0.036503,-0.287952,-0.661091,-0.813923,-0.564842
-0.027916,0.475792,0.614477,0.277193,-0.293381,-0.669247,-0.589430
-0.134277,0.372403,0.565807,0.294469,-0.228343,-0.591072,-0.533407
-0.123649,0.337074,0.509357,0.252258,-0.231049,-0.539009,-0.403645
0.115311,0.675407,0.869934,0.532280,-0.094360,-0.548275,-0.506748
-0.012402,0.577042,0.825081,0.538502,-0.060974,-0.512386,-0.488892
-0.017303,0.554478,0.798691,0.519066,-0.069611,-0.513245,-0.488892
-0.022301,0.538666,0.768257,0.476105,-0.117165,-0.555580,-0.519211
-0.040710,0.529129,0.760681,0.463631,-0.136436,-0.581589,-0.546028
-0.064423,0.513382,0.755753,0.470413,-0.123924,-0.570236,-0.542656
-0.070908,0.498100,0.735664,0.450447,-0.136925,-0.572433,-0.538052
-0.065426,0.497620,0.722439,0.422634,-0.179180,-0.623131,-0.584419
-0.099682,0.480255,0.723766,0.438580,-0.157547,-0.604652,-0.575905
-0.102016,0.473026,0.718529,0.443127,-0.142330,-0.584724,-0.559120
-0.096165,0.460232,0.683352,0.381872,-0.220625,-0.663288,-0.621340
-0.131439,0.453617,0.698301,0.409395,-0.190412,-0.641157,-0.620893
-0.162243,0.393806,0.631241,0.360553,-0.206546,-0.634646,-0.629053
-0.238651,0.232207,0.420410,0.167377,-0.327511,-0.654745,-0.535531
-0.018888,0.546751,0.752650,0.428235,-0.191134,-0.641733,-0.601791
-0.109975,0.476976,0.724511,0.440378,-0.155680,-0.604669,-0.578763
-0.105741,0.469423,0.717975,0.445593,-0.136869,-0.578249,-0.556526
-0.096441,0.457113,0.678396,0.376070,-0.225309,-0.667843,-0.625767
-0.135736,0.450426,0.696205,0.410339,-0.187435,-0.637138,-0.608032
-0.130859,0.448421,0.698128,0.422985,-0.162205,-0.606289,-0.581379
-0.117157,0.442451,0.668762,0.373371,-0.223091,-0.661728,-0.620674
-0.133610,0.445705,0.684700,0.394070,-0.204517,-0.651123,-0.617962
-0.137749,0.441616,0.687500,0.407597,-0.182312,-0.626183,-0.599106
-0.129803,0.435818,0.667103,0.374695,-0.218811,-0.657448,-0.618347
-0.135178,0.440285,0.675461,0.382019,-0.217392,-0.663834,-0.638329
-0.177414,0.377953,0.611786,0.337532,-0.231148,-0.657875,-0.648964
-0.255280,0.214935,0.403473,0.155663,-0.333076,-0.657143,-0.537720
-0.024773,0.537201,0.738495,0.409515,-0.209488,-0.656792,-0.609680
-0.112709,0.476418,0.722206,0.433418,-0.165306,-0.614006,-0.584877
-0.107689,0.468678,0.715488,0.439430,-0.145699,-0.586788,-0.560871
-0.096630,0.462021,0.685421,0.387146,-0.210220,-0.647804,-0.604733
-0.117622,0.462708,0.701736,0.410152,-0.188400,-0.633999,-0.600822
-0.120590,0.457813,0.702736,0.421883,-0.167992,-0.611832,-0.583755
-0.112484,0.458992,0.703892,0.429848,-0.153286,-0.595325,-0.571323
-0.108982,0.446812,0.669338,0.372154,-0.224129,-0.660641,-0.616501
-0.128334,0.452072,0.693127,0.406483,-0.189129,-0.633762,-0.602562
-0.126244,0.450241,0.698147,0.424152,-0.158928,-0.599941,-0.575897
-0.113510,0.441353,0.663933,0.364849,-0.232342,-0.668770,-0.623569
-0.134357,0.447094,0.688202,0.398685,-0.197819,-0.642361,-0.610088
-0.131729,0.445793,0.691807,0.413006,-0.172882,-0.620579,-0.621712
-0.216492,0.280766,0.488281,0.236801,-0.277073,-0.636795,-0.546844
-0.052364,0.504993,0.711483,0.391567,-0.223343,-0.669514,-0.624207
-0.129025,0.461266,0.712112,0.430286,-0.165440,-0.618000,-0.618095
-0.200129,0.313662,0.534628,0.283768,-0.240234,-0.623672,-0.594336
-0.205801,0.241714,0.403860,0.135750,-0.358446,-0.671318,-0.530060
0.004520,0.585000,0.796808,0.475312,-0.145078,-0.598648,-0.562634
-0.075692,0.510330,0.763775,0.491354,-0.093108,-0.538430,-0.518665
-0.058574,0.502794,0.745483,0.475101,-0.100502,-0.537043,-0.514439
-0.060322,0.486336,0.701756,0.399479,-0.199903,-0.638510,-0.594498
-0.104507,0.479656,0.726381,0.445353,-0.145678,-0.590662,-0.563721
-0.093582,0.476770,0.720554,0.445400,-0.135900,-0.575155,-0.550350
-0.088190,0.466446,0.686842,0.387545,-0.207907,-0.644567,-0.600582
-0.111595,0.468647,0.709536,0.422726,-0.171099,-0.614943,-0.588821
-0.122419,0.440327,0.679510,0.404686,-0.171400,-0.608410,-0.607744
-0.216366,0.255453,0.443630,0.192520,-0.300465,-0.631678,-0.520317
-0.014385,0.543568,0.743805,0.418663,-0.197517,-0.642025,-0.596050
-0.101185,0.486832,0.736397,0.457207,-0.133957,-0.580055,-0.555195
-0.088093,0.480225,0.723946,0.452633,-0.125839,-0.563267,-0.539585
-0.082443,0.467216,0.684635,0.384342,-0.210140,-0.644871,-0.598965
-0.110031,0.470158,0.711967,0.428024,-0.161980,-0.603998,-0.574114
-0.103010,0.465372,0.706224,0.428171,-0.156002,-0.595167,-0.568319
-0.103155,0.452505,0.672945,0.372713,-0.224636,-0.661224,-0.615210
-0.125185,0.456085,0.697994,0.410246,-0.184507,-0.628294,-0.596254
-0.119102,0.455271,0.699137,0.421137,-0.163958,-0.605013,-0.579058
-0.111847,0.455608,0.701405,0.433132,-0.142325,-0.582624,-0.578384
-0.162963,0.340486,0.536551,0.252231,-0.299064,-0.691958,-0.651473
-0.239188,0.236751,0.424128,0.171253,-0.322502,-0.662286,-0.608242
-0.252842,0.107165,0.187500,-0.095232,-0.524782,-0.741344,-0.550545
-0.060623,0.417021,0.553329,0.236156,-0.299831,-0.640453,-0.531578
-0.051544,0.469036,0.660568,0.372719,-0.173309,-0.557091,-0.518341
-0.127327,0.315804,0.476517,0.218697,-0.256531,-0.565269,-0.477547
-0.086845,0.307144,0.408424,0.123947,-0.330795,-0.577240,-0.377983
0.185722,0.761826,0.946815,0.592865,-0.050919,-0.513031,-0.472794
0.024170,0.619141,0.873611,0.596329,0.004120,-0.447922,-0.429947
0.031281,0.596695,0.842407,0.574997,0.000381,-0.439117,-0.421402
0.026871,0.566757,0.776443,0.470413,-0.125870,-0.560425,-0.513397
-0.025314,0.554016,0.796936,0.513077,-0.077820,-0.521713,-0.496628
-0.031265,0.533356,0.773422,0.498474,-0.080688,-0.518784,-0.494812
-0.036407,0.519379,0.754578,0.477753,-0.101303,-0.540291,-0.517181
-0.060608,0.488480,0.708260,0.412262,-0.177979,-0.615334,-0.596458
-0.167511,0.339584,0.536324,0.262444,-0.272652,-0.647545,-0.599976
-0.207039,0.211632,0.327621,0.037231,-0.439972,-0.724266,-0.609375
-0.197594,0.220230,0.344162,0.067497,-0.398056,-0.674728,-0.540573
-0.089195,0.375648,0.527596,0.243507,-0.262634,-0.596138,-0.523193
-0.140289,0.250862,0.354218,0.075722,-0.372116,-0.610733,-0.404694
0.162804,0.746582,0.949913,0.619019,-0.004852,-0.465790,-0.442955
0.024063,0.586433,0.813499,0.517860,-0.078873,-0.522682,-0.488724
-0.012619,0.561676,0.805450,0.529297,-0.054962,-0.497162,-0.476257
-0.016998,0.540611,0.776634,0.500626,-0.079582,-0.518738,-0.496773
-0.040363,0.508564,0.726231,0.429104,-0.162251,-0.595837,-0.552715
-0.071426,0.500202,0.737434,0.450905,-0.138739,-0.581377,-0.552113
-0.084555,0.482262,0.724494,0.450732,-0.127238,-0.565146,-0.542915
-0.087211,0.466884,0.701396,0.425847,-0.152915,-0.590625,-0.566240
-0.109377,0.440987,0.661064,0.363407,-0.230415,-0.669369,-0.635460
-0.170124,0.380833,0.605412,0.326870,-0.240196,-0.658489,-0.647079
-0.270447,0.150642,0.276848,-0.007324,-0.486160,-0.775978,-0.663628
-0.250435,0.165848,0.284370,0.003319,-0.461685,-0.733894,-0.609955
-0.211662,0.150803,0.204262,-0.108025,-0.550262,-0.754974,-0.526070
0.009430,0.504875,0.625595,0.281258,-0.274818,-0.617767,-0.477028
0.070705,0.660301,0.874294,0.547138,-0.076916,-0.531197,-0.495899
-0.009678,0.570740,0.813740,0.529980,-0.061810,-0.506588,-0.482384
-0.016922,0.547806,0.788937,0.514076,-0.064018,-0.502060,-0.479969
-0.023437,0.529518,0.762886,0.485222,-0.093693,-0.530590,-0.506382
-0.049702,0.498516,0.718410,0.422520,-0.166637,-0.599014,-0.558609
-0.080009,0.490913,0.729401,0.449966,-0.133614,-0.571228,-0.545769
-0.083939,0.474274,0.708954,0.431618,-0.147934,-0.583504,-0.557968
-0.098991,0.450531,0.669777,0.373245,-0.216537,-0.647575,-0.603882
-0.122986,0.448257,0.686089,0.403091,-0.183044,-0.623177,-0.606071
-0.167152,0.365440,0.588417,0.321007,-0.232117,-0.654160,-0.700195
-0.465424,-0.220032,-0.200470,-0.458420,-0.793030,-0.889114,-0.603333
-0.091560,0.322784,0.363182,-0.007004,-0.519310,-0.782722,-0.606110
-0.140007,0.272064,0.337547,0.007858,-0.465309,-0.692871,-0.448524
0.161819,0.775352,0.988640,0.651978,0.013603,-0.457813,-0.440479
0.028912,0.596550,0.828838,0.539349,-0.052269,-0.491989,-0.457893
0.014435,0.581085,0.820202,0.543343,-0.036736,-0.473816,-0.448826
0.008621,0.562477,0.795759,0.518978,-0.058088,-0.494135,-0.470068
-0.015488,0.535530,0.765030,0.482552,-0.100155,-0.538851,-0.513502
-0.051781,0.502411,0.729202,0.442089,-0.141293,-0.571869,-0.533581
-0.062943,0.499107,0.730755,0.446507,-0.138927,-0.575439,-0.546940
-0.082092,0.478130,0.712849,0.431648,-0.152714,-0.592068,-0.565407
-0.102383,0.453110,0.677292,0.384674,-0.203182,-0.633293,-0.590637
-0.111748,0.458481,0.696289,0.415215,-0.169022,-0.609222,-0.591209
-0.148460,0.387917,0.611717,0.340225,-0.219864,-0.641983,-0.649025
-0.291641,0.138695,0.309219,0.067978,-0.395676,-0.699760,-0.618149
-0.243248,0.120461,0.183945,-0.124268,-0.576126,-0.798195,-0.580605
-0.029961,0.516640,0.697815,0.383095,-0.192482,-0.599693,-0.569496
-0.166443,0.300339,0.482540,0.230385,-0.258762,-0.593010,-0.529583
-0.140488,0.287071,0.433338,0.170975,-0.298000,-0.589794,-0.465754
-0.001951,0.488865,0.657742,0.365993,-0.169241,-0.529638,-0.429634
0.075771,0.643933,0.863059,0.558569,-0.044005,-0.492634,-0.466388
0.001096,0.562943,0.793402,0.500153,-0.099089,-0.547335,-0.518748
-0.043079,0.531768,0.774137,0.493669,-0.093884,-0.535432,-0.508023
-0.040358,0.525581,0.764009,0.484517,-0.101089,-0.541684,-0.516259
-0.052512,0.507594,0.738290,0.449189,-0.143980,-0.588156,-0.558460
-0.084615,0.485501,0.726120,0.447829,-0.133652,-0.568201,-0.536782
-0.070022,0.490143,0.721876,0.439665,-0.144723,-0.588987,-0.601371
-0.229761,0.219544,0.393229,0.138511,-0.347301,-0.661632,-0.530609
-0.010077,0.557460,0.761332,0.439789,-0.171852,-0.621632,-0.617015
-0.224652,0.225685,0.379884,0.103907,-0.385387,-0.694373,-0.587346
-0.146247,0.322096,0.486309,0.212425,-0.291411,-0.625564,-0.533718
-0.082280,0.410947,0.586132,0.293808,-0.250775,-0.631166,-0.590020
-0.213222,0.193369,0.315946,0.046730,-0.398746,-0.640874,-0.438311
0.128679,0.710979,0.910902,0.575659,-0.051535,-0.508926,-0.479645
-0.003292,0.570271,0.810390,0.525730,-0.068909,-0.517483,-0.494110
-0.028492,0.534439,0.769886,0.487442,-0.094257,-0.526096,-0.492001
-0.024548,0.535320,0.766754,0.482285,-0.101418,-0.538174,-0.508945
-0.044357,0.512672,0.742271,0.454037,-0.135342,-0.575768,-0.546263
-0.077490,0.485645,0.714462,0.417645,-0.182190,-0.629057,-0.594210
-0.112326,0.467714,0.715239,0.438908,-0.142581,-0.582020,-0.563256
-0.121727,0.408562,0.625353,0.348858,-0.210320,-0.614947,-0.558754
-0.077208,0.483936,0.704922,0.400345,-0.204245,-0.650939,-0.614940
-0.130935,0.448280,0.691083,0.408127,-0.179924,-0.635625,-0.700350
-0.461643,-0.201611,-0.167553,-0.417961,-0.753910,-0.869880,-0.670206
-0.347255,-0.161965,-0.254710,-0.578992,-0.895342,-0.910817,-0.537339
0.039839,0.511154,0.606020,0.263401,-0.267532,-0.572872,-0.394871
0.181957,0.791569,1.017570,0.694481,0.066620,-0.400253,-0.378418
0.094444,0.668442,0.912880,0.632484,0.042053,-0.404320,-0.384636
0.076324,0.633652,0.860603,0.566795,-0.032036,-0.479881,-0.449936
0.025116,0.598366,0.841095,0.561951,-0.021370,-0.458733,-0.430122
0.032867,0.591225,0.823112,0.540062,-0.044205,-0.482498,-0.456749
0.003395,0.556023,0.777344,0.479919,-0.119537,-0.564095,-0.530876
-0.051590,0.521965,0.761101,0.472542,-0.125946,-0.574425,-0.547043
-0.072556,0.501122,0.744286,0.463638,-0.124092,-0.566788,-0.539528
-0.072014,0.491829,0.725258,0.435936,-0.157452,-0.601841,-0.572353
-0.098717,0.470222,0.704792,0.411724,-0.189281,-0.637306,-0.604580
-0.123817,0.456087,0.703478,0.426043,-0.158493,-0.615597,-0.687574
-0.448243,-0.155366,-0.069242,-0.285650,-0.627970,-0.771755,-0.543995
-0.054559,0.401118,0.515659,0.189624,-0.346354,-0.682073,-0.566380
-0.080564,0.444773,0.637119,0.351051,-0.192224,-0.563516,-0.469418
0.037954,0.610023,0.830095,0.522643,-0.084816,-0.533395,-0.502211
-0.027875,0.540766,0.773077,0.477759,-0.124504,-0.573789,-0.543297
-0.063783,0.512925,0.755187,0.468755,-0.127633,-0.576953,-0.549426
-0.075779,0.497070,0.741371,0.464774,-0.115032,-0.549877,-0.520707
-0.057155,0.496900,0.721601,0.429492,-0.162748,-0.603071,-0.569555
-0.094852,0.471233,0.701998,0.406136,-0.193726,-0.638664,-0.604839
-0.123962,0.454105,0.699677,0.423367,-0.158100,-0.592632,-0.562168
-0.096352,0.461906,0.690777,0.402809,-0.185333,-0.622559,-0.589882
-0.120895,0.440514,0.666649,0.369133,-0.231384,-0.675995,-0.638901
-0.154785,0.425514,0.669403,0.383614,-0.212120,-0.677383,-0.747665
-0.511536,-0.246231,-0.204994,-0.448280,-0.777168,-0.884186,-0.643410
-0.202591,0.169785,0.240883,-0.052963,-0.495491,-0.724915,-0.554672
-0.098793,0.345131,0.475372,0.184433,-0.309933,-0.615166,-0.505409
-0.069431,0.390900,0.551067,0.286835,-0.194752,-0.495153,-0.353285
0.170155,0.730780,0.925824,0.594533,-0.027768,-0.480319,-0.446243
0.034854,0.609209,0.844243,0.548683,-0.052855,-0.503385,-0.474138
0.002180,0.576686,0.818710,0.535940,-0.056829,-0.504529,-0.480289
-0.012840,0.552881,0.789135,0.506510,-0.079275,-0.515167,-0.483134
-0.014796,0.542040,0.762654,0.459655,-0.142406,-0.586602,-0.548139
-0.063654,0.515049,0.756357,0.468005,-0.129309,-0.577594,-0.549042
-0.075355,0.497534,0.738943,0.460459,-0.122193,-0.556927,-0.526670
-0.061063,0.494052,0.715898,0.417054,-0.181857,-0.623905,-0.586236
-0.104485,0.470537,0.709183,0.419176,-0.179771,-0.626736,-0.595892
-0.117973,0.457161,0.701778,0.419640,-0.170528,-0.640049,-0.754601
-0.642403,-0.563362,-0.675388,-0.946442,-1.161171,-1.072979,-0.649492
-0.105751,0.277765,0.303247,-0.037762,-0.498697,-0.717067,-0.533920
-0.086739,0.330980,0.447960,0.175132,-0.276873,-0.525488,-0.326441
0.242908,0.830456,1.032635,0.695698,0.065834,-0.391293,-0.359810
0.117722,0.688538,0.919075,0.621002,0.016960,-0.434105,-0.405403
0.069389,0.642372,0.881905,0.595680,0.001427,-0.446770,-0.422058
0.044868,0.612999,0.854561,0.577187,-0.007317,-0.450737,-0.430077
0.026001,0.576546,0.794830,0.490494,-0.112900,-0.558418,-0.520294
-0.034203,0.546097,0.788002,0.498283,-0.103317,-0.553902,-0.526657
-0.051338,0.524139,0.767136,0.484360,-0.108406,-0.556091,-0.530861
-0.061443,0.505264,0.741520,0.455975,-0.132694,-0.571434,-0.538311
-0.065956,0.495850,0.721390,0.421326,-0.180748,-0.624952,-0.588446
-0.103939,0.474791,0.718086,0.432683,-0.163655,-0.610968,-0.583401
-0.110684,0.462224,0.708542,0.433949,-0.150703,-0.593274,-0.571754
-0.110889,0.443439,0.663538,0.362970,-0.236664,-0.676491,-0.634659
-0.144871,0.437145,0.678818,0.389862,-0.209011,-0.658833,-0.639603
-0.186855,0.362366,0.595978,0.328339,-0.231827,-0.644264,-0.594833
-0.117050,0.444283,0.666428,0.363991,-0.237503,-0.678185,-0.636230
-0.150230,0.427063,0.665031,0.372406,-0.226196,-0.671837,-0.637718
-0.157524,0.420845,0.663788,0.380974,-0.210838,-0.654633,-0.625519
-0.153229,0.414383,0.649612,0.363052,-0.225632,-0.661438,-0.624420
-0.147217,0.419388,0.647766,0.350525,-0.248764,-0.691147,-0.652847
-0.168503,0.411057,0.654221,0.369659,-0.223892,-0.669388,-0.639053
-0.163574,0.411087,0.660141,0.387283,-0.194672,-0.635529,-0.611328
-0.149750,0.404297,0.627060,0.328171,-0.267853,-0.704086,-0.659683
-0.170258,0.409439,0.650787,0.361496,-0.235748,-0.681015,-0.647507
-0.167923,0.408875,0.655151,0.376617,-0.209976,-0.651535,-0.624115
-0.155457,0.406616,0.634384,0.338486,-0.258453,-0.696594,-0.654068
-0.166519,0.412308,0.650833,0.359726,-0.238327,-0.685394,-0.664398
-0.211868,0.334229,0.563766,0.295029,-0.263290,-0.677811,-0.664597
-0.281296,0.165924,0.332672,0.077927,-0.399109,-0.698883,-0.554398
-0.023468,0.546570,0.746094,0.412415,-0.212204,-0.662155,-0.615707
-0.117447,0.472961,0.720032,0.433472,-0.164017,-0.612457,-0.583084
-0.107597,0.468056,0.716110,0.443237,-0.138733,-0.579620,-0.554489
-0.092972,0.461998,0.683701,0.384727,-0.211380,-0.647720,-0.602432
-0.114113,0.466446,0.706673,0.417259,-0.180122,-0.624565,-0.592201
-0.113747,0.462891,0.708023,0.430298,-0.156479,-0.598221,-0.570023
-0.102539,0.465179,0.707336,0.432518,-0.148445,-0.587357,-0.562218
-0.099720,0.455246,0.675976,0.376034,-0.222008,-0.662212,-0.618801
-0.129406,0.454170,0.699345,0.415806,-0.178684,-0.624165,-0.594776
-0.119278,0.457363,0.705429,0.432568,-0.150368,-0.599052,-0.610929
-0.225145,0.246992,0.431580,0.166172,-0.344883,-0.692038,-0.608185
-0.160748,0.335362,0.517321,0.236602,-0.292566,-0.657677,-0.596504
-0.177400,0.293568,0.472105,0.215344,-0.276407,-0.610306,-0.551416
-0.195127,0.158913,0.228447,-0.061089,-0.491524,-0.694321,-0.448872
0.150845,0.743111,0.930443,0.567101,-0.085983,-0.553406,-0.513542
-0.012054,0.587395,0.844376,0.566643,-0.026993,-0.477501,-0.458015
0.006683,0.571625,0.812958,0.537323,-0.045441,-0.486176,-0.461853
-0.001175,0.551010,0.770905,0.470139,-0.127777,-0.564926,-0.521439
-0.034897,0.543869,0.783295,0.493057,-0.103180,-0.548462,-0.517914
-0.041275,0.532578,0.778854,0.503220,-0.080505,-0.523163,-0.500748
-0.040970,0.512268,0.731277,0.429626,-0.169144,-0.605194,-0.559616
-0.070053,0.509781,0.749283,0.459137,-0.138962,-0.585114,-0.553452
-0.075714,0.499237,0.745621,0.470108,-0.114487,-0.555054,-0.530563
-0.066772,0.496307,0.736786,0.464218,-0.113556,-0.556137,-0.558090
-0.153671,0.335938,0.526093,0.248627,-0.288071,-0.664551,-0.610718
-0.188156,0.293060,0.475922,0.210724,-0.295227,-0.643204,-0.588486
-0.210937,0.191513,0.310959,0.039627,-0.415756,-0.683334,-0.561630
-0.171432,0.179092,0.215851,-0.113007,-0.562851,-0.756561,-0.480606
0.154221,0.775421,0.980667,0.623352,-0.034500,-0.512527,-0.486099
0.004028,0.598068,0.857498,0.587082,-0.000290,-0.450455,-0.435501
0.019806,0.580322,0.825089,0.558701,-0.013916,-0.451431,-0.433716
0.013596,0.552536,0.762238,0.458191,-0.137085,-0.571640,-0.525574
-0.039413,0.538986,0.780960,0.498154,-0.091705,-0.534576,-0.509460
-0.045029,0.518677,0.756851,0.478073,-0.102905,-0.540878,-0.515778
-0.055283,0.494766,0.710617,0.406815,-0.192139,-0.628357,-0.581985
-0.092590,0.487076,0.728363,0.441956,-0.151482,-0.595917,-0.566483
-0.094841,0.475044,0.715431,0.435944,-0.149658,-0.593170,-0.582344
-0.147697,0.383583,0.612099,0.355042,-0.187805,-0.589928,-0.557625
-0.128067,0.375702,0.565254,0.272514,-0.286144,-0.682434,-0.643356
-0.230518,0.244991,0.431938,0.176689,-0.319424,-0.659588,-0.605923
-0.245041,0.125282,0.215836,-0.062637,-0.496758,-0.721760,-0.522728
0.003674,0.526237,0.685555,0.350151,-0.234200,-0.626652,-0.532028
-0.009476,0.584476,0.823307,0.527603,-0.075047,-0.530582,-0.525822
-0.100128,0.420326,0.640068,0.378212,-0.159630,-0.552887,-0.513760
-0.088192,0.411629,0.612875,0.350277,-0.175600,-0.548210,-0.473000
0.008821,0.556555,0.759359,0.441641,-0.168165,-0.610266,-0.567770
-0.078310,0.505325,0.753475,0.473855,-0.115784,-0.562325,-0.539859
-0.075134,0.490828,0.734163,0.464424,-0.112493,-0.551312,-0.529986
-0.077134,0.468275,0.683436,0.382858,-0.210933,-0.643993,-0.598394
-0.110739,0.467207,0.709726,0.426487,-0.163801,-0.607071,-0.579407
-0.111477,0.455711,0.698318,0.426884,-0.148777,-0.586349,-0.562801
-0.105793,0.448624,0.682480,0.406281,-0.172138,-0.612442,-0.611130
-0.204468,0.290314,0.485603,0.212250,-0.323296,-0.702530,-0.659256
-0.253967,0.211136,0.390709,0.137917,-0.348915,-0.675972,-0.590767
-0.161514,0.306801,0.473923,0.200974,-0.305847,-0.639046,-0.521835
-0.009140,0.552597,0.753639,0.429306,-0.185112,-0.627869,-0.583084
-0.093315,0.488678,0.731300,0.446205,-0.145927,-0.590050,-0.562256
-0.093224,0.475052,0.718735,0.446411,-0.131111,-0.568573,-0.544930
-0.088791,0.457916,0.672409,0.370201,-0.225204,-0.657913,-0.610985
-0.121033,0.458206,0.701042,0.417137,-0.173813,-0.616753,-0.587791
-0.117592,0.450867,0.693756,0.420647,-0.156670,-0.593925,-0.568115
-0.108856,0.447784,0.683846,0.407883,-0.170311,-0.605507,-0.578629
-0.119286,0.431580,0.653130,0.360840,-0.226685,-0.657440,-0.614441
-0.134239,0.436325,0.673485,0.389824,-0.195999,-0.633858,-0.602768
-0.136337,0.427414,0.665649,0.389877,-0.188110,-0.630920,-0.642822
-0.270737,0.172226,0.327896,0.053391,-0.441269,-0.758499,-0.667435
-0.262665,0.146278,0.251648,-0.040459,-0.507629,-0.771240,-0.635841
-0.234001,0.122208,0.166557,-0.146950,-0.579643,-0.763176,-0.488869
0.135551,0.748390,0.955124,0.610023,-0.032799,-0.506660,-0.486858
-0.014038,0.557003,0.794621,0.507488,-0.082764,-0.521130,-0.487640
-0.014927,0.553078,0.792572,0.514133,-0.066528,-0.503204,-0.476833
-0.017036,0.540127,0.772783,0.493435,-0.086174,-0.521803,-0.494392
-0.035516,0.514879,0.733997,0.438309,-0.150644,-0.581852,-0.540285
-0.060539,0.508585,0.743334,0.457272,-0.129958,-0.568251,-0.537612
-0.068696,0.496536,0.735241,0.457984,-0.122475,-0.559919,-0.534300
-0.074263,0.484123,0.718977,0.442789,-0.137585,-0.574943,-0.550212
-0.090077,0.462550,0.684865,0.389421,-0.204165,-0.641910,-0.601927
-0.118857,0.460403,0.707157,0.432018,-0.152196,-0.596287,-0.587013
-0.160744,0.354431,0.563090,0.292219,-0.250635,-0.652754,-0.666336
-0.369145,-0.038481,0.050889,-0.197479,-0.586127,-0.772896,-0.585771
-0.162962,0.186674,0.208871,-0.128541,-0.577111,-0.769544,-0.514791
0.054120,0.579742,0.716688,0.365944,-0.211143,-0.579803,-0.459656
0.076454,0.667229,0.887272,0.569038,-0.049110,-0.500473,-0.466194
0.016090,0.592598,0.834648,0.551895,-0.034988,-0.474915,-0.448830
0.015556,0.577263,0.814415,0.538536,-0.039589,-0.477669,-0.454643
0.001839,0.555710,0.789993,0.515175,-0.061897,-0.498924,-0.476807
-0.023178,0.522987,0.739868,0.443924,-0.145294,-0.575783,-0.532532
-0.053070,0.517723,0.755104,0.473602,-0.110092,-0.547813,-0.520515
-0.058823,0.500229,0.733788,0.455338,-0.124352,-0.560051,-0.532707
-0.073891,0.476448,0.695518,0.399788,-0.189201,-0.620441,-0.575966
-0.095287,0.476719,0.714325,0.433056,-0.150398,-0.586903,-0.558392
-0.094513,0.463779,0.697567,0.416420,-0.163982,-0.610153,-0.633211
-0.294636,0.105347,0.238964,-0.020275,-0.470505,-0.741745,-0.622704
-0.217543,0.172230,0.258614,-0.042549,-0.503065,-0.748362,-0.578220
-0.112669,0.325209,0.427010,0.110825,-0.385109,-0.663567,-0.475510
0.094688,0.689941,0.904652,0.579178,-0.045166,-0.507557,-0.485176
-0.014683,0.551125,0.782578,0.491291,-0.100140,-0.537720,-0.509308
-0.049438,0.501942,0.732780,0.459450,-0.105404,-0.522503,-0.480633
-0.011341,0.545464,0.772881,0.487366,-0.096397,-0.534191,-0.505993
-0.044380,0.512630,0.740261,0.452026,-0.137352,-0.577778,-0.548267
-0.077541,0.487530,0.723152,0.440884,-0.139652,-0.573265,-0.539940
-0.072266,0.487825,0.718510,0.435261,-0.147224,-0.582767,-0.552332
-0.087519,0.471695,0.704442,0.420308,-0.165982,-0.605291,-0.576630
-0.109667,0.449728,0.678752,0.390933,-0.195099,-0.631217,-0.614039
-0.185793,0.327439,0.537106,0.273097,-0.260025,-0.645663,-0.617525
-0.246777,0.161638,0.285049,0.006899,-0.460117,-0.737253,-0.598660
-0.130188,0.354534,0.515440,0.219721,-0.314543,-0.676888,-0.625666
-0.256456,0.124068,0.218873,-0.062222,-0.499920,-0.717724,-0.485189
0.107600,0.706679,0.911508,0.573313,-0.062661,-0.527780,-0.502243
-0.023737,0.553917,0.800040,0.520358,-0.071302,-0.519854,-0.499386
-0.036647,0.525388,0.760921,0.480516,-0.099158,-0.529969,-0.496805
-0.029299,0.529647,0.759189,0.473825,-0.110764,-0.546442,-0.515168
-0.049532,0.509517,0.740140,0.454874,-0.132544,-0.572976,-0.544455
-0.077636,0.482589,0.709499,0.412745,-0.187025,-0.632852,-0.597950
-0.116010,0.464085,0.710687,0.431493,-0.156740,-0.599930,-0.572186
-0.102224,0.465023,0.705732,0.426556,-0.157751,-0.598026,-0.571301
-0.106256,0.454168,0.685186,0.392508,-0.204201,-0.649918,-0.616859
-0.137718,0.439606,0.685417,0.409351,-0.170895,-0.605194,-0.573521
-0.107479,0.453934,0.685928,0.403008,-0.181099,-0.628990,-0.651794
-0.304173,0.118443,0.278393,0.033520,-0.422989,-0.703392,-0.545578
-0.009243,0.560284,0.760265,0.430965,-0.185436,-0.632114,-0.597080
-0.127708,0.432125,0.666470,0.392715,-0.175476,-0.594898,-0.550438
-0.077587,0.483727,0.712696,0.424816,-0.164211,-0.604279,-0.574413
-0.105282,0.457237,0.684467,0.389015,-0.210434,-0.655945,-0.619751
-0.136520,0.443878,0.691757,0.416756,-0.164383,-0.599564,-0.568771
-0.102623,0.457909,0.690994,0.410126,-0.171951,-0.607079,-0.576233
-0.111015,0.446655,0.673973,0.380554,-0.213951,-0.656509,-0.622276
-0.143921,0.430672,0.672806,0.393089,-0.187836,-0.620850,-0.585953
-0.116714,0.445915,0.680092,0.398361,-0.183594,-0.618607,-0.586655
-0.121323,0.438416,0.667778,0.380302,-0.208321,-0.646027,-0.613815
-0.140404,0.425385,0.656845,0.362648,-0.235550,-0.680794,-0.645309
-0.161804,0.418877,0.668015,0.393295,-0.186600,-0.625420,-0.616783
-0.200905,0.303001,0.509293,0.246826,-0.283791,-0.657173,-0.575874
-0.082146,0.480331,0.693848,0.381874,-0.228096,-0.676208,-0.639656
-0.161934,0.396408,0.616585,0.324890,-0.248367,-0.655212,-0.589500
-0.094612,0.482681,0.718697,0.430969,-0.159866,-0.600754,-0.572678
-0.106293,0.455460,0.684860,0.392532,-0.201866,-0.644333,-0.610970
-0.131538,0.442169,0.682446,0.394058,-0.202301,-0.648655,-0.615246
-0.135761,0.442879,0.689022,0.411327,-0.174438,-0.615181,-0.585987
-0.115562,0.450191,0.686493,0.401978,-0.188595,-0.630188,-0.599884
-0.125427,0.443348,0.677761,0.385513,-0.213692,-0.659931,-0.625431
-0.140961,0.441650,0.692699,0.418892,-0.161072,-0.596069,-0.565090
-0.097782,0.461952,0.693260,0.407707,-0.179014,-0.615820,-0.582722
-0.111361,0.452393,0.681826,0.385624,-0.213594,-0.657894,-0.622452
-0.138021,0.443571,0.688728,0.404200,-0.190290,-0.639675,-0.621969
-0.169762,0.378929,0.612982,0.345781,-0.213954,-0.624990,-0.572218
-0.091130,0.476398,0.704688,0.407349,-0.194953,-0.642312,-0.608926
-0.126534,0.453034,0.696187,0.409671,-0.188745,-0.641042,-0.634034
-0.204143,0.319511,0.544389,0.292521,-0.231505,-0.611062,-0.566163
-0.150494,0.327808,0.507748,0.235773,-0.282780,-0.631514,-0.523842
-0.011803,0.557089,0.768162,0.446915,-0.171268,-0.622650,-0.584461
-0.093410,0.494732,0.744423,0.466331,-0.118862,-0.557091,-0.525417
-0.056450,0.505898,0.739792,0.454838,-0.132271,-0.569466,-0.538719
-0.069695,0.491745,0.717896,0.421371,-0.179153,-0.622803,-0.585739
-0.101662,0.478600,0.723412,0.437553,-0.158257,-0.606026,-0.576958
-0.100800,0.475510,0.722275,0.449097,-0.130249,-0.564636,-0.534035
-0.070038,0.486412,0.711533,0.415939,-0.179756,-0.620567,-0.583626
-0.103577,0.470741,0.708687,0.417984,-0.179695,-0.625404,-0.593323
-0.113197,0.465103,0.710899,0.435783,-0.143517,-0.576881,-0.545273
-0.079292,0.479126,0.706200,0.415459,-0.175415,-0.613403,-0.578560
-0.104485,0.462929,0.694038,0.400475,-0.199066,-0.643692,-0.607590
-0.124466,0.455826,0.700676,0.417793,-0.176048,-0.627716,-0.628883
-0.218803,0.284241,0.496513,0.244858,-0.267227,-0.623230,-0.529602
-0.032448,0.526573,0.732758,0.412529,-0.201706,-0.648193,-0.605156
-0.112228,0.473877,0.720573,0.433655,-0.165161,-0.617859,-0.604408
-0.160332,0.380295,0.611244,0.350739,-0.191628,-0.584473,-0.522476
-0.042999,0.513168,0.728233,0.422676,-0.179962,-0.621803,-0.583923
-0.100983,0.475212,0.713066,0.421295,-0.178421,-0.624191,-0.592171
-0.111130,0.467094,0.711845,0.430817,-0.161186,-0.607140,-0.579197
-0.107086,0.462288,0.700222,0.413418,-0.179424,-0.623268,-0.590309
-0.113228,0.459122,0.694149,0.401531,-0.199997,-0.646591,-0.612442
-0.127342,0.455883,0.703640,0.421680,-0.172218,-0.621021,-0.593952
-0.118797,0.455551,0.700371,0.423313,-0.158894,-0.595135,-0.563435
-0.094440,0.465012,0.691162,0.393658,-0.205879,-0.648540,-0.610500
-0.126427,0.453835,0.696693,0.409889,-0.185886,-0.632633,-0.602551
-0.125389,0.451931,0.698711,0.421650,-0.166420,-0.618237,-0.632240
-0.249537,0.220531,0.411860,0.157042,-0.343519,-0.679302,-0.562696
-0.042774,0.531979,0.747885,0.429480,-0.188816,-0.643234,-0.610983
-0.130693,0.445818,0.690826,0.412981,-0.170980,-0.607006,-0.571184
-0.094198,0.479034,0.717857,0.433884,-0.153229,-0.589447,-0.555773
-0.082869,0.480457,0.707510,0.408945,-0.191643,-0.634373,-0.596401
-0.110445,0.469723,0.713469,0.428511,-0.166409,-0.613291,-0.584320
-0.109238,0.464064,0.705887,0.426840,-0.156363,-0.591639,-0.558985
-0.090019,0.469404,0.692593,0.393131,-0.206390,-0.648062,-0.608063
-0.122048,0.457203,0.699063,0.411266,-0.185488,-0.632234,-0.601171
-0.123036,0.454267,0.700057,0.422013,-0.166056,-0.610057,-0.583115
-0.113948,0.450561,0.684652,0.395993,-0.194776,-0.633637,-0.597692
-0.119601,0.450821,0.684911,0.391370,-0.206190,-0.648849,-0.612758
-0.130614,0.447732,0.691628,0.407801,-0.185019,-0.629820,-0.600737
-0.127492,0.442036,0.676218,0.385698,-0.208867,-0.660275,-0.677775
-0.316107,0.126292,0.303889,0.061851,-0.404551,-0.706474,-0.600262
-0.158013,0.315376,0.479708,0.197154,-0.318201,-0.662786,-0.585180
-0.158584,0.312969,0.488176,0.226162,-0.269821,-0.594242,-0.470298
0.047116,0.611555,0.812351,0.481892,-0.138590,-0.586393,-0.541739
-0.047213,0.540461,0.784794,0.497482,-0.101736,-0.550934,-0.524267
-0.050501,0.522465,0.765900,0.485508,-0.101963,-0.544407,-0.517883
-0.051094,0.510071,0.737911,0.445004,-0.148029,-0.586212,-0.546669
-0.066002,0.505016,0.736755,0.440880,-0.158028,-0.603004,-0.567261
-0.085472,0.492516,0.736053,0.451862,-0.140350,-0.585529,-0.557808
-0.085915,0.486172,0.732647,0.460161,-0.122408,-0.563894,-0.541304
-0.082315,0.471128,0.690346,0.389877,-0.206734,-0.643568,-0.597801
-0.109978,0.470085,0.710798,0.420883,-0.176018,-0.621933,-0.590050
-0.113056,0.463115,0.708758,0.432521,-0.151806,-0.593080,-0.566366
-0.103288,0.453234,0.673550,0.372222,-0.226217,-0.666811,-0.638439
-0.183471,0.358191,0.580399,0.305373,-0.254298,-0.661358,-0.623195
-0.188801,0.320756,0.525806,0.260155,-0.268736,-0.646271,-0.606198
-0.209955,0.247155,0.423686,0.172760,-0.309299,-0.625776,-0.499817
0.014717,0.574355,0.771374,0.438156,-0.186030,-0.636519,-0.592565
-0.093843,0.498971,0.751335,0.469054,-0.128102,-0.579161,-0.555310
-0.084328,0.488811,0.738284,0.466812,-0.114751,-0.557198,-0.535558
-0.076536,0.475963,0.696196,0.396734,-0.200834,-0.637642,-0.592825
-0.103992,0.477073,0.716822,0.426929,-0.169951,-0.615848,-0.584923
-0.106926,0.469260,0.714920,0.436743,-0.148531,-0.589764,-0.563990
-0.097935,0.468372,0.710100,0.434864,-0.146519,-0.587803,-0.565985
-0.105804,0.447847,0.670202,0.371870,-0.224571,-0.661240,-0.618233
-0.130211,0.450050,0.692917,0.408066,-0.184788,-0.629623,-0.599602
-0.125423,0.446983,0.691826,0.413822,-0.172253,-0.623066,-0.642910
-0.274780,0.177917,0.353996,0.098724,-0.390560,-0.715160,-0.624577
-0.190979,0.279705,0.445267,0.166866,-0.343391,-0.681942,-0.607147
-0.193096,0.261147,0.427021,0.170422,-0.308475,-0.625721,-0.553259
-0.187428,0.173136,0.238390,-0.069059,-0.520173,-0.735644,-0.488100
0.123470,0.732365,0.935199,0.582328,-0.068190,-0.540882,-0.509175
-0.016744,0.576662,0.834484,0.560528,-0.029371,-0.482042,-0.483242
-0.064434,0.451143,0.668978,0.409134,-0.127697,-0.515072,-0.451569
0.027443,0.579220,0.787006,0.473244,-0.132648,-0.572830,-0.528439
-0.038078,0.542530,0.783775,0.496330,-0.098137,-0.543606,-0.516174
-0.044579,0.525257,0.766567,0.487980,-0.096733,-0.538395,-0.513054
-0.051338,0.501865,0.720844,0.419159,-0.179638,-0.615715,-0.571156
-0.082577,0.497253,0.735775,0.445641,-0.152456,-0.597610,-0.565950
-0.089184,0.485785,0.731207,0.454748,-0.128824,-0.570332,-0.545805
-0.082945,0.480194,0.721712,0.449196,-0.126563,-0.566186,-0.553467
-0.120858,0.399615,0.603752,0.310816,-0.258789,-0.670809,-0.636583
-0.208042,0.293766,0.495049,0.233481,-0.285499,-0.653213,-0.609266
-0.217973,0.227398,0.395229,0.143500,-0.332515,-0.646907,-0.563798
-0.158120,0.277080,0.416271,0.133230,-0.361114,-0.662412,-0.506757
0.038178,0.621100,0.831417,0.505509,-0.117305,-0.578164,-0.570859
-0.141660,0.379344,0.601588,0.349056,-0.177591,-0.563659,-0.537914
-0.152947,0.298840,0.477901,0.235333,-0.240406,-0.555516,-0.436999
0.066243,0.613708,0.803542,0.471013,-0.147614,-0.590647,-0.544192
-0.049838,0.537665,0.786715,0.507003,-0.082730,-0.530348,-0.512859
-0.058929,0.495357,0.732005,0.462476,-0.106420,-0.535338,-0.510064
-0.062091,0.472620,0.679134,0.378778,-0.206980,-0.629153,-0.573744
-0.080277,0.499516,0.738978,0.450751,-0.143507,-0.587784,-0.559165
-0.088341,0.479760,0.720335,0.442002,-0.141472,-0.583855,-0.572892
-0.142019,0.384550,0.609375,0.351589,-0.191008,-0.594830,-0.575930
-0.179186,0.287205,0.460230,0.181410,-0.340982,-0.698399,-0.636433
-0.224346,0.235767,0.408440,0.150764,-0.335049,-0.660126,-0.592487
-0.225573,0.145840,0.235518,-0.041870,-0.474920,-0.693985,-0.469538
0.111330,0.692736,0.877126,0.517707,-0.127570,-0.589201,-0.545551
-0.045186,0.550226,0.806134,0.530285,-0.060507,-0.509176,-0.490781
-0.030097,0.530878,0.771220,0.497531,-0.079398,-0.516280,-0.492064
-0.035377,0.519684,0.754168,0.476631,-0.105084,-0.545730,-0.524261
-0.065409,0.486919,0.709911,0.417089,-0.172929,-0.608119,-0.567562
-0.087835,0.484201,0.721840,0.437668,-0.152569,-0.595791,-0.572960
-0.115683,0.439978,0.678972,0.410799,-0.154795,-0.579453,-0.546047
-0.084152,0.464359,0.679665,0.378254,-0.216362,-0.650242,-0.605450
-0.118591,0.457584,0.697380,0.412415,-0.178600,-0.621616,-0.594669
-0.127453,0.438061,0.679981,0.409824,-0.164566,-0.602833,-0.599503
-0.192795,0.298126,0.487640,0.206596,-0.331673,-0.707748,-0.648651
-0.216942,0.275314,0.465172,0.201088,-0.311600,-0.668190,-0.619072
-0.242195,0.168396,0.298843,0.035469,-0.418854,-0.687332,-0.542122
-0.067097,0.426060,0.594334,0.302975,-0.230885,-0.588940,-0.487579
0.019180,0.583809,0.792610,0.476917,-0.132835,-0.574890,-0.535282
-0.050644,0.525280,0.765785,0.480541,-0.110760,-0.556023,-0.537178
-0.086777,0.461082,0.696255,0.432102,-0.125603,-0.541477,-0.502300
-0.039574,0.505844,0.715153,0.408768,-0.188828,-0.622730,-0.576015
-0.087261,0.491776,0.731461,0.445412,-0.146687,-0.590775,-0.560997
-0.090973,0.478287,0.722942,0.449627,-0.128880,-0.567314,-0.542679
-0.084591,0.472843,0.708710,0.433525,-0.143902,-0.580288,-0.555573
-0.097404,0.453274,0.675613,0.383125,-0.204601,-0.637516,-0.601540
-0.133183,0.426624,0.660938,0.385201,-0.186905,-0.616062,-0.605659
-0.193893,0.303005,0.507240,0.250546,-0.269466,-0.647972,-0.636204
-0.298275,0.089348,0.223419,-0.022675,-0.454994,-0.710449,-0.572834
-0.134632,0.305447,0.432865,0.136204,-0.363823,-0.675632,-0.576290
-0.170153,0.235231,0.337074,0.047312,-0.411688,-0.657449,-0.452624
0.120515,0.711841,0.920706,0.591391,-0.033834,-0.496118,-0.473636
-0.005000,0.560921,0.791511,0.496438,-0.100704,-0.549799,-0.544514
-0.125134,0.386141,0.604601,0.355154,-0.162575,-0.530045,-0.450718
0.036152,0.594746,0.815140,0.519726,-0.073849,-0.516487,-0.489182
-0.025532,0.531548,0.756310,0.463280,-0.126949,-0.562355,-0.523972
-0.046406,0.523483,0.763870,0.483395,-0.099285,-0.537952,-0.512573
-0.049850,0.509243,0.744793,0.466362,-0.113308,-0.550949,-0.525528
-0.065685,0.492504,0.726189,0.447861,-0.135609,-0.576036,-0.559227
-0.114754,0.421381,0.637127,0.350805,-0.222992,-0.644056,-0.619772
-0.200108,0.300716,0.506884,0.253080,-0.261137,-0.629993,-0.592066
-0.208693,0.230782,0.395699,0.144989,-0.329041,-0.645370,-0.567112
-0.174053,0.242786,0.370626,0.091970,-0.384350,-0.676577,-0.571501
-0.183117,0.184170,0.253151,-0.045723,-0.485416,-0.693481,-0.448368
0.152973,0.752705,0.956219,0.615742,-0.019573,-0.486973,-0.464684
0.008648,0.576294,0.807610,0.515205,-0.078323,-0.517975,-0.488686
-0.028938,0.523308,0.754021,0.479576,-0.087349,-0.507484,-0.468628
-0.005249,0.545692,0.772186,0.489662,-0.088211,-0.518219,-0.486214
-0.020828,0.536987,0.768341,0.485748,-0.099030,-0.538803,-0.514519
-0.052872,0.501244,0.725021,0.432980,-0.155289,-0.590702,-0.569901
-0.133186,0.392334,0.610260,0.346611,-0.193005,-0.580200,-0.515530
-0.034378,0.524414,0.746967,0.454685,-0.136757,-0.577271,-0.548832
-0.084045,0.472214,0.694221,0.396517,-0.197357,-0.643200,-0.649326
-0.269558,0.191746,0.383183,0.149961,-0.320412,-0.640932,-0.570733
-0.180777,0.245686,0.392825,0.130359,-0.343597,-0.663760,-0.642032
-0.379192,-0.103071,-0.027699,-0.236214,-0.561930,-0.694157,-0.472530
-0.018482,0.378687,0.446976,0.119068,-0.366997,-0.629818,-0.452644
0.065758,0.593082,0.769802,0.463345,-0.096245,-0.479813,-0.394955
0.105194,0.675964,0.902550,0.604469,0.005302,-0.442879,-0.421082
0.039055,0.593620,0.815880,0.521339,-0.068443,-0.503418,-0.470474
-0.009048,0.543869,0.774269,0.499519,-0.068695,-0.490112,-0.452522
0.012520,0.567070,0.795181,0.509369,-0.074692,-0.512787,-0.486839
-0.025505,0.530251,0.758583,0.470070,-0.121548,-0.569069,-0.559292
-0.128624,0.394814,0.612629,0.348869,-0.190853,-0.582066,-0.541882
-0.120148,0.370022,0.559757,0.288692,-0.238728,-0.617744,-0.604532
-0.271038,0.112186,0.247753,0.011929,-0.412174,-0.653631,-0.471888
0.050066,0.565294,0.700729,0.338730,-0.260250,-0.660362,-0.604572
-0.182989,0.276764,0.433449,0.163834,-0.319166,-0.627785,-0.537981
-0.135441,0.289812,0.431839,0.170162,-0.297159,-0.590246,-0.475296
-0.031244,0.436104,0.587589,0.290340,-0.240566,-0.595692,-0.525604
-0.106472,0.355724,0.526535,0.269928,-0.211918,-0.518433,-0.382614
0.136784,0.699272,0.902027,0.581306,-0.030518,-0.478546,-0.447803
0.024136,0.591370,0.825207,0.537254,-0.058697,-0.506618,-0.482597
-0.016342,0.547218,0.783287,0.502430,-0.078671,-0.511875,-0.480106
-0.014965,0.540661,0.768862,0.482170,-0.102760,-0.538776,-0.508816
-0.044483,0.513273,0.741640,0.452185,-0.138407,-0.580030,-0.550736
-0.082173,0.480757,0.709372,0.413331,-0.186710,-0.632806,-0.600121
-0.119405,0.458504,0.702940,0.420624,-0.169725,-0.622820,-0.643948
-0.279045,0.173386,0.358967,0.120922,-0.352268,-0.668743,-0.565235
-0.101257,0.403419,0.581161,0.277699,-0.284752,-0.671127,-0.588047
-0.100365,0.430729,0.605339,0.282181,-0.292961,-0.675301,-0.574554
-0.049843,0.542358,0.777504,0.479134,-0.124199,-0.575523,-0.551933
-0.084145,0.479980,0.713676,0.426582,-0.165573,-0.608742,-0.579018
-0.107101,0.460136,0.693993,0.402176,-0.196602,-0.642426,-0.610451
-0.130432,0.446785,0.691513,0.411446,-0.175697,-0.616829,-0.588997
-0.119919,0.445473,0.680443,0.394608,-0.195312,-0.637245,-0.606293
-0.134125,0.432388,0.665543,0.372040,-0.228409,-0.674896,-0.641617
-0.158356,0.422089,0.670990,0.396027,-0.184097,-0.620224,-0.590347
-0.124146,0.435471,0.667664,0.383942,-0.201920,-0.638855,-0.606857
-0.138535,0.423187,0.652573,0.359253,-0.238083,-0.682480,-0.648087
-0.166656,0.410019,0.654205,0.376556,-0.206253,-0.651871,-0.678268
-0.344955,0.050797,0.188034,-0.062714,-0.502579,-0.777222,-0.718170
-0.459366,-0.241913,-0.248093,-0.501236,-0.806686,-0.869003,-0.571228
-0.067108,0.358200,0.443634,0.120018,-0.378403,-0.657364,-0.478600
0.067741,0.634476,0.836563,0.526917,-0.058304,-0.475090,-0.425102
0.042458,0.587776,0.804783,0.519684,-0.053902,-0.471855,-0.424004
0.053162,0.614830,0.837292,0.536110,-0.067089,-0.515358,-0.482891
-0.005335,0.569424,0.810722,0.528210,-0.056490,-0.493264,-0.462108
0.005358,0.566210,0.796660,0.510236,-0.076384,-0.515057,-0.484802
-0.019204,0.539801,0.765496,0.469482,-0.128587,-0.573714,-0.541057
-0.063304,0.511658,0.751215,0.463080,-0.133041,-0.580143,-0.551396
-0.076538,0.497511,0.741047,0.463692,-0.117841,-0.552444,-0.523033
-0.057289,0.499914,0.726758,0.434819,-0.158231,-0.599357,-0.565661
-0.090781,0.476456,0.709339,0.415575,-0.183187,-0.628993,-0.595046
-0.116007,0.458285,0.698161,0.416210,-0.168894,-0.625582,-0.710816
-0.523682,-0.320599,-0.313657,-0.546966,-0.830796,-0.879486,-0.588732
-0.117927,0.265589,0.328180,0.015150,-0.446392,-0.692713,-0.538242
-0.102875,0.322674,0.448387,0.174450,-0.291351,-0.559494,-0.376858
0.182091,0.767166,0.972748,0.639206,0.008804,-0.451782,-0.422737
0.059227,0.637367,0.878105,0.586235,-0.017509,-0.471214,-0.446083
0.028091,0.601456,0.843323,0.558434,-0.037415,-0.486206,-0.461105
0.010124,0.579590,0.819550,0.539612,-0.042534,-0.478737,-0.448967
0.016144,0.572708,0.798912,0.507301,-0.086411,-0.528206,-0.497131
-0.025841,0.539787,0.771065,0.478630,-0.119804,-0.566269,-0.535912
-0.059464,0.515182,0.757355,0.473763,-0.118835,-0.566353,-0.539978
-0.070396,0.496468,0.730934,0.441658,-0.152657,-0.597961,-0.565483
-0.089851,0.481056,0.714645,0.419624,-0.183308,-0.631290,-0.597553
-0.113834,0.468021,0.714413,0.430130,-0.166077,-0.615211,-0.596287
-0.165333,0.315418,0.453846,0.123165,-0.428150,-0.784910,-0.726185
-0.357338,0.039444,0.174784,-0.060280,-0.475805,-0.711681,-0.569321
-0.145947,0.272608,0.394329,0.110580,-0.365906,-0.656342,-0.540707
-0.112572,0.332180,0.479851,0.212040,-0.263321,-0.553635,-0.396881
0.138386,0.705853,0.898891,0.557804,-0.073219,-0.528549,-0.489410
0.001598,0.585781,0.827618,0.534901,-0.069675,-0.522240,-0.495007
-0.019703,0.556732,0.801643,0.519787,-0.072075,-0.519852,-0.495682
-0.029282,0.535408,0.769661,0.484081,-0.102673,-0.538548,-0.504536
-0.034241,0.525517,0.748055,0.445984,-0.157108,-0.601345,-0.563900
-0.079441,0.500210,0.741489,0.454082,-0.143267,-0.591585,-0.563063
-0.089405,0.482481,0.722900,0.443436,-0.140184,-0.575876,-0.543634
-0.077034,0.481019,0.703826,0.404961,-0.194948,-0.637982,-0.601287
-0.118547,0.457458,0.697079,0.407063,-0.190912,-0.638868,-0.608027
-0.130108,0.446003,0.690615,0.410429,-0.180740,-0.648319,-0.744339
-0.550312,-0.311096,-0.253704,-0.454609,-0.744434,-0.826420,-0.566715
-0.099331,0.302273,0.379856,0.060184,-0.427475,-0.704559,-0.564945
-0.115974,0.339657,0.486387,0.207876,-0.281988,-0.593511,-0.498777
-0.081592,0.361094,0.510620,0.244640,-0.229885,-0.520355,-0.366687
0.164539,0.728000,0.918040,0.575932,-0.057083,-0.514389,-0.475252
0.017700,0.604782,0.853403,0.568375,-0.030544,-0.483364,-0.461271
0.006001,0.575451,0.820278,0.545166,-0.039038,-0.482161,-0.462177
-0.003832,0.547985,0.768509,0.469324,-0.127979,-0.567467,-0.527269
-0.043999,0.530567,0.764845,0.471478,-0.129827,-0.577187,-0.544785
-0.067286,0.508401,0.750630,0.467096,-0.125443,-0.570950,-0.544529
-0.074908,0.490046,0.723594,0.436346,-0.153033,-0.591499,-0.556145
-0.082553,0.481453,0.708204,0.409342,-0.190565,-0.634575,-0.597872
-0.114147,0.463810,0.706341,0.421162,-0.173004,-0.620113,-0.592342
-0.119427,0.454662,0.701168,0.427742,-0.154774,-0.602066,-0.609634
-0.215675,0.265537,0.453259,0.179230,-0.349152,-0.715439,-0.641739
-0.187759,0.324600,0.518753,0.238403,-0.304070,-0.685303,-0.634232
-0.214386,0.267082,0.455048,0.197868,-0.304054,-0.650963,-0.594215
-0.204887,0.226814,0.374268,0.106255,-0.372215,-0.664619,-0.506012
0.037941,0.616959,0.821457,0.488808,-0.139702,-0.597420,-0.561600
-0.070953,0.516792,0.767059,0.487579,-0.105827,-0.555130,-0.533447
-0.066566,0.501526,0.746979,0.473465,-0.108162,-0.549698,-0.528130
-0.070160,0.482269,0.700478,0.398041,-0.203461,-0.645134,-0.604164
-0.114258,0.469826,0.715492,0.429512,-0.168373,-0.617218,-0.589211
-0.113136,0.463104,0.712723,0.439445,-0.144875,-0.588097,-0.565269
-0.104088,0.451523,0.673874,0.374565,-0.222855,-0.660484,-0.616478
-0.128448,0.451820,0.691765,0.402077,-0.196556,-0.642235,-0.611084
-0.132866,0.444527,0.690399,0.411469,-0.175522,-0.619438,-0.592407
-0.124123,0.443413,0.684418,0.406509,-0.181419,-0.639931,-0.682045
-0.355507,0.052078,0.212776,-0.021576,-0.461800,-0.736794,-0.620499
-0.194626,0.246918,0.391426,0.113663,-0.374481,-0.686234,-0.597572
-0.207870,0.179276,0.271851,-0.017326,-0.466942,-0.699493,-0.479622
0.104527,0.696022,0.888454,0.534077,-0.112072,-0.575542,-0.534695
-0.036129,0.559448,0.811611,0.528149,-0.069214,-0.520483,-0.496851
-0.028048,0.541948,0.786343,0.510811,-0.071854,-0.511492,-0.488052
-0.028230,0.523101,0.741193,0.438626,-0.161048,-0.597995,-0.553323
-0.064639,0.514318,0.752951,0.461946,-0.137018,-0.583031,-0.551250
-0.074363,0.500719,0.744302,0.465040,-0.123265,-0.566531,-0.539843
-0.071911,0.494298,0.735925,0.459610,-0.122845,-0.563243,-0.538598
-0.077573,0.475934,0.697165,0.397717,-0.198862,-0.636642,-0.592790
-0.105889,0.472284,0.713076,0.425193,-0.169695,-0.613617,-0.582690
-0.107621,0.465665,0.710403,0.434245,-0.150004,-0.594131,-0.581963
-0.145989,0.380752,0.588171,0.298491,-0.270816,-0.683516,-0.653868
-0.237673,0.249954,0.442074,0.182178,-0.325374,-0.674920,-0.609063
-0.195083,0.267881,0.440444,0.181677,-0.307176,-0.636245,-0.571589
-0.199818,0.184212,0.284434,0.006745,-0.437354,-0.673231,-0.464468
0.106714,0.686339,0.872869,0.517527,-0.128595,-0.593016,-0.552130
-0.051571,0.546961,0.804985,0.527328,-0.066231,-0.517643,-0.498058
-0.033264,0.532761,0.775177,0.498661,-0.084976,-0.532413,-0.533298
-0.124920,0.371552,0.568508,0.292877,-0.242977,-0.612770,-0.519131
-0.010250,0.566250,0.789742,0.482754,-0.125217,-0.574295,-0.541645
-0.060970,0.516888,0.764194,0.487644,-0.098957,-0.543465,-0.520943
-0.058117,0.506935,0.750347,0.480679,-0.095192,-0.533955,-0.513554
-0.060642,0.484821,0.700039,0.397556,-0.201054,-0.639866,-0.597038
-0.108219,0.475758,0.723278,0.444016,-0.146244,-0.591438,-0.566662
-0.099640,0.468601,0.713219,0.440849,-0.138668,-0.577133,-0.553499
-0.095427,0.455158,0.672520,0.372171,-0.224319,-0.664940,-0.645380
-0.210861,0.308586,0.524418,0.262611,-0.270281,-0.654711,-0.624399
-0.241730,0.194122,0.348619,0.089544,-0.382998,-0.687105,-0.599659
-0.219952,0.150461,0.229383,-0.060616,-0.499323,-0.716175,-0.484650
0.104210,0.693535,0.881866,0.524399,-0.123825,-0.589359,-0.549572
-0.050106,0.546368,0.802353,0.525604,-0.067055,-0.517570,-0.498077
-0.034351,0.530617,0.774914,0.504169,-0.072773,-0.510647,-0.488392
-0.034626,0.511684,0.726753,0.425102,-0.170734,-0.604855,-0.560310
-0.073704,0.505150,0.747585,0.464256,-0.125149,-0.567551,-0.540005
-0.071224,0.492893,0.731476,0.453117,-0.129406,-0.568893,-0.548229
-0.100914,0.435108,0.645855,0.349697,-0.231895,-0.649937,-0.590431
-0.094856,0.486052,0.722715,0.430738,-0.165276,-0.610315,-0.578541
-0.103611,0.467583,0.709272,0.429115,-0.157141,-0.602278,-0.597947
-0.179502,0.332805,0.552298,0.302905,-0.220623,-0.604571,-0.576719
-0.185753,0.267101,0.428670,0.151199,-0.358136,-0.696750,-0.624940
-0.224591,0.195575,0.321836,0.043573,-0.426490,-0.706650,-0.593518
-0.205941,0.145903,0.192753,-0.117298,-0.549501,-0.742321,-0.503582
0.051413,0.584728,0.741016,0.400650,-0.186668,-0.578171,-0.479679
0.048653,0.643436,0.882107,0.584286,-0.021450,-0.481030,-0.483208
-0.068306,0.440468,0.657433,0.404533,-0.118576,-0.497238,-0.453430
-0.032021,0.457817,0.651115,0.385521,-0.137474,-0.503334,-0.422409
0.062134,0.610603,0.812180,0.494209,-0.111954,-0.551422,-0.507309
-0.021133,0.557281,0.798302,0.515518,-0.074333,-0.519142,-0.494965
-0.030502,0.532257,0.774376,0.501465,-0.075668,-0.513733,-0.491661
-0.039055,0.505127,0.718094,0.414360,-0.180611,-0.612900,-0.566528
-0.080074,0.497658,0.738007,0.452610,-0.138840,-0.581318,-0.553841
-0.085129,0.482834,0.725224,0.451614,-0.126202,-0.563953,-0.540596
-0.082798,0.472395,0.707016,0.429623,-0.149014,-0.587578,-0.574781
-0.143072,0.378469,0.585618,0.301530,-0.262237,-0.673354,-0.647022
-0.235090,0.249288,0.445025,0.192618,-0.309466,-0.658480,-0.596005
-0.183425,0.277174,0.444462,0.179491,-0.317462,-0.649673,-0.568596
-0.142470,0.322755,0.480948,0.194265,-0.323228,-0.667002,-0.588589
-0.167054,0.294602,0.459029,0.191222,-0.304638,-0.633814,-0.564381
-0.180067,0.225180,0.350324,0.086577,-0.362274,-0.616542,-0.431872
0.119342,0.694800,0.897712,0.571290,-0.049111,-0.505637,-0.480379
-0.009966,0.553809,0.784227,0.491915,-0.104444,-0.548856,-0.516471
-0.040943,0.532787,0.776978,0.501244,-0.081619,-0.523404,-0.500138
-0.039510,0.519458,0.754884,0.477303,-0.103480,-0.541248,-0.515952
-0.057215,0.494998,0.716897,0.422990,-0.166148,-0.599491,-0.559060
-0.080436,0.489532,0.726096,0.441835,-0.144584,-0.583048,-0.553553
-0.086743,0.477380,0.714989,0.437625,-0.143911,-0.582422,-0.556879
-0.097891,0.452623,0.670895,0.372421,-0.220257,-0.656120,-0.625992
-0.174171,0.364372,0.585442,0.312218,-0.242737,-0.650990,-0.627678
-0.225578,0.246124,0.432232,0.180054,-0.313015,-0.647236,-0.564247
-0.124504,0.363972,0.545200,0.268639,-0.259350,-0.631107,-0.584335
-0.183411,0.270523,0.432182,0.160660,-0.337898,-0.667789,-0.598083
-0.219357,0.165714,0.264038,-0.017479,-0.461464,-0.696247,-0.501045
0.033272,0.575397,0.757015,0.442722,-0.136347,-0.542139,-0.474415
0.018541,0.584143,0.801718,0.493746,-0.109339,-0.549675,-0.510319
-0.028862,0.543903,0.783234,0.499750,-0.087860,-0.529465,-0.506021
-0.052050,0.497393,0.729243,0.456912,-0.110852,-0.533768,-0.498637
-0.035042,0.521005,0.751583,0.469198,-0.114388,-0.553957,-0.528490
-0.067629,0.484737,0.707767,0.414982,-0.174021,-0.606253,-0.566671
-0.091818,0.473438,0.710218,0.432035,-0.147385,-0.580868,-0.549364
-0.084473,0.474819,0.708618,0.429436,-0.150974,-0.588367,-0.560741
-0.100662,0.450935,0.671253,0.374809,-0.215862,-0.654617,-0.642006
-0.224136,0.277840,0.487106,0.236382,-0.275764,-0.640614,-0.593830
-0.192890,0.263985,0.434425,0.172577,-0.322258,-0.667995,-0.655003
-0.389103,-0.130455,-0.101685,-0.356369,-0.698517,-0.811848,-0.552925
-0.078514,0.297829,0.318151,-0.046526,-0.532866,-0.760777,-0.547040
-0.042202,0.405297,0.490249,0.151501,-0.354099,-0.624560,-0.415894
0.176672,0.788214,1.009287,0.682289,0.049580,-0.421108,-0.405987
0.061203,0.627632,0.860672,0.570946,-0.019936,-0.461861,-0.444603
-0.008492,0.518372,0.739555,0.476189,-0.066093,-0.458885,-0.399773
0.074875,0.629158,0.850159,0.557297,-0.031807,-0.471970,-0.445152
0.017036,0.573631,0.804749,0.518005,-0.071854,-0.516678,-0.491539
-0.026123,0.535637,0.767960,0.481445,-0.106232,-0.545952,-0.514778
-0.044357,0.521385,0.758636,0.477005,-0.108765,-0.549515,-0.523277
-0.058716,0.502193,0.737595,0.455109,-0.132481,-0.575039,-0.549603
-0.083881,0.478180,0.708870,0.422695,-0.163666,-0.605976,-0.606651
-0.211723,0.268496,0.464993,0.215290,-0.284119,-0.636345,-0.599516
-0.256292,0.101412,0.187283,-0.090942,-0.523838,-0.751532,-0.574686
-0.099566,0.368301,0.511530,0.212942,-0.303656,-0.639708,-0.564390
-0.183035,0.190958,0.262680,-0.040318,-0.488001,-0.703983,-0.469648
0.115162,0.699493,0.894596,0.560436,-0.057865,-0.502541,-0.459686
0.026211,0.603367,0.842155,0.553242,-0.043659,-0.496433,-0.486992
-0.048847,0.484909,0.707077,0.436878,-0.115101,-0.514561,-0.457172
0.021641,0.579082,0.800293,0.506664,-0.084160,-0.523094,-0.492123
-0.025810,0.535858,0.769073,0.485394,-0.102409,-0.544205,-0.518993
-0.056431,0.499569,0.723270,0.430170,-0.158171,-0.589748,-0.548544
-0.070134,0.497667,0.733061,0.449592,-0.136044,-0.575686,-0.547359
-0.082685,0.477368,0.711922,0.431530,-0.151052,-0.589622,-0.563158
-0.100328,0.455948,0.682854,0.390009,-0.205885,-0.649822,-0.617931
-0.139946,0.435261,0.678974,0.401806,-0.178558,-0.612968,-0.581406
-0.115475,0.443878,0.676769,0.393749,-0.188492,-0.626724,-0.606750
-0.165001,0.368446,0.587395,0.309143,-0.254707,-0.665901,-0.612305
-0.129425,0.435989,0.665115,0.372513,-0.216301,-0.655167,-0.640709
-0.215157,0.297363,0.509254,0.247459,-0.281509,-0.663033,-0.621048
-0.208260,0.268173,0.452126,0.188042,-0.323654,-0.669495,-0.565796
-0.060608,0.502480,0.710732,0.390610,-0.225479,-0.685509,-0.692993
-0.297974,0.183342,0.388748,0.155693,-0.321350,-0.638718,-0.518517
-0.011635,0.548225,0.755241,0.443649,-0.159111,-0.602043,-0.567207
-0.093147,0.472298,0.703400,0.409828,-0.188736,-0.634346,-0.603142
-0.124863,0.449654,0.692688,0.414841,-0.165222,-0.598358,-0.565536
-0.097374,0.463196,0.697296,0.417427,-0.162674,-0.597816,-0.567947
-0.104675,0.452034,0.680359,0.392815,-0.194893,-0.633652,-0.600533
-0.129150,0.435608,0.665062,0.369858,-0.228371,-0.673645,-0.637207
-0.153740,0.425926,0.672104,0.392494,-0.196144,-0.636803,-0.606537
-0.135056,0.434685,0.673958,0.392387,-0.195259,-0.636887,-0.607590
-0.137062,0.427818,0.660332,0.366211,-0.232903,-0.679047,-0.643471
-0.159889,0.421844,0.669106,0.392517,-0.189224,-0.632805,-0.644508
-0.269287,0.188484,0.373489,0.129990,-0.350555,-0.674324,-0.586823
-0.151405,0.324982,0.493263,0.206802,-0.322189,-0.674423,-0.562408
-0.040192,0.540733,0.761787,0.447495,-0.170631,-0.624886,-0.591492
-0.104218,0.482140,0.732010,0.455078,-0.133846,-0.577724,-0.550667
-0.081387,0.484203,0.720337,0.434673,-0.156063,-0.598804,-0.568661
-0.094372,0.474236,0.708477,0.417030,-0.182362,-0.628792,-0.594486
-0.111187,0.469278,0.718201,0.443256,-0.136862,-0.572014,-0.540213
-0.074053,0.485519,0.715691,0.429001,-0.158846,-0.596769,-0.564783
-0.093550,0.470075,0.698401,0.401101,-0.198234,-0.642651,-0.606349
-0.122046,0.459416,0.706397,0.430508,-0.151521,-0.585633,-0.553779
-0.085608,0.475957,0.709079,0.427270,-0.155741,-0.591804,-0.559927
-0.093687,0.465967,0.693291,0.398902,-0.196569,-0.639112,-0.604860
-0.124541,0.451020,0.690202,0.401705,-0.194765,-0.646111,-0.642064
-0.222919,0.284229,0.493734,0.239338,-0.275467,-0.642951,-0.617334
-0.281311,0.077078,0.168510,-0.103224,-0.531639,-0.749029,-0.541473
-0.006626,0.523338,0.689983,0.357933,-0.229927,-0.635628,-0.579521
-0.127354,0.390041,0.596985,0.336136,-0.182159,-0.536507,-0.438316
0.063339,0.626808,0.840309,0.531227,-0.072968,-0.517334,-0.483925
-0.008377,0.558540,0.789139,0.494080,-0.106964,-0.554054,-0.521400
-0.042671,0.533257,0.774734,0.487526,-0.107674,-0.554848,-0.526176
-0.051399,0.522568,0.766022,0.488579,-0.092072,-0.526772,-0.496490
-0.030861,0.525246,0.748062,0.451157,-0.145836,-0.586960,-0.550346
-0.070618,0.503372,0.739044,0.448029,-0.150940,-0.597939,-0.565170
-0.085350,0.492638,0.738121,0.462700,-0.116913,-0.551575,-0.520264
-0.056549,0.499626,0.724472,0.432510,-0.157639,-0.594910,-0.559349
-0.084572,0.481583,0.710464,0.412727,-0.187035,-0.631874,-0.595993
-0.113091,0.466988,0.711617,0.427536,-0.167488,-0.614479,-0.586594
-0.111603,0.460625,0.701393,0.417389,-0.172676,-0.615730,-0.584915
-0.110931,0.457375,0.689362,0.393738,-0.207840,-0.654472,-0.618416
-0.132408,0.450752,0.696487,0.411552,-0.186272,-0.636032,-0.615768
-0.156143,0.400871,0.637306,0.367584,-0.196609,-0.613037,-0.574402
-0.120018,0.416172,0.629044,0.340855,-0.232841,-0.646969,-0.589439
-0.097778,0.477299,0.709164,0.410484,-0.193150,-0.640850,-0.606827
-0.123806,0.457367,0.703079,0.421055,-0.172913,-0.619827,-0.591862
-0.119728,0.450649,0.689579,0.403763,-0.189075,-0.631939,-0.598984
-0.122879,0.449482,0.683540,0.388988,-0.212500,-0.659050,-0.622908
-0.137781,0.446451,0.693249,0.410345,-0.184490,-0.633242,-0.605143
-0.129942,0.445429,0.689308,0.411324,-0.171802,-0.606997,-0.575236
-0.106178,0.454315,0.678567,0.379184,-0.221233,-0.663791,-0.623691
-0.137573,0.444712,0.687628,0.400878,-0.196791,-0.643464,-0.612328
-0.135095,0.441316,0.687201,0.411206,-0.169948,-0.603191,-0.571450
-0.104364,0.455151,0.680386,0.384907,-0.211642,-0.653298,-0.617190
-0.136005,0.439439,0.677530,0.386977,-0.211527,-0.656097,-0.622875
-0.141619,0.436825,0.681795,0.400013,-0.192734,-0.647226,-0.665831
-0.293539,0.166218,0.355150,0.116522,-0.358227,-0.667452,-0.535276
-0.017509,0.545338,0.743587,0.413548,-0.208464,-0.662653,-0.641891
-0.195440,0.340712,0.566254,0.302343,-0.240452,-0.637628,-0.608229
-0.207913,0.260067,0.443461,0.192497,-0.293510,-0.610971,-0.485012
0.029519,0.589151,0.786162,0.453912,-0.169319,-0.619841,-0.575920
-0.081141,0.508741,0.756245,0.471102,-0.126939,-0.576921,-0.551027
-0.078021,0.496146,0.740777,0.462554,-0.124722,-0.566968,-0.541223
-0.074224,0.488132,0.717152,0.424441,-0.168395,-0.606378,-0.566636
-0.085767,0.486428,0.720318,0.425594,-0.174119,-0.618916,-0.582994
-0.101025,0.477147,0.720863,0.436854,-0.157126,-0.603081,-0.574169
-0.101099,0.469230,0.706154,0.421277,-0.165751,-0.601884,-0.566171
-0.091244,0.473109,0.701182,0.402653,-0.197899,-0.640594,-0.603562
-0.118535,0.461689,0.705492,0.420593,-0.174267,-0.621091,-0.591084
-0.115950,0.459356,0.706096,0.430945,-0.153282,-0.603245,-0.620296
-0.245496,0.213809,0.392520,0.133016,-0.364372,-0.693101,-0.582200
-0.092340,0.442865,0.638155,0.334494,-0.241835,-0.650755,-0.605647
-0.161445,0.354897,0.562758,0.296957,-0.235016,-0.616588,-0.579544
-0.184352,0.268784,0.435513,0.172919,-0.314841,-0.626225,-0.486427
0.042791,0.614046,0.816710,0.487127,-0.137373,-0.590134,-0.550388
-0.058773,0.528944,0.777233,0.494816,-0.100529,-0.549793,-0.525146
-0.055336,0.515667,0.762039,0.488464,-0.093227,-0.534832,-0.513336
-0.054459,0.498871,0.717968,0.414448,-0.187145,-0.628918,-0.587067
-0.096294,0.488644,0.733208,0.446129,-0.151871,-0.600830,-0.571972
-0.095043,0.483013,0.730518,0.456125,-0.129309,-0.572659,-0.548983
-0.085011,0.472395,0.697489,0.398939,-0.197727,-0.636570,-0.593771
-0.105961,0.472137,0.711878,0.420025,-0.178797,-0.624662,-0.592730
-0.112757,0.464414,0.710071,0.428963,-0.161166,-0.605257,-0.577427
-0.107382,0.462880,0.706575,0.430360,-0.152968,-0.595204,-0.570421
-0.108278,0.449270,0.671581,0.371253,-0.229124,-0.671639,-0.631497
-0.146312,0.433095,0.677070,0.392345,-0.199408,-0.649009,-0.652022
-0.250613,0.240917,0.451556,0.210008,-0.289131,-0.636208,-0.537636
-0.039494,0.518560,0.721830,0.398720,-0.215445,-0.657953,-0.610970
-0.114126,0.472921,0.716648,0.427767,-0.171041,-0.619823,-0.588829
-0.111738,0.464529,0.711243,0.435089,-0.151108,-0.592281,-0.566446
-0.101307,0.456278,0.679602,0.380276,-0.217155,-0.654802,-0.610813
-0.121822,0.457449,0.696400,0.403767,-0.194851,-0.640507,-0.606415
-0.125275,0.453053,0.698883,0.417946,-0.171032,-0.614960,-0.586967
-0.116756,0.453667,0.697525,0.421474,-0.161694,-0.602787,-0.577854
-0.114578,0.442135,0.664600,0.366375,-0.228985,-0.666527,-0.622437
-0.134319,0.446041,0.687050,0.398411,-0.196247,-0.641891,-0.609734
-0.132465,0.443977,0.691849,0.417824,-0.165291,-0.607311,-0.582310
-0.119953,0.435860,0.656448,0.356373,-0.240822,-0.677254,-0.631084
-0.140903,0.441505,0.682587,0.394020,-0.203491,-0.648056,-0.615807
-0.137470,0.440033,0.686028,0.409161,-0.176762,-0.620586,-0.609097
-0.176716,0.351349,0.575710,0.315514,-0.227509,-0.621983,-0.562569
-0.085640,0.468975,0.680565,0.371567,-0.232517,-0.670895,-0.625679
-0.135464,0.445019,0.688103,0.401520,-0.191101,-0.640587,-0.644463
-0.244884,0.244827,0.452690,0.208389,-0.292500,-0.648148,-0.602013
-0.217339,0.214638,0.362362,0.091690,-0.391369,-0.688316,-0.531273
0.012108,0.594471,0.804241,0.476816,-0.146521,-0.602032,-0.565987
-0.078039,0.508005,0.761473,0.488094,-0.097313,-0.542595,-0.521812
-0.061690,0.500687,0.744374,0.474007,-0.100606,-0.536165,-0.513566
-0.059454,0.486223,0.699696,0.396464,-0.202887,-0.641460,-0.597415
-0.107394,0.477778,0.725504,0.444490,-0.146525,-0.591496,-0.564541
-0.095363,0.475013,0.719797,0.445634,-0.135662,-0.577841,-0.560816
-0.115151,0.423142,0.636142,0.344171,-0.236201,-0.653034,-0.593306
-0.098487,0.481673,0.719547,0.428773,-0.168980,-0.615742,-0.592510
-0.132878,0.423164,0.660586,0.388905,-0.179182,-0.608265,-0.606580
-0.231772,0.203125,0.352770,0.086933,-0.387427,-0.680640,-0.550173
-0.071205,0.434649,0.600858,0.284990,-0.281944,-0.673735,-0.624348
-0.203247,0.277517,0.466740,0.215685,-0.275295,-0.610384,-0.552670
-0.182903,0.205002,0.314919,0.046829,-0.394596,-0.634666,-0.432022
0.133099,0.709637,0.896042,0.542519,-0.097893,-0.555687,-0.512146
-0.012871,0.581451,0.834328,0.555473,-0.036354,-0.486046,-0.464767
-0.002205,0.561607,0.799866,0.521187,-0.061668,-0.500526,-0.474358
-0.011833,0.549980,0.790176,0.515366,-0.065605,-0.508453,-0.489166
-0.034439,0.515755,0.735641,0.438766,-0.154289,-0.589569,-0.547142
-0.063622,0.513153,0.753525,0.470108,-0.121346,-0.565773,-0.538284
-0.069557,0.500366,0.744698,0.473015,-0.104851,-0.544617,-0.522270
-0.067436,0.480911,0.696053,0.395454,-0.199333,-0.634361,-0.588760
-0.101105,0.477814,0.721298,0.438042,-0.151295,-0.595577,-0.573799
-0.118538,0.434147,0.670193,0.402031,-0.161594,-0.585285,-0.564587
-0.136765,0.370178,0.560913,0.267399,-0.293007,-0.682236,-0.607845
-0.119980,0.438644,0.660072,0.371561,-0.207338,-0.635412,-0.623934
-0.224771,0.252811,0.447676,0.198309,-0.296858,-0.639996,-0.577560
-0.173811,0.278034,0.446417,0.192295,-0.289028,-0.601851,-0.476177
0.033186,0.586721,0.778667,0.447258,-0.170254,-0.614132,-0.566561
-0.073050,0.511671,0.757967,0.475531,-0.114946,-0.560364,-0.535809
-0.069990,0.496077,0.738541,0.467936,-0.108863,-0.545612,-0.523211
-0.068320,0.476178,0.689461,0.385066,-0.210553,-0.644451,-0.596750
-0.107011,0.473974,0.716575,0.432438,-0.157764,-0.600951,-0.572226
-0.103247,0.464004,0.706668,0.432362,-0.146146,-0.582630,-0.557033
-0.097013,0.460381,0.696210,0.420015,-0.158409,-0.593832,-0.569136
-0.110006,0.440649,0.661991,0.368515,-0.219210,-0.652122,-0.618088
-0.158493,0.390678,0.617393,0.340969,-0.224976,-0.644119,-0.622810
-0.203167,0.297638,0.504761,0.250935,-0.265263,-0.632175,-0.569859
-0.125214,0.378864,0.561878,0.262669,-0.294594,-0.679729,-0.596401
-0.098705,0.468681,0.692924,0.397434,-0.192291,-0.631092,-0.623409
-0.215313,0.278934,0.488350,0.244610,-0.256706,-0.604969,-0.512459
-0.020329,0.536648,0.753498,0.455559,-0.137581,-0.579777,-0.551052
-0.086956,0.470570,0.694809,0.400295,-0.193348,-0.632130,-0.594151
-0.113068,0.463249,0.708057,0.431969,-0.152206,-0.592358,-0.567459
-0.103249,0.459274,0.698235,0.423187,-0.157032,-0.594231,-0.569340
-0.108067,0.444714,0.667183,0.373848,-0.214714,-0.646507,-0.602577
-0.120476,0.451965,0.690002,0.405266,-0.181633,-0.620560,-0.590538
-0.120277,0.446297,0.688293,0.415283,-0.162918,-0.600075,-0.574158
-0.114799,0.443893,0.680038,0.405136,-0.174934,-0.612968,-0.588898
-0.128433,0.425499,0.649117,0.355942,-0.234413,-0.672852,-0.654068
-0.231056,0.264305,0.451385,0.176727,-0.343498,-0.695831,-0.616127
-0.174759,0.301674,0.459251,0.167076,-0.353897,-0.699158,-0.624176
-0.207001,0.248383,0.406597,0.135574,-0.355648,-0.674362,-0.595535
-0.219486,0.151211,0.231388,-0.059319,-0.497749,-0.716282,-0.510838
0.006285,0.499155,0.631978,0.301579,-0.248505,-0.594309,-0.463232
0.074921,0.658929,0.872271,0.547400,-0.072440,-0.522547,-0.484087
0.001358,0.581982,0.826160,0.544544,-0.045128,-0.488785,-0.464447
0.000168,0.564056,0.806301,0.534496,-0.042526,-0.479507,-0.457348
-0.003681,0.550339,0.784760,0.511063,-0.063923,-0.499859,-0.477638
-0.024883,0.519444,0.735481,0.438690,-0.149403,-0.580734,-0.537334
-0.056751,0.515156,0.754612,0.474190,-0.109406,-0.548008,-0.521584
-0.058800,0.499378,0.734997,0.457615,-0.121017,-0.556648,-0.530212
-0.071320,0.478119,0.697273,0.401627,-0.187283,-0.618439,-0.574860
-0.094093,0.477020,0.714725,0.431595,-0.153702,-0.592030,-0.568256
-0.112972,0.436802,0.667038,0.391163,-0.179127,-0.612347,-0.623547
-0.260529,0.183199,0.363081,0.125250,-0.343826,-0.662083,-0.595497
-0.230600,0.137833,0.215773,-0.082031,-0.533354,-0.768560,-0.599159
-0.158752,0.233709,0.296383,-0.026329,-0.490620,-0.714272,-0.472878
0.132591,0.740326,0.949818,0.612335,-0.024895,-0.494194,-0.472801
-0.001343,0.567375,0.800743,0.510368,-0.082123,-0.521729,-0.496300
-0.040367,0.506142,0.735077,0.464737,-0.096169,-0.509361,-0.463623
0.007545,0.564255,0.791580,0.504990,-0.079842,-0.517723,-0.489609
-0.028084,0.529816,0.761253,0.476784,-0.109840,-0.550468,-0.524101
-0.059418,0.500641,0.731293,0.447029,-0.135483,-0.566174,-0.530930
-0.062336,0.496716,0.726368,0.440144,-0.144318,-0.580841,-0.555283
-0.105068,0.435776,0.658138,0.380325,-0.186024,-0.600689,-0.553467
-0.078861,0.479313,0.699314,0.400595,-0.193308,-0.633320,-0.625860
-0.220911,0.263380,0.459030,0.207510,-0.291742,-0.637955,-0.573683
-0.163233,0.297207,0.466287,0.202111,-0.296987,-0.639139,-0.582561
-0.200241,0.221587,0.367069,0.106870,-0.362884,-0.662277,-0.571140
-0.184851,0.194033,0.276457,-0.020819,-0.474556,-0.705328,-0.479784
0.110958,0.710941,0.918615,0.582264,-0.051888,-0.517151,-0.492737
-0.015347,0.561203,0.807205,0.528378,-0.061459,-0.509178,-0.487892
-0.026295,0.533630,0.765118,0.482658,-0.099056,-0.529930,-0.493904
-0.025513,0.535286,0.766663,0.482140,-0.101616,-0.538425,-0.510227
-0.046661,0.512289,0.744768,0.462315,-0.121340,-0.559998,-0.533627
-0.070892,0.486259,0.712078,0.420101,-0.171030,-0.608300,-0.570782
-0.093090,0.475956,0.710633,0.423528,-0.165707,-0.604029,-0.571459
-0.099647,0.467481,0.704164,0.421000,-0.165305,-0.605606,-0.580857
-0.120699,0.433907,0.663071,0.376369,-0.210505,-0.655270,-0.677904
-0.344759,0.033243,0.143143,-0.122005,-0.548779,-0.771378,-0.589478
-0.116184,0.326435,0.425121,0.096085,-0.418438,-0.728004,-0.634243
-0.262920,0.089424,0.160219,-0.119267,-0.531925,-0.720031,-0.484434
0.069396,0.606439,0.769346,0.434555,-0.151151,-0.551798,-0.493624
-0.057001,0.419589,0.576333,0.284294,-0.229731,-0.554457,-0.419102
0.113516,0.692036,0.909698,0.596916,-0.015835,-0.470642,-0.446617
0.020615,0.584164,0.814350,0.519855,-0.080627,-0.529125,-0.499817
-0.023437,0.551136,0.794209,0.516388,-0.064640,-0.500706,-0.470795
-0.007496,0.550209,0.780468,0.496792,-0.087105,-0.523079,-0.494057
-0.031628,0.524239,0.748777,0.456503,-0.137857,-0.581263,-0.548851
-0.075247,0.493654,0.730139,0.447750,-0.135839,-0.568570,-0.534373
-0.065837,0.495110,0.725665,0.441308,-0.143252,-0.588664,-0.610973
-0.270683,0.125136,0.249743,-0.018428,-0.471647,-0.727297,-0.535189
0.028292,0.611037,0.808486,0.462993,-0.177266,-0.649542,-0.657446
-0.269670,0.181986,0.340429,0.076477,-0.394062,-0.680557,-0.543436
-0.062756,0.440886,0.614668,0.318996,-0.225000,-0.592121,-0.495836
0.012728,0.583054,0.796518,0.477642,-0.140154,-0.594082,-0.563307
-0.099134,0.436985,0.631229,0.328489,-0.236187,-0.621841,-0.531225
-0.018503,0.563757,0.795891,0.499414,-0.099117,-0.545683,-0.520315
-0.054670,0.506340,0.735979,0.444855,-0.148367,-0.590637,-0.560036
-0.086266,0.481823,0.714577,0.421654,-0.176273,-0.622227,-0.589409
-0.109531,0.466564,0.711155,0.430946,-0.156342,-0.597614,-0.568951
-0.100029,0.464233,0.699055,0.413067,-0.177982,-0.620056,-0.590225
-0.119171,0.448181,0.680214,0.385605,-0.213989,-0.660606,-0.626488
-0.143372,0.437897,0.685669,0.410561,-0.170685,-0.610855,-0.606491
-0.204605,0.268829,0.441032,0.161392,-0.356918,-0.695648,-0.576096
-0.054230,0.520500,0.732475,0.411156,-0.210022,-0.664368,-0.628136
-0.139008,0.447227,0.695045,0.410210,-0.188484,-0.638130,-0.610924
-0.135628,0.440819,0.685768,0.407860,-0.178116,-0.618088,-0.589104
-0.119865,0.445686,0.678864,0.391258,-0.201408,-0.644096,-0.612915
-0.136612,0.433990,0.670212,0.378792,-0.219597,-0.666008,-0.631676
-0.150291,0.430229,0.679214,0.405312,-0.173767,-0.608856,-0.577965
-0.112701,0.445984,0.674309,0.386772,-0.200928,-0.638702,-0.604607
-0.132263,0.432480,0.661911,0.367668,-0.230583,-0.674904,-0.638496
-0.156036,0.422623,0.668793,0.392097,-0.189743,-0.623672,-0.590637
-0.121307,0.439468,0.672791,0.389236,-0.194534,-0.630356,-0.599228
-0.130783,0.429108,0.655701,0.360596,-0.237549,-0.679794,-0.642303
-0.158783,0.419960,0.663269,0.377892,-0.216446,-0.664719,-0.643936
-0.187706,0.366920,0.603935,0.337715,-0.220078,-0.636017,-0.619354
-0.216026,0.264702,0.452911,0.190117,-0.324211,-0.671684,-0.567642
-0.058212,0.509079,0.721497,0.404518,-0.210403,-0.659515,-0.621040
-0.131638,0.453896,0.703934,0.427170,-0.155731,-0.591675,-0.560661
-0.093323,0.466438,0.697777,0.411278,-0.175407,-0.612175,-0.579041
-0.107651,0.456139,0.683655,0.387505,-0.211670,-0.654945,-0.617508
-0.133057,0.447571,0.692757,0.408257,-0.185234,-0.631676,-0.602257
-0.126736,0.447979,0.692184,0.417454,-0.162453,-0.596409,-0.564400
-0.098026,0.459805,0.684345,0.386227,-0.211960,-0.653290,-0.614902
-0.129505,0.449131,0.691364,0.402962,-0.193420,-0.638813,-0.607391
-0.128895,0.448765,0.695889,0.421116,-0.156876,-0.589912,-0.557972
-0.092644,0.465130,0.692543,0.402149,-0.188387,-0.627018,-0.591822
-0.116426,0.452299,0.684710,0.391457,-0.206797,-0.650139,-0.614726
-0.131302,0.448314,0.694444,0.411855,-0.179741,-0.639930,-0.689569
-0.396854,-0.051088,0.054223,-0.188115,-0.583485,-0.773984,-0.547588
0.002018,0.540747,0.707287,0.368292,-0.232311,-0.644777,-0.572910
-0.074856,0.497765,0.733047,0.450447,-0.130421,-0.563389,-0.549934
-0.135155,0.362778,0.566063,0.310379,-0.202782,-0.560837,-0.498543
-0.074440,0.402435,0.572174,0.287140,-0.241425,-0.595200,-0.500351
-0.016640,0.520279,0.721153,0.423996,-0.147858,-0.559196,-0.522354
-0.093185,0.408249,0.609131,0.346176,-0.175171,-0.534500,-0.438309
0.067215,0.635498,0.850830,0.537704,-0.075378,-0.525620,-0.491196
-0.006821,0.571762,0.811966,0.521530,-0.079803,-0.529160,-0.500687
-0.023178,0.553482,0.796661,0.513107,-0.080460,-0.526978,-0.500595
-0.029053,0.540710,0.779999,0.498428,-0.087280,-0.523102,-0.490997
-0.021606,0.537247,0.759857,0.458847,-0.143204,-0.587387,-0.548920
-0.063446,0.517212,0.760468,0.474030,-0.122360,-0.569733,-0.542221
-0.068604,0.502274,0.739731,0.453415,-0.136978,-0.589157,-0.615234
-0.269897,0.154358,0.321793,0.083359,-0.372650,-0.660370,-0.537155
-0.072220,0.419739,0.585846,0.286484,-0.257263,-0.628036,-0.559784
-0.120972,0.372452,0.560532,0.290741,-0.227600,-0.577103,-0.470215
0.042999,0.615005,0.830124,0.517761,-0.091629,-0.537231,-0.501144
-0.020004,0.551468,0.784622,0.489182,-0.111267,-0.558746,-0.526474
-0.048126,0.526459,0.766602,0.481003,-0.112610,-0.559189,-0.530884
-0.059418,0.509323,0.746628,0.463089,-0.122620,-0.559402,-0.525314
-0.054932,0.504898,0.727524,0.426521,-0.174538,-0.618713,-0.580215
-0.094727,0.484001,0.726326,0.438972,-0.158318,-0.605598,-0.577026
-0.101357,0.473495,0.718811,0.441269,-0.146309,-0.589821,-0.564354
-0.099586,0.459595,0.686447,0.389641,-0.206272,-0.645348,-0.603748
-0.119083,0.456879,0.694508,0.401535,-0.197411,-0.643398,-0.610607
-0.130760,0.447269,0.690847,0.408659,-0.182535,-0.626703,-0.598948
-0.127994,0.438287,0.670229,0.379444,-0.213430,-0.657304,-0.641947
-0.210617,0.307626,0.517379,0.243694,-0.300967,-0.690218,-0.637335
-0.195189,0.315216,0.514271,0.240726,-0.295004,-0.675407,-0.631336
-0.224291,0.244501,0.427725,0.177570,-0.311539,-0.635977,-0.514973
-0.003395,0.557224,0.757168,0.426855,-0.193478,-0.640148,-0.594360
-0.098705,0.489117,0.733608,0.443527,-0.155495,-0.605469,-0.575653
-0.099735,0.475365,0.720924,0.441673,-0.145641,-0.587925,-0.561237
-0.095253,0.465122,0.691208,0.394619,-0.202057,-0.641888,-0.600063
-0.115173,0.461010,0.698853,0.406101,-0.193615,-0.639378,-0.605392
-0.124367,0.452881,0.696655,0.414665,-0.177307,-0.621277,-0.592346
-0.120232,0.452087,0.697815,0.422646,-0.160629,-0.602806,-0.578941
-0.117706,0.437965,0.659401,0.358200,-0.242058,-0.684456,-0.641266
-0.151108,0.434204,0.681099,0.395370,-0.201294,-0.649895,-0.620674
-0.143379,0.434067,0.683907,0.410858,-0.172256,-0.615257,-0.592209
-0.128853,0.426979,0.649544,0.350441,-0.248718,-0.693924,-0.685745
-0.272263,0.226357,0.431320,0.175362,-0.338051,-0.697304,-0.639114
-0.227844,0.236351,0.411110,0.151596,-0.340919,-0.672646,-0.610603
-0.245331,0.124451,0.208618,-0.075203,-0.513657,-0.731224,-0.498451
0.091644,0.683174,0.873695,0.515465,-0.134499,-0.600761,-0.560730
-0.060043,0.537647,0.793861,0.512455,-0.083836,-0.536003,-0.514229
-0.045311,0.525776,0.770279,0.494854,-0.088676,-0.531124,-0.507534
-0.046585,0.508797,0.729927,0.430370,-0.167294,-0.605179,-0.561436
-0.073669,0.505356,0.745033,0.455067,-0.141891,-0.587872,-0.557034
-0.080101,0.495026,0.740608,0.465279,-0.119129,-0.560486,-0.535814
-0.073786,0.480713,0.699997,0.398619,-0.199873,-0.637592,-0.592709
-0.102827,0.477320,0.717138,0.425360,-0.173389,-0.619183,-0.586201
-0.107147,0.470093,0.714840,0.434780,-0.153332,-0.595425,-0.568546
-0.099449,0.467922,0.709728,0.433594,-0.148678,-0.588890,-0.563080
-0.100899,0.453758,0.675159,0.375877,-0.221508,-0.658131,-0.614105
-0.126053,0.454243,0.695187,0.406479,-0.189224,-0.640785,-0.647694
-0.262844,0.192753,0.359978,0.096912,-0.389355,-0.705105,-0.623333
-0.248268,0.101925,0.141289,-0.186920,-0.640030,-0.835976,-0.558327
0.079176,0.705963,0.914808,0.559111,-0.099090,-0.580364,-0.565947
-0.101378,0.464431,0.712503,0.454296,-0.101427,-0.524130,-0.522972
-0.139909,0.323662,0.513418,0.271677,-0.213991,-0.542849,-0.435027
0.062500,0.612116,0.804081,0.474640,-0.140926,-0.583858,-0.537306
-0.042854,0.543766,0.789989,0.506498,-0.086979,-0.533424,-0.508911
-0.042164,0.524818,0.765255,0.486778,-0.095867,-0.536461,-0.511036
-0.049240,0.504047,0.723103,0.421497,-0.176250,-0.613235,-0.569576
-0.080917,0.498020,0.736633,0.446587,-0.149471,-0.594555,-0.562828
-0.086967,0.488071,0.732594,0.455240,-0.130198,-0.572573,-0.547932
-0.083002,0.482185,0.725733,0.455227,-0.121469,-0.560070,-0.537550
-0.083513,0.463070,0.678421,0.376077,-0.223369,-0.661056,-0.618083
-0.134003,0.438450,0.673578,0.388878,-0.196014,-0.631982,-0.624419
-0.235971,0.194863,0.318022,0.022041,-0.467531,-0.751389,-0.586252
-0.056324,0.496117,0.683087,0.357504,-0.239574,-0.653429,-0.580007
-0.067715,0.523893,0.765294,0.472147,-0.128941,-0.579012,-0.552230
-0.079319,0.492800,0.736378,0.458089,-0.128274,-0.570592,-0.544918
-0.080918,0.481395,0.722095,0.449745,-0.124874,-0.559460,-0.532962
-0.075962,0.472580,0.687916,0.385557,-0.212927,-0.651618,-0.607687
-0.119731,0.463398,0.711052,0.430948,-0.159164,-0.605191,-0.579281
-0.111136,0.459195,0.705890,0.435576,-0.141905,-0.580302,-0.558552
-0.102348,0.446386,0.663870,0.363642,-0.231750,-0.665421,-0.619444
-0.130434,0.449833,0.693678,0.410776,-0.179173,-0.621130,-0.592161
-0.121960,0.445528,0.688433,0.412411,-0.167793,-0.605957,-0.583969
-0.143150,0.364956,0.534378,0.209988,-0.367329,-0.758659,-0.684383
-0.213223,0.319096,0.529125,0.255711,-0.283802,-0.669907,-0.641251
-0.282684,0.095116,0.188198,-0.096550,-0.540791,-0.774841,-0.613081
-0.196846,0.157999,0.187317,-0.142062,-0.582668,-0.773069,-0.528021
0.026393,0.552303,0.705162,0.370191,-0.204941,-0.590220,-0.532438
-0.109869,0.363546,0.545471,0.293037,-0.191513,-0.519260,-0.457222
-0.100758,0.258327,0.335770,0.053078,-0.376450,-0.587151,-0.356392
0.215088,0.767647,0.915627,0.535751,-0.103432,-0.534615,-0.455917
0.072319,0.680687,0.932808,0.644402,0.041153,-0.414993,-0.398163
0.063889,0.627167,0.867844,0.593475,0.013916,-0.425583,-0.403976
0.047180,0.592850,0.818008,0.540009,-0.031433,-0.457993,-0.426498
0.032516,0.577179,0.788651,0.484406,-0.112061,-0.546814,-0.505844
-0.035477,0.511658,0.720718,0.422867,-0.155533,-0.567490,-0.515625
-0.063782,0.427887,0.575165,0.252266,-0.296242,-0.645363,-0.529289
-0.044067,0.431839,0.524437,0.145401,-0.431374,-0.763550,-0.590622
-0.010010,0.594597,0.805901,0.478043,-0.138885,-0.581207,-0.548706
-0.117004,0.353745,0.493965,0.183617,-0.336823,-0.653236,-0.511581
-0.005913,0.503929,0.648689,0.310585,-0.257874,-0.630676,-0.550766
-0.097473,0.402473,0.586273,0.306389,-0.220001,-0.581406,-0.526329
-0.125977,0.320549,0.483643,0.227211,-0.250542,-0.560814,-0.462898
-0.028885,0.439255,0.604218,0.328140,-0.182777,-0.520058,-0.408859
0.096886,0.652687,0.848824,0.518623,-0.097702,-0.542366,-0.497536
-0.007729,0.573311,0.813995,0.527946,-0.065140,-0.511200,-0.485336
-0.019203,0.545212,0.785057,0.509895,-0.069473,-0.508774,-0.486946
-0.030682,0.522984,0.757061,0.479122,-0.099087,-0.536259,-0.513302
-0.057861,0.490112,0.708786,0.413637,-0.175753,-0.608368,-0.568190
-0.089816,0.479906,0.718181,0.437569,-0.147186,-0.586931,-0.562611
-0.113623,0.417220,0.620886,0.328458,-0.239670,-0.645346,-0.590189
-0.117479,0.430035,0.642406,0.343952,-0.239918,-0.667049,-0.643890
-0.228268,0.254883,0.435734,0.164665,-0.346138,-0.690109,-0.609940
-0.182755,0.267899,0.401901,0.102974,-0.403198,-0.711327,-0.557549
-0.012520,0.573441,0.793610,0.479424,-0.134705,-0.591835,-0.569115
-0.101204,0.463036,0.692947,0.399170,-0.198624,-0.645416,-0.634911
-0.213272,0.290489,0.492729,0.231133,-0.286896,-0.642929,-0.547363
-0.044388,0.523331,0.745949,0.446892,-0.152245,-0.598419,-0.571686
-0.105652,0.454773,0.681900,0.389252,-0.200577,-0.635574,-0.596786
-0.117828,0.454437,0.695236,0.416138,-0.166122,-0.604370,-0.576614
-0.114456,0.445053,0.679092,0.401108,-0.179077,-0.614288,-0.585464
-0.123230,0.434402,0.667557,0.384796,-0.201096,-0.639999,-0.611923
-0.146500,0.414307,0.643753,0.353424,-0.236069,-0.673645,-0.639359
-0.181458,0.349442,0.545364,0.246246,-0.318741,-0.710541,-0.632843
-0.143646,0.401657,0.598160,0.289856,-0.289108,-0.695755,-0.627884
-0.142578,0.402786,0.594467,0.277481,-0.308136,-0.712585,-0.639603
-0.165817,0.341751,0.492096,0.164429,-0.392685,-0.749344,-0.651474
-0.204773,0.235916,0.330765,-0.001099,-0.510590,-0.805405,-0.702850
-0.362869,-0.092331,-0.114288,-0.431931,-0.797379,-0.883987,-0.568298
-0.037636,0.372955,0.402779,0.033836,-0.460648,-0.690781,-0.449959
0.130531,0.675430,0.818760,0.460659,-0.133499,-0.517136,-0.406952
0.130020,0.729450,0.968805,0.669695,0.059738,-0.401103,-0.386972
0.072401,0.630107,0.859383,0.570810,-0.015019,-0.449987,-0.418026
0.042418,0.594355,0.823776,0.546097,-0.026001,-0.451275,-0.415562
0.049572,0.605183,0.835312,0.553448,-0.030613,-0.468712,-0.444729
0.011715,0.559696,0.776417,0.478344,-0.112976,-0.545563,-0.506340
-0.047478,0.479469,0.667545,0.364544,-0.200390,-0.588264,-0.505707
-0.002934,0.569473,0.796719,0.501263,-0.092350,-0.534046,-0.505810
-0.039276,0.521637,0.753132,0.465794,-0.125629,-0.569057,-0.545456
-0.099140,0.416363,0.598965,0.293484,-0.265114,-0.642788,-0.555000
-0.081211,0.413651,0.548466,0.207355,-0.357235,-0.719345,-0.650311
-0.281025,0.053680,0.074776,-0.253941,-0.682159,-0.849529,-0.575787
0.004135,0.547512,0.708893,0.377480,-0.197060,-0.584679,-0.535080
-0.153820,0.231796,0.315025,0.017563,-0.429527,-0.649811,-0.420723
0.160835,0.743889,0.940643,0.607140,-0.013443,-0.463326,-0.427582
0.051262,0.622406,0.858154,0.566238,-0.034622,-0.494255,-0.508202
-0.118629,0.362129,0.564034,0.319672,-0.172508,-0.506851,-0.401535
0.097412,0.651352,0.857368,0.546722,-0.054138,-0.496185,-0.463417
0.006630,0.568077,0.799118,0.509377,-0.083466,-0.528297,-0.501213
-0.033875,0.527832,0.759140,0.473572,-0.110245,-0.542229,-0.506317
-0.037064,0.523613,0.752922,0.466347,-0.118462,-0.554359,-0.524277
-0.057869,0.500977,0.730415,0.442028,-0.146526,-0.587109,-0.558735
-0.090103,0.470940,0.697685,0.400772,-0.199154,-0.647087,-0.627941
-0.196766,0.293001,0.455986,0.155500,-0.373711,-0.713463,-0.602739
-0.131606,0.349892,0.483191,0.156215,-0.385573,-0.719229,-0.574144
-0.022094,0.573747,0.795895,0.472926,-0.154783,-0.620486,-0.597467
-0.135115,0.402136,0.600437,0.300741,-0.262864,-0.655267,-0.603558
-0.178206,0.299928,0.470917,0.195938,-0.311913,-0.656874,-0.607962
-0.249834,0.139242,0.268883,0.021324,-0.411478,-0.660578,-0.493240
0.009558,0.524364,0.689664,0.365068,-0.216384,-0.616713,-0.547472
-0.078390,0.442084,0.624731,0.324170,-0.229555,-0.600454,-0.499125
0.020299,0.605290,0.833284,0.528797,-0.081584,-0.535987,-0.510574
-0.038051,0.531726,0.767118,0.474854,-0.125360,-0.574566,-0.544974
-0.068304,0.505586,0.747010,0.467562,-0.113116,-0.544919,-0.510783
-0.042311,0.517592,0.748086,0.462690,-0.121927,-0.558610,-0.529306
-0.064644,0.492466,0.716288,0.419403,-0.178545,-0.621592,-0.587841
-0.108021,0.466066,0.703785,0.413837,-0.185051,-0.631958,-0.603981
-0.143555,0.394722,0.597942,0.299217,-0.272213,-0.674324,-0.610744
-0.136520,0.408588,0.619553,0.329475,-0.241203,-0.649410,-0.585041
-0.089531,0.485455,0.713318,0.409698,-0.199814,-0.660164,-0.676765
-0.317131,0.097862,0.230721,-0.035118,-0.486031,-0.753059,-0.661095
-0.356979,-0.120041,-0.151848,-0.456779,-0.804756,-0.881851,-0.566513
-0.019592,0.450073,0.556007,0.223389,-0.305447,-0.624327,-0.499771
-0.026668,0.473370,0.650409,0.372609,-0.140992,-0.476053,-0.356812
0.159833,0.727400,0.938110,0.624296,0.016376,-0.431698,-0.402958
0.066984,0.629307,0.859253,0.565483,-0.032333,-0.479176,-0.452137
0.019058,0.586533,0.821590,0.531914,-0.063793,-0.511471,-0.483299
-0.010983,0.559566,0.800602,0.522709,-0.058384,-0.493542,-0.463711
-0.001465,0.552265,0.776634,0.483212,-0.108387,-0.548080,-0.514927
-0.043518,0.519291,0.745831,0.446747,-0.155334,-0.601503,-0.565968
-0.083406,0.495348,0.738663,0.459137,-0.124546,-0.560303,-0.529104
-0.068422,0.476930,0.692034,0.397256,-0.184928,-0.608449,-0.559259
-0.077817,0.488108,0.711877,0.409081,-0.196676,-0.643551,-0.608710
-0.124875,0.455146,0.698746,0.412674,-0.183350,-0.644020,-0.690229
-0.409740,-0.111242,-0.074244,-0.357885,-0.738487,-0.878202,-0.638577
-0.187176,0.160522,0.165176,-0.188635,-0.642702,-0.827877,-0.560065
0.027652,0.585585,0.757474,0.422796,-0.167679,-0.573048,-0.517598
-0.079763,0.405843,0.577383,0.300980,-0.203412,-0.523481,-0.389376
0.136141,0.706644,0.911478,0.587938,-0.030588,-0.483307,-0.451351
0.026672,0.597008,0.830013,0.534397,-0.068172,-0.517765,-0.487591
-0.011326,0.564106,0.806072,0.521290,-0.072491,-0.520214,-0.495018
-0.026619,0.539066,0.774315,0.485809,-0.108730,-0.553288,-0.523003
-0.049553,0.518209,0.749657,0.452511,-0.150585,-0.599714,-0.566133
-0.082581,0.498133,0.742414,0.456030,-0.142260,-0.592486,-0.564879
-0.090174,0.485680,0.730029,0.453482,-0.128226,-0.563977,-0.533749
-0.069146,0.487904,0.712645,0.417647,-0.178431,-0.620600,-0.586958
-0.109200,0.461870,0.696600,0.404667,-0.194233,-0.641148,-0.608301
-0.128395,0.448711,0.692352,0.409248,-0.183826,-0.639626,-0.664410
-0.330463,0.042473,0.130745,-0.159737,-0.606720,-0.824921,-0.583973
0.023026,0.631313,0.833561,0.479149,-0.174835,-0.649967,-0.616756
-0.117935,0.481819,0.742035,0.463631,-0.133587,-0.595451,-0.612576
-0.230042,0.234978,0.415436,0.159615,-0.329247,-0.644646,-0.511757
0.011600,0.579002,0.778831,0.446442,-0.178875,-0.632439,-0.592506
-0.097778,0.492065,0.741486,0.456284,-0.142784,-0.597687,-0.590340
-0.156219,0.374557,0.601601,0.342102,-0.197311,-0.586250,-0.521362
-0.039993,0.514137,0.725243,0.411842,-0.196609,-0.639313,-0.597412
-0.107567,0.473534,0.712334,0.418579,-0.183105,-0.631805,-0.598778
-0.117714,0.461510,0.705299,0.422340,-0.171577,-0.617470,-0.589462
-0.116310,0.454094,0.693054,0.409218,-0.177750,-0.614799,-0.579994
-0.106941,0.456535,0.682762,0.383392,-0.217026,-0.659576,-0.620445
-0.135292,0.445061,0.688988,0.402267,-0.192444,-0.638138,-0.608963
-0.133675,0.438858,0.678947,0.397209,-0.187683,-0.622673,-0.587776
-0.116585,0.445053,0.669456,0.370232,-0.229057,-0.671471,-0.632202
-0.145935,0.433578,0.675697,0.387184,-0.209305,-0.655777,-0.624443
-0.146034,0.431541,0.677605,0.397888,-0.189888,-0.642380,-0.664864
-0.302277,0.144936,0.323387,0.079269,-0.395050,-0.698967,-0.557625
-0.028809,0.542053,0.746292,0.418282,-0.203674,-0.654877,-0.613579
-0.120422,0.467865,0.714767,0.430984,-0.165695,-0.620186,-0.624146
-0.216835,0.281509,0.488152,0.233849,-0.276955,-0.627777,-0.528038
-0.025810,0.535316,0.741623,0.420547,-0.194542,-0.641869,-0.598686
-0.107567,0.478691,0.723595,0.437820,-0.158878,-0.606552,-0.578369
-0.103088,0.472363,0.719242,0.444225,-0.138893,-0.579945,-0.554966
-0.092636,0.464123,0.686626,0.388435,-0.207870,-0.644402,-0.600288
-0.113125,0.466282,0.704395,0.412880,-0.185604,-0.630157,-0.595947
-0.115673,0.461800,0.705803,0.425011,-0.164806,-0.607609,-0.578506
-0.108173,0.456516,0.687851,0.396465,-0.197010,-0.634644,-0.595530
-0.114300,0.459232,0.692497,0.399113,-0.200247,-0.643713,-0.606468
-0.123182,0.455317,0.699364,0.414709,-0.178934,-0.622595,-0.592386
-0.117050,0.457479,0.704426,0.430458,-0.152599,-0.601400,-0.615349
-0.234546,0.230706,0.411401,0.146048,-0.364952,-0.709120,-0.621327
-0.166078,0.337774,0.526426,0.246479,-0.286808,-0.656979,-0.598865
-0.176934,0.301718,0.485915,0.226950,-0.271873,-0.603991,-0.486692
0.027067,0.591795,0.793856,0.466606,-0.153625,-0.600197,-0.553345
-0.057617,0.530270,0.775799,0.486736,-0.111279,-0.560265,-0.531433
-0.057468,0.516666,0.759308,0.479111,-0.108170,-0.550423,-0.522736
-0.053810,0.513374,0.754021,0.476723,-0.107681,-0.549042,-0.524368
-0.061371,0.494087,0.716278,0.416801,-0.181763,-0.619560,-0.576706
-0.087868,0.492226,0.732964,0.445023,-0.151878,-0.597794,-0.565918
-0.088936,0.487221,0.734802,0.459496,-0.123901,-0.566216,-0.542496
-0.080429,0.474113,0.695389,0.395012,-0.202492,-0.639229,-0.593369
-0.104485,0.476639,0.715469,0.424667,-0.173119,-0.617958,-0.585007
-0.104996,0.471222,0.716919,0.439751,-0.146469,-0.587669,-0.563812
-0.110405,0.423843,0.621117,0.307701,-0.283165,-0.717232,-0.739021
-0.427490,-0.056236,0.087997,-0.117729,-0.496368,-0.707405,-0.558990
-0.150124,0.246239,0.355743,0.080399,-0.374077,-0.642708,-0.525002
-0.136803,0.223457,0.286453,-0.013481,-0.453255,-0.660416,-0.413445
0.188751,0.785416,0.974182,0.611267,-0.042374,-0.510345,-0.471039
0.028915,0.623901,0.874496,0.588501,-0.011383,-0.463211,-0.439163
0.030045,0.601410,0.847153,0.572937,-0.009399,-0.453598,-0.444458
-0.012482,0.508316,0.710815,0.417206,-0.154053,-0.558929,-0.490311
0.008423,0.586594,0.815628,0.514145,-0.091309,-0.539856,-0.507660
-0.028412,0.548996,0.794876,0.515930,-0.071091,-0.515045,-0.490997
-0.027649,0.534012,0.772110,0.494247,-0.087799,-0.527802,-0.503738
-0.043304,0.507660,0.726379,0.424423,-0.173660,-0.610977,-0.567657
-0.080307,0.498306,0.738556,0.451111,-0.143341,-0.588806,-0.558418
-0.085854,0.485931,0.728203,0.449593,-0.137085,-0.578735,-0.554352
-0.090652,0.464523,0.683510,0.378906,-0.221794,-0.670502,-0.673599
-0.284966,0.184151,0.376488,0.132446,-0.349625,-0.674896,-0.599632
-0.207581,0.199471,0.311768,0.026497,-0.440735,-0.712227,-0.586601
-0.188599,0.163803,0.202415,-0.117752,-0.558022,-0.747116,-0.476372
0.146477,0.751884,0.939552,0.567741,-0.096664,-0.573341,-0.537766
-0.035637,0.567383,0.830818,0.556572,-0.035568,-0.488503,-0.472389
-0.012993,0.549637,0.789658,0.512726,-0.069374,-0.508453,-0.483490
-0.024109,0.527763,0.744438,0.441444,-0.157681,-0.595058,-0.551792
-0.063522,0.515026,0.754227,0.465736,-0.130733,-0.576233,-0.546871
-0.073357,0.498383,0.740604,0.461948,-0.124779,-0.567457,-0.542141
-0.078497,0.485416,0.727701,0.456923,-0.120049,-0.556966,-0.535707
-0.081945,0.463389,0.677501,0.373931,-0.225752,-0.664652,-0.620926
-0.131218,0.452671,0.700106,0.419784,-0.170542,-0.615803,-0.593037
-0.132891,0.417805,0.643093,0.362320,-0.208916,-0.627438,-0.582085
-0.108345,0.448975,0.665199,0.358841,-0.243603,-0.686207,-0.664711
-0.226311,0.297958,0.511726,0.244957,-0.291878,-0.678253,-0.651825
-0.298386,0.069443,0.147774,-0.146706,-0.589836,-0.813988,-0.628746
-0.177521,0.205154,0.234695,-0.130600,-0.619492,-0.839172,-0.568443
0.075874,0.713326,0.931755,0.581650,-0.073944,-0.558502,-0.559059
-0.121048,0.415520,0.649277,0.398376,-0.135448,-0.531567,-0.517738
-0.163136,0.227314,0.338776,0.063427,-0.388130,-0.636288,-0.439697
0.121376,0.696835,0.883148,0.530514,-0.109993,-0.567879,-0.524426
-0.027189,0.566095,0.819895,0.542931,-0.047993,-0.496794,-0.478529
-0.018955,0.541895,0.782112,0.509275,-0.066813,-0.503839,-0.480743
-0.026146,0.517076,0.728113,0.421486,-0.177324,-0.612438,-0.564972
-0.075466,0.505280,0.745686,0.458393,-0.134937,-0.578300,-0.549751
-0.078022,0.489998,0.729515,0.451107,-0.133419,-0.572937,-0.548397
-0.095284,0.442570,0.655136,0.368587,-0.199577,-0.617992,-0.594994
-0.182465,0.302498,0.487080,0.209953,-0.316635,-0.680168,-0.629135
-0.254257,0.126022,0.206909,-0.095787,-0.552925,-0.790962,-0.626320
-0.209175,0.134857,0.147598,-0.191360,-0.627781,-0.792545,-0.489861
0.158764,0.777027,0.966679,0.590973,-0.078266,-0.555836,-0.520170
-0.019907,0.581259,0.840908,0.566811,-0.024206,-0.475056,-0.460779
-0.008087,0.545940,0.782328,0.510578,-0.060526,-0.489687,-0.460752
-0.001348,0.552494,0.782835,0.503141,-0.077784,-0.514721,-0.489584
-0.032961,0.516178,0.733074,0.434208,-0.161798,-0.599997,-0.559490
-0.077866,0.498007,0.738468,0.454159,-0.137192,-0.581522,-0.554907
-0.085091,0.483959,0.728405,0.455864,-0.123833,-0.564426,-0.541927
-0.085957,0.463520,0.681736,0.384186,-0.208561,-0.642540,-0.597851
-0.113049,0.463047,0.704712,0.420624,-0.168552,-0.611698,-0.583900
-0.114868,0.452438,0.696136,0.423828,-0.153671,-0.591110,-0.574265
-0.149284,0.338242,0.498024,0.186539,-0.365288,-0.742096,-0.694458
-0.316093,0.084259,0.195778,-0.083397,-0.535789,-0.786697,-0.642624
-0.237076,0.113052,0.145508,-0.179771,-0.617294,-0.801704,-0.548752
-0.002136,0.484798,0.584404,0.223049,-0.331326,-0.655979,-0.490265
0.079285,0.683659,0.902527,0.573360,-0.056595,-0.517704,-0.485266
-0.001879,0.579634,0.824694,0.543953,-0.044853,-0.491558,-0.479030
-0.041739,0.491175,0.718366,0.455092,-0.093932,-0.498280,-0.449641
0.016591,0.559617,0.764591,0.450977,-0.150857,-0.586040,-0.537668
-0.047274,0.532400,0.771738,0.484360,-0.110037,-0.554459,-0.530870
-0.084566,0.433848,0.621290,0.323528,-0.233283,-0.616028,-0.532295
-0.040065,0.507245,0.706707,0.400335,-0.181620,-0.595148,-0.536058
-0.047741,0.520109,0.743828,0.442930,-0.156068,-0.596252,-0.561624
-0.095585,0.447267,0.655992,0.361735,-0.209188,-0.615683,-0.559391
-0.106066,0.386105,0.530947,0.203686,-0.353043,-0.715178,-0.641283
-0.258394,0.083927,0.090103,-0.269026,-0.723469,-0.901190,-0.636722
-0.098207,0.357282,0.429650,0.069652,-0.451132,-0.729787,-0.566334
-0.106437,0.304356,0.368576,0.036648,-0.437763,-0.666565,-0.422474
0.189571,0.805763,1.020699,0.684689,0.045002,-0.430645,-0.415558
0.051605,0.619965,0.853931,0.565132,-0.025803,-0.464859,-0.432060
0.039963,0.607269,0.847046,0.569855,-0.012512,-0.451859,-0.429123
0.027069,0.581627,0.815605,0.539513,-0.037857,-0.475182,-0.453354
-0.000999,0.542923,0.756607,0.458458,-0.132935,-0.564613,-0.521561
-0.043274,0.522446,0.752846,0.466381,-0.119301,-0.553127,-0.522953
-0.068165,0.463531,0.664131,0.366707,-0.203449,-0.608212,-0.543365
-0.058132,0.502758,0.723492,0.428425,-0.160887,-0.594400,-0.558046
-0.098110,0.433811,0.627802,0.320904,-0.255703,-0.658059,-0.594728
-0.142236,0.343255,0.482463,0.158413,-0.385358,-0.729770,-0.634402
-0.221450,0.163351,0.211605,-0.128309,-0.602795,-0.833599,-0.640294
-0.174243,0.234843,0.300315,-0.031341,-0.509377,-0.751527,-0.577288
-0.144787,0.214449,0.236389,-0.102261,-0.546200,-0.728188,-0.468952
0.080956,0.568211,0.666168,0.305122,-0.248966,-0.582134,-0.462952
0.002865,0.489822,0.653900,0.370087,-0.142632,-0.484634,-0.421097
-0.046547,0.335327,0.424599,0.131165,-0.326614,-0.570198,-0.382759
0.128227,0.625732,0.762154,0.430420,-0.126869,-0.481781,-0.358765
0.176254,0.766922,0.996597,0.690826,0.078186,-0.383377,-0.368988
0.090637,0.647629,0.875198,0.582993,-0.007416,-0.444000,-0.413635
0.035461,0.551727,0.732162,0.425476,-0.137268,-0.522003,-0.435364
0.070480,0.646866,0.877090,0.582611,-0.014923,-0.465408,-0.445877
0.012009,0.568253,0.799019,0.511932,-0.079247,-0.524399,-0.506416
-0.069572,0.432625,0.600090,0.288399,-0.267563,-0.639694,-0.568871
-0.153893,0.257324,0.335648,0.001091,-0.495445,-0.774483,-0.678787
-0.393433,-0.223900,-0.335182,-0.671967,-0.979195,-0.958282,-0.521400
0.111771,0.574104,0.591690,0.163727,-0.399033,-0.683159,-0.491928
0.014046,0.469490,0.553513,0.208961,-0.301430,-0.581528,-0.428307
0.022400,0.441643,0.529846,0.213844,-0.268257,-0.529106,-0.344139
0.187820,0.726608,0.903931,0.577530,-0.014511,-0.435150,-0.417297
-0.036270,0.395981,0.542969,0.280319,-0.186996,-0.466415,-0.299866
0.244125,0.819229,1.022766,0.694977,0.071259,-0.388580,-0.364655
0.106354,0.673645,0.908493,0.619583,0.022675,-0.429138,-0.413879
0.024155,0.530457,0.702957,0.392326,-0.167480,-0.541489,-0.444221
0.059448,0.612221,0.808296,0.493660,-0.097466,-0.518143,-0.461273
0.026794,0.596336,0.826607,0.532181,-0.066277,-0.516674,-0.494133
-0.030319,0.529850,0.757675,0.462799,-0.137072,-0.590818,-0.591116
-0.200694,0.239903,0.369800,0.069744,-0.427778,-0.727332,-0.617792
-0.232791,0.102832,0.117014,-0.221491,-0.661362,-0.834421,-0.542883
0.088850,0.692335,0.880054,0.517094,-0.133644,-0.596783,-0.557549
-0.083046,0.449638,0.630707,0.316868,-0.246109,-0.622265,-0.530056
-0.035278,0.518456,0.733078,0.443672,-0.129295,-0.545639,-0.511810
-0.071960,0.443962,0.647484,0.364677,-0.190994,-0.586288,-0.517921
-0.027252,0.538048,0.758255,0.449974,-0.161232,-0.612526,-0.580116
-0.097733,0.481842,0.726944,0.445282,-0.144424,-0.589066,-0.562775
-0.096207,0.467682,0.701157,0.413834,-0.178543,-0.621918,-0.592407
-0.121674,0.443405,0.674164,0.378311,-0.222534,-0.670395,-0.638474
-0.162399,0.405045,0.639114,0.356308,-0.220856,-0.643280,-0.598877
-0.122162,0.442001,0.672836,0.383881,-0.206207,-0.646362,-0.616547
-0.149414,0.411102,0.638336,0.341919,-0.256561,-0.701080,-0.666809
-0.184540,0.392029,0.634125,0.348541,-0.244049,-0.700317,-0.750000
-0.484650,-0.203094,-0.172150,-0.449036,-0.816132,-0.951233,-0.738251
-0.366974,-0.120117,-0.174316,-0.506317,-0.866455,-0.938049,-0.596710
-0.008392,0.499359,0.622498,0.278595,-0.279968,-0.628311,-0.511475
-0.023544,0.486298,0.648636,0.340637,-0.197998,-0.549057,-0.452499
0.015320,0.527695,0.714005,0.425873,-0.119476,-0.494781,-0.406616
0.093872,0.660110,0.873413,0.557281,-0.058762,-0.511963,-0.479492
0.002945,0.580597,0.823776,0.541168,-0.045578,-0.484390,-0.454269
0.012177,0.572006,0.803406,0.518890,-0.066818,-0.505569,-0.477341
-0.014725,0.541321,0.765060,0.468094,-0.129959,-0.575058,-0.542374
-0.064590,0.508438,0.746078,0.456055,-0.141937,-0.588943,-0.560089
-0.084167,0.489975,0.734573,0.458282,-0.122208,-0.556732,-0.527267
-0.063416,0.490952,0.714966,0.421219,-0.171677,-0.611679,-0.577835
-0.102798,0.464584,0.695663,0.400116,-0.199432,-0.645050,-0.610901
-0.132645,0.438919,0.677078,0.395386,-0.184586,-0.624451,-0.650070
-0.335495,0.017258,0.105087,-0.166321,-0.586578,-0.791000,-0.568634
-0.018127,0.523453,0.689880,0.349800,-0.251869,-0.668320,-0.614075
-0.153000,0.381035,0.594704,0.322937,-0.222771,-0.617950,-0.601219
-0.242760,0.159340,0.289185,0.030113,-0.417030,-0.675461,-0.526154
-0.056839,0.421867,0.571922,0.266418,-0.269737,-0.621265,-0.525154
-0.051910,0.468777,0.661396,0.372662,-0.179115,-0.567623,-0.517927
-0.092630,0.395203,0.586529,0.330708,-0.166969,-0.499919,-0.388347
0.115820,0.671029,0.870481,0.546495,-0.068560,-0.516855,-0.479533
0.002833,0.578449,0.814739,0.521402,-0.079880,-0.529177,-0.500656
-0.025055,0.549723,0.792019,0.509521,-0.081993,-0.528450,-0.502975
-0.035271,0.529728,0.763313,0.474144,-0.120071,-0.564316,-0.531757
-0.057034,0.512970,0.744686,0.447803,-0.155025,-0.602917,-0.569084
-0.084305,0.496647,0.742142,0.456963,-0.140137,-0.589184,-0.566269
-0.111835,0.419521,0.615883,0.317192,-0.245419,-0.632931,-0.547085
-0.040062,0.534599,0.755299,0.441643,-0.172924,-0.624630,-0.589691
-0.102837,0.480175,0.724785,0.436773,-0.161173,-0.610079,-0.582136
-0.105145,0.471025,0.716665,0.438471,-0.144867,-0.583208,-0.553591
-0.087637,0.471733,0.696819,0.401192,-0.194530,-0.634394,-0.596512
-0.114550,0.458733,0.692725,0.398109,-0.202470,-0.649097,-0.614008
-0.130905,0.449369,0.695175,0.412264,-0.181603,-0.629395,-0.601321
-0.129078,0.442388,0.682397,0.401556,-0.183422,-0.619475,-0.584656
-0.113543,0.448989,0.674284,0.374959,-0.225400,-0.668876,-0.629685
-0.143491,0.437894,0.681872,0.396176,-0.199471,-0.646094,-0.616861
-0.140537,0.433998,0.678026,0.400191,-0.180830,-0.614918,-0.582056
-0.113861,0.444803,0.668219,0.368986,-0.229326,-0.671751,-0.632496
-0.147213,0.431316,0.672466,0.383968,-0.213476,-0.660900,-0.628553
-0.149143,0.429430,0.675505,0.395794,-0.193924,-0.638578,-0.612278
-0.148626,0.403587,0.621597,0.327755,-0.252516,-0.671200,-0.614277
-0.122236,0.453220,0.683510,0.383274,-0.221897,-0.668186,-0.631784
-0.146400,0.436136,0.683208,0.400578,-0.193010,-0.638569,-0.610237
-0.136759,0.433981,0.672293,0.386843,-0.201723,-0.639376,-0.602234
-0.124908,0.443781,0.673223,0.377033,-0.224127,-0.667421,-0.630003
-0.146542,0.432137,0.675386,0.390923,-0.202526,-0.652830,-0.652636
-0.244139,0.255390,0.468093,0.221751,-0.287024,-0.641694,-0.547717
-0.049241,0.512073,0.721503,0.404499,-0.206548,-0.649873,-0.604677
-0.112537,0.470830,0.711884,0.421332,-0.179131,-0.625645,-0.593378
-0.113073,0.465401,0.711374,0.430579,-0.159240,-0.603024,-0.573914
-0.103577,0.464045,0.700239,0.415615,-0.172134,-0.608007,-0.572035
-0.096851,0.468735,0.697054,0.399744,-0.198620,-0.641102,-0.602882
-0.117655,0.462769,0.706768,0.422064,-0.171627,-0.617294,-0.588093
-0.112782,0.463676,0.711559,0.438515,-0.143627,-0.585667,-0.561665
-0.100296,0.455505,0.677059,0.375984,-0.225136,-0.667412,-0.625080
-0.132843,0.454529,0.702480,0.417789,-0.178818,-0.633228,-0.629295
-0.203426,0.319168,0.542023,0.288151,-0.242744,-0.632038,-0.606544
-0.219864,0.226791,0.391018,0.126923,-0.364269,-0.674164,-0.531906
0.001709,0.578308,0.787247,0.461929,-0.158340,-0.612762,-0.590286
-0.136284,0.409294,0.641235,0.377792,-0.172356,-0.579765,-0.564415
-0.177055,0.278084,0.454613,0.204659,-0.277428,-0.591972,-0.463135
0.053276,0.614761,0.810677,0.475380,-0.150864,-0.602432,-0.558563
-0.058960,0.535698,0.787926,0.504532,-0.093719,-0.545883,-0.522156
-0.050323,0.524628,0.772964,0.500366,-0.082321,-0.524918,-0.503418
-0.042603,0.511688,0.732697,0.432053,-0.165710,-0.602722,-0.559097
-0.070465,0.509415,0.748962,0.456909,-0.142105,-0.588165,-0.556442
-0.076675,0.500275,0.744736,0.464401,-0.124008,-0.567368,-0.540771
-0.072922,0.488312,0.714264,0.417542,-0.179260,-0.618256,-0.576569
-0.089874,0.487122,0.724777,0.431839,-0.167068,-0.613037,-0.579254
-0.098419,0.478622,0.722198,0.439026,-0.153152,-0.603180,-0.600761
-0.185196,0.324265,0.541916,0.290703,-0.230728,-0.613571,-0.596336
-0.237381,0.175957,0.319870,0.059097,-0.407318,-0.696548,-0.579720
-0.141602,0.315971,0.467560,0.185081,-0.317505,-0.643578,-0.556419
-0.138916,0.307991,0.460739,0.195023,-0.283127,-0.591843,-0.507996
-0.139679,0.206741,0.248215,-0.074020,-0.523178,-0.722076,-0.452240
0.176529,0.795624,0.997818,0.639404,-0.018555,-0.497650,-0.469376
0.022583,0.616501,0.875793,0.602310,0.011902,-0.438354,-0.422531
0.036591,0.597946,0.840622,0.568253,-0.012268,-0.453690,-0.434967
0.018234,0.564941,0.780411,0.478165,-0.119263,-0.555923,-0.512924
-0.026901,0.550415,0.791306,0.503510,-0.092285,-0.538086,-0.510971
-0.040695,0.529800,0.772751,0.495773,-0.088318,-0.534256,-0.530716
-0.115997,0.377945,0.557770,0.262222,-0.287506,-0.658325,-0.554977
-0.032547,0.553467,0.781509,0.472191,-0.141014,-0.594299,-0.565819
-0.088287,0.487434,0.734573,0.458847,-0.124985,-0.571625,-0.581482
-0.201515,0.255089,0.429161,0.171898,-0.315468,-0.638176,-0.540848
-0.090813,0.397118,0.561195,0.257874,-0.291748,-0.664421,-0.596100
-0.156235,0.338226,0.524410,0.254715,-0.262558,-0.620770,-0.570343
-0.194118,0.201160,0.309597,0.026371,-0.432007,-0.692772,-0.549686
-0.101185,0.348122,0.482723,0.189266,-0.312477,-0.616230,-0.457157
0.092133,0.678387,0.890041,0.563499,-0.061905,-0.521435,-0.491337
-0.009289,0.571873,0.820492,0.545231,-0.043026,-0.490162,-0.477089
-0.028515,0.521439,0.757694,0.490704,-0.073730,-0.499210,-0.469555
-0.014320,0.528557,0.738274,0.431314,-0.166853,-0.602306,-0.558105
-0.070866,0.506662,0.748762,0.465101,-0.125611,-0.570285,-0.550850
-0.096940,0.453425,0.686197,0.412832,-0.155950,-0.584748,-0.571066
-0.157033,0.338205,0.528090,0.246431,-0.295387,-0.666195,-0.572582
-0.062744,0.514713,0.740143,0.436054,-0.170010,-0.620121,-0.602165
-0.155567,0.386585,0.614155,0.348343,-0.206108,-0.618744,-0.606621
-0.230263,0.198357,0.340813,0.071754,-0.403839,-0.701202,-0.594376
-0.168121,0.277702,0.415695,0.123665,-0.383499,-0.708229,-0.619743
-0.219460,0.182076,0.281090,-0.010483,-0.469322,-0.722725,-0.577225
-0.170265,0.178314,0.205330,-0.122429,-0.560463,-0.739525,-0.454922
0.177734,0.788960,0.977493,0.606541,-0.057995,-0.533833,-0.497433
0.001602,0.599594,0.858047,0.581787,-0.008442,-0.461449,-0.460052
-0.036724,0.485287,0.706554,0.446205,-0.093086,-0.491695,-0.458858
-0.036602,0.463837,0.664711,0.397835,-0.136200,-0.518852,-0.451641
0.027130,0.575748,0.781376,0.468407,-0.135719,-0.575130,-0.532902
-0.046642,0.529911,0.769089,0.483505,-0.109116,-0.557636,-0.551781
-0.133789,0.367325,0.564976,0.296871,-0.228600,-0.592007,-0.503765
-0.009026,0.546627,0.750443,0.428848,-0.182846,-0.624863,-0.583260
-0.099564,0.474457,0.714066,0.431847,-0.153526,-0.596817,-0.600410
-0.218147,0.229996,0.389832,0.124321,-0.360466,-0.672798,-0.584717
-0.194618,0.178276,0.234268,-0.097992,-0.575638,-0.816406,-0.623222
-0.120178,0.369499,0.518715,0.220200,-0.295357,-0.626465,-0.547234
-0.167854,0.197342,0.262291,-0.039597,-0.480324,-0.693325,-0.490211
-0.007629,0.420742,0.494556,0.151600,-0.354259,-0.624977,-0.419495
0.165033,0.764706,0.967184,0.621771,-0.019411,-0.483837,-0.450785
0.037112,0.621134,0.868674,0.587456,-0.003784,-0.455835,-0.456424
-0.043852,0.461639,0.673381,0.418244,-0.103180,-0.476274,-0.405457
0.070046,0.609557,0.804204,0.480351,-0.129680,-0.568104,-0.519041
-0.026988,0.555302,0.799183,0.514349,-0.077532,-0.524348,-0.501184
-0.036750,0.527942,0.769037,0.495119,-0.083014,-0.522066,-0.499996
-0.044460,0.508484,0.741850,0.465160,-0.111805,-0.547745,-0.523567
-0.067890,0.479340,0.697281,0.402386,-0.186756,-0.618141,-0.576748
-0.099121,0.469864,0.704479,0.420246,-0.166145,-0.604576,-0.579926
-0.133545,0.385933,0.575417,0.276749,-0.284859,-0.678200,-0.617661
-0.160118,0.362610,0.559219,0.267616,-0.291870,-0.689949,-0.658508
-0.272766,0.150513,0.279861,-0.000214,-0.474022,-0.755928,-0.636711
-0.236259,0.131271,0.188789,-0.121429,-0.564545,-0.767204,-0.510857
0.100639,0.708496,0.915184,0.575905,-0.062126,-0.533188,-0.513535
-0.042816,0.526154,0.759766,0.467690,-0.128426,-0.573570,-0.540932
-0.064171,0.510780,0.757164,0.480675,-0.101952,-0.543503,-0.520981
-0.060104,0.500084,0.736725,0.460342,-0.120216,-0.557762,-0.532242
-0.073288,0.478172,0.699326,0.404686,-0.183228,-0.615356,-0.573708
-0.094864,0.474350,0.708221,0.422264,-0.164848,-0.603027,-0.571289
-0.102249,0.463097,0.701927,0.424805,-0.155525,-0.593811,-0.568039
-0.107849,0.449715,0.685715,0.408714,-0.171478,-0.608658,-0.582764
-0.123428,0.429390,0.651894,0.355675,-0.238678,-0.675232,-0.639908
-0.180023,0.348953,0.539047,0.238068,-0.322891,-0.707794,-0.624207
-0.141891,0.379013,0.545486,0.222092,-0.347412,-0.729050,-0.640289
-0.148926,0.400467,0.608856,0.314270,-0.256973,-0.668671,-0.643875
-0.258873,0.159775,0.280624,-0.003967,-0.472488,-0.741341,-0.594543
-0.144302,0.280357,0.369064,0.043823,-0.453255,-0.739677,-0.630791
-0.266945,0.052605,0.080162,-0.221642,-0.619293,-0.771030,-0.523804
-0.036568,0.366146,0.413567,0.065956,-0.420090,-0.662374,-0.469731
0.015170,0.449743,0.529693,0.193793,-0.307037,-0.571800,-0.362383
0.227991,0.836380,1.056271,0.730049,0.100056,-0.370884,-0.357971
0.104103,0.666428,0.895386,0.605522,0.013527,-0.428528,-0.418251
-0.009560,0.464737,0.632874,0.351135,-0.163429,-0.497498,-0.377266
0.141342,0.711830,0.929344,0.622284,0.018112,-0.433075,-0.411331
0.049728,0.604233,0.825455,0.527924,-0.063843,-0.499802,-0.460999
0.016968,0.587250,0.826065,0.544983,-0.039261,-0.480469,-0.466415
-0.035431,0.477570,0.673325,0.386703,-0.166885,-0.568909,-0.566772
-0.250137,0.078308,0.137131,-0.147369,-0.559143,-0.746353,-0.531357
-0.054581,0.356339,0.411880,0.059631,-0.440781,-0.702179,-0.528458
-0.066223,0.343964,0.407578,0.070145,-0.414597,-0.670242,-0.528915
-0.146622,0.172653,0.193069,-0.113876,-0.514679,-0.678345,-0.472244
-0.052139,0.313354,0.388351,0.112991,-0.301453,-0.505051,-0.320969
0.123199,0.515442,0.579803,0.251892,-0.227356,-0.472717,-0.255783
0.329315,0.924637,1.130615,0.793488,0.158569,-0.310425,-0.292664
0.173218,0.738342,0.976868,0.693573,0.102203,-0.348022,-0.331207
0.123962,0.677521,0.905609,0.619751,0.036591,-0.396698,-0.366028
0.097046,0.651581,0.879669,0.594803,0.009705,-0.428452,-0.403549
0.053787,0.606567,0.834854,0.550201,-0.035660,-0.476501,-0.454269
0.003372,0.556458,0.779205,0.483200,-0.115845,-0.562912,-0.536087
-0.077789,0.457397,0.656570,0.354797,-0.220642,-0.622818,-0.551498
-0.055954,0.506378,0.720711,0.418335,-0.174309,-0.604286,-0.557594
-0.072769,0.499435,0.732361,0.434723,-0.170807,-0.632103,-0.644764
-0.264633,0.189217,0.357643,0.098698,-0.380554,-0.688381,-0.599739
-0.207129,0.189741,0.289015,-0.002313,-0.467736,-0.745245,-0.675381
-0.399998,-0.168085,-0.166779,-0.422297,-0.737917,-0.815192,-0.539098
-0.062320,0.336872,0.414985,0.112439,-0.345564,-0.582536,-0.370966
0.200055,0.778527,0.970739,0.628823,0.001848,-0.453385,-0.420019
0.057442,0.630144,0.869396,0.586800,-0.002874,-0.449467,-0.430977
0.024909,0.577214,0.800170,0.504367,-0.092521,-0.538438,-0.508521
-0.033487,0.537800,0.776638,0.496578,-0.086662,-0.522964,-0.493290
-0.030216,0.526287,0.755367,0.469543,-0.116474,-0.553570,-0.524677
-0.062374,0.492401,0.715858,0.418617,-0.179687,-0.625046,-0.591629
-0.114090,0.458717,0.698097,0.416626,-0.167023,-0.602737,-0.570511
-0.102951,0.457039,0.689583,0.406219,-0.176376,-0.612991,-0.583618
-0.120834,0.435394,0.663239,0.374268,-0.215851,-0.655029,-0.623306
-0.152313,0.412048,0.641113,0.346512,-0.253082,-0.704575,-0.712387
-0.344040,0.064941,0.172318,-0.122665,-0.588776,-0.856201,-0.776321
-0.533981,-0.411926,-0.549728,-0.877579,-1.147614,-1.094711,-0.692505
-0.182541,0.146027,0.121979,-0.229034,-0.649063,-0.799530,-0.565689
-0.141525,0.169418,0.162064,-0.156769,-0.539078,-0.643387,-0.296463
0.369606,0.986572,1.168060,0.789131,0.120567,-0.363197,-0.341515
0.139984,0.719604,0.962769,0.674263,0.073845,-0.381454,-0.363792
0.100056,0.664146,0.898766,0.610596,0.015400,-0.432766,-0.408024
0.060894,0.628056,0.864750,0.579620,-0.009632,-0.452881,-0.427166
0.037828,0.600136,0.832020,0.544083,-0.047945,-0.492958,-0.468014
-0.000847,0.561668,0.790836,0.496304,-0.104206,-0.553707,-0.525387
-0.059746,0.492470,0.709492,0.419544,-0.152977,-0.563023,-0.504395
-0.017513,0.549889,0.777061,0.482510,-0.114109,-0.559757,-0.532501
-0.064007,0.496902,0.723503,0.425476,-0.176544,-0.622643,-0.588989
-0.108292,0.470573,0.713028,0.425819,-0.171333,-0.632149,-0.674599
-0.384529,-0.073608,-0.029190,-0.318184,-0.714836,-0.876312,-0.642632
-0.160988,0.258667,0.339493,0.015228,-0.475021,-0.741974,-0.569847
-0.066208,0.444565,0.612717,0.311470,-0.232193,-0.595078,-0.500450
-0.015991,0.519707,0.722313,0.434685,-0.118950,-0.509300,-0.451668
0.001007,0.520836,0.718460,0.430771,-0.127792,-0.524010,-0.454617
0.036087,0.602383,0.822594,0.514305,-0.094959,-0.546299,-0.514923
-0.034534,0.543034,0.787125,0.507378,-0.080437,-0.522243,-0.495094
-0.030621,0.528252,0.755768,0.463516,-0.128876,-0.569351,-0.535988
-0.062424,0.501549,0.729248,0.429359,-0.174492,-0.621429,-0.584709
-0.100967,0.478958,0.721489,0.434349,-0.163712,-0.612732,-0.583931
-0.109009,0.465111,0.709694,0.433380,-0.148094,-0.583603,-0.553139
-0.089272,0.467049,0.691071,0.394386,-0.202377,-0.644249,-0.608360
-0.129341,0.442970,0.678940,0.387268,-0.210403,-0.657074,-0.624954
-0.144791,0.431587,0.675499,0.397545,-0.185547,-0.634377,-0.671799
-0.369904,-0.024796,0.064224,-0.199142,-0.609497,-0.807022,-0.579758
-0.027344,0.515152,0.682487,0.341370,-0.263298,-0.683685,-0.635284
-0.181961,0.342445,0.555374,0.288734,-0.246025,-0.634262,-0.623352
-0.286270,0.092697,0.217216,-0.026627,-0.443047,-0.670044,-0.492523
-0.000145,0.492622,0.639992,0.316193,-0.247864,-0.622154,-0.535904
-0.056808,0.477493,0.681644,0.393597,-0.165318,-0.565784,-0.526962
-0.105598,0.382244,0.576511,0.321651,-0.178978,-0.515827,-0.407139
0.094172,0.648508,0.848074,0.523230,-0.093651,-0.542772,-0.504314
-0.018865,0.559812,0.800111,0.508797,-0.090480,-0.540716,-0.513126
-0.038445,0.534447,0.775854,0.493455,-0.098940,-0.545285,-0.518722
-0.049940,0.517108,0.751751,0.462653,-0.130516,-0.574693,-0.543048
-0.068250,0.500855,0.733633,0.438784,-0.163010,-0.610846,-0.576961
-0.094079,0.486946,0.733490,0.449352,-0.145736,-0.594743,-0.570810
-0.112438,0.428678,0.637640,0.342645,-0.227053,-0.630381,-0.560204
-0.061872,0.511020,0.733877,0.426267,-0.185238,-0.635859,-0.599845
-0.113875,0.469237,0.713945,0.427990,-0.168894,-0.617724,-0.588730
-0.113622,0.462634,0.709338,0.432198,-0.155953,-0.600039,-0.575133
-0.108963,0.453552,0.683715,0.389212,-0.209303,-0.652906,-0.617750
-0.133602,0.444777,0.685776,0.396151,-0.203390,-0.651918,-0.619688
-0.138439,0.442926,0.689816,0.407978,-0.184824,-0.631559,-0.604395
-0.132072,0.439472,0.680536,0.398787,-0.188068,-0.625977,-0.592022
-0.119812,0.445763,0.673096,0.375793,-0.223541,-0.666977,-0.628727
-0.143459,0.437981,0.682991,0.398315,-0.196320,-0.643894,-0.614628
-0.139244,0.434357,0.677456,0.398705,-0.184204,-0.619183,-0.586227
-0.116962,0.443741,0.668201,0.369022,-0.231186,-0.673538,-0.634209
-0.147877,0.433647,0.675808,0.389290,-0.207172,-0.654598,-0.623234
-0.144794,0.432816,0.679886,0.402142,-0.185631,-0.629337,-0.602097
-0.133610,0.431206,0.663651,0.373363,-0.219013,-0.657513,-0.620228
-0.138855,0.434822,0.670189,0.377914,-0.220345,-0.663692,-0.628281
-0.144855,0.434765,0.679924,0.397350,-0.195206,-0.640717,-0.612335
-0.142715,0.417366,0.642189,0.347286,-0.242828,-0.681034,-0.681541
-0.297176,0.162827,0.345167,0.095127,-0.387997,-0.707472,-0.610834
-0.166355,0.315105,0.487435,0.207922,-0.310281,-0.661595,-0.590657
-0.166761,0.304071,0.482471,0.222646,-0.271170,-0.596371,-0.474176
0.042481,0.606173,0.807203,0.478931,-0.142313,-0.589895,-0.545017
-0.049297,0.538582,0.784100,0.497959,-0.100094,-0.550095,-0.522274
-0.049309,0.522854,0.766476,0.486271,-0.100048,-0.543293,-0.516594
-0.049629,0.511711,0.740700,0.446976,-0.145889,-0.583900,-0.545174
-0.064331,0.507835,0.741684,0.446922,-0.151855,-0.596703,-0.561813
-0.079895,0.498222,0.740906,0.456856,-0.137177,-0.583191,-0.554337
-0.080345,0.492844,0.740410,0.467049,-0.115410,-0.557770,-0.534088
-0.074020,0.479515,0.700775,0.401360,-0.196175,-0.632942,-0.589066
-0.100189,0.480919,0.721687,0.432808,-0.164055,-0.609924,-0.578979
-0.101944,0.474274,0.720932,0.443748,-0.141518,-0.588600,-0.590111
-0.192108,0.275536,0.435158,0.138176,-0.392441,-0.757019,-0.746086
-0.463654,-0.156395,-0.056007,-0.253410,-0.578850,-0.725456,-0.551277
-0.182312,0.140343,0.201241,-0.060707,-0.451126,-0.639664,-0.472870
-0.089752,0.230316,0.256393,-0.051773,-0.464539,-0.626404,-0.336502
0.292603,0.894440,1.076584,0.700256,0.034286,-0.443954,-0.409958
0.087662,0.685211,0.941269,0.661636,0.064148,-0.391174,-0.374512
0.088348,0.654388,0.900711,0.630005,0.051117,-0.391632,-0.375198
0.075714,0.619186,0.832397,0.527908,-0.070755,-0.508667,-0.464951
0.021774,0.599762,0.838409,0.548370,-0.050629,-0.498627,-0.471771
0.000229,0.572418,0.816040,0.539749,-0.044662,-0.487976,-0.466232
-0.006149,0.553253,0.793015,0.518753,-0.060715,-0.501083,-0.480316
-0.026077,0.520691,0.734268,0.429169,-0.172028,-0.613403,-0.571167
-0.081970,0.500427,0.745407,0.459717,-0.135941,-0.587463,-0.578720
-0.144196,0.387955,0.613434,0.351395,-0.195404,-0.605347,-0.604218
-0.245605,0.178146,0.332367,0.074005,-0.396866,-0.693451,-0.578033
-0.126678,0.348900,0.509529,0.221359,-0.300552,-0.647720,-0.572678
-0.154488,0.297997,0.454308,0.184319,-0.302956,-0.618744,-0.537025
-0.161049,0.201752,0.269218,-0.030182,-0.472351,-0.683846,-0.444092
0.152916,0.745422,0.932999,0.570862,-0.082977,-0.552116,-0.513954
-0.016113,0.579735,0.835083,0.554771,-0.039467,-0.490578,-0.470695
-0.007568,0.555824,0.795624,0.518471,-0.065804,-0.507034,-0.483223
-0.024010,0.526718,0.745186,0.443001,-0.156311,-0.593864,-0.551750
-0.065605,0.511818,0.750881,0.462257,-0.133369,-0.578030,-0.548817
-0.076427,0.494198,0.735321,0.456551,-0.129313,-0.572111,-0.547890
-0.085329,0.468723,0.687568,0.385755,-0.213165,-0.651310,-0.606840
-0.118348,0.461403,0.701807,0.410613,-0.186580,-0.635710,-0.617754
-0.168228,0.377806,0.609226,0.344299,-0.212208,-0.629810,-0.620651
-0.239410,0.207718,0.373390,0.115616,-0.364429,-0.684765,-0.617302
-0.241768,0.158691,0.281052,0.009682,-0.453552,-0.729866,-0.606094
-0.181595,0.245888,0.367676,0.082039,-0.394356,-0.680794,-0.569984
-0.183731,0.165817,0.205513,-0.114563,-0.554749,-0.754501,-0.531414
-0.009502,0.485180,0.625664,0.304810,-0.239723,-0.582958,-0.448360
0.094254,0.686588,0.909149,0.592434,-0.027145,-0.485786,-0.459698
0.016415,0.592670,0.838379,0.562187,-0.024067,-0.473129,-0.475639
-0.070824,0.418194,0.612644,0.350151,-0.166840,-0.523808,-0.434074
0.054317,0.602692,0.799290,0.474438,-0.138531,-0.583775,-0.548302
-0.076546,0.483688,0.718418,0.443085,-0.126675,-0.554497,-0.551567
-0.167725,0.284908,0.455040,0.196793,-0.289593,-0.611340,-0.513062
-0.065018,0.419960,0.581108,0.277805,-0.268860,-0.630806,-0.521580
0.000793,0.584801,0.809868,0.502487,-0.106850,-0.558262,-0.531834
-0.070999,0.474503,0.687805,0.398079,-0.173241,-0.588921,-0.566154
-0.176315,0.247093,0.364845,0.066422,-0.421661,-0.716751,-0.618416
-0.230843,0.162994,0.278793,0.011658,-0.432732,-0.689400,-0.561783
-0.168648,0.193581,0.255592,-0.046276,-0.486984,-0.704845,-0.526077
-0.102772,0.248329,0.269035,-0.065956,-0.506279,-0.683716,-0.397512
0.235746,0.845610,1.031805,0.658528,-0.007339,-0.484507,-0.449431
0.048283,0.644960,0.901130,0.624551,0.032043,-0.423223,-0.428954
-0.017577,0.491610,0.709939,0.458394,-0.067291,-0.448517,-0.390646
0.071052,0.608600,0.821813,0.533930,-0.042420,-0.470922,-0.438409
0.022584,0.570185,0.783597,0.480294,-0.119141,-0.558787,-0.520700
-0.039524,0.535898,0.778835,0.496975,-0.092933,-0.543651,-0.547789
-0.148483,0.331181,0.516375,0.251558,-0.258924,-0.601622,-0.495785
0.007599,0.565954,0.766586,0.441830,-0.172993,-0.617138,-0.573734
-0.083374,0.499199,0.743370,0.458828,-0.133728,-0.584133,-0.584049
-0.180557,0.299351,0.478939,0.207596,-0.304466,-0.652626,-0.586380
-0.195450,0.201706,0.293442,-0.012184,-0.486893,-0.749184,-0.586121
-0.099258,0.387085,0.534935,0.224327,-0.314926,-0.669518,-0.601822
-0.215324,0.173538,0.262924,-0.028427,-0.477264,-0.709045,-0.523567
-0.042824,0.403267,0.500488,0.169991,-0.345013,-0.638466,-0.458439
0.110638,0.705750,0.913486,0.577198,-0.055916,-0.522106,-0.516186
-0.090317,0.425423,0.642445,0.387661,-0.136337,-0.515884,-0.479778
-0.082600,0.377369,0.555740,0.301731,-0.189262,-0.516560,-0.405247
0.094761,0.641945,0.830521,0.495764,-0.122147,-0.565447,-0.524145
-0.043690,0.525160,0.760609,0.477192,-0.104488,-0.543148,-0.543148
-0.159279,0.292397,0.456703,0.193661,-0.291622,-0.600552,-0.465164
0.054798,0.619808,0.830936,0.521454,-0.081181,-0.525955,-0.497841
-0.031429,0.526432,0.750992,0.455814,-0.135571,-0.572117,-0.534866
-0.058418,0.510365,0.747704,0.466164,-0.118542,-0.563126,-0.568016
-0.182148,0.270531,0.429001,0.152359,-0.349312,-0.689125,-0.671242
-0.432709,-0.251961,-0.318916,-0.619583,-0.924252,-0.935959,-0.556793
0.012356,0.433727,0.449818,0.052608,-0.472820,-0.731659,-0.541735
-0.065376,0.345119,0.402203,0.066128,-0.406538,-0.630685,-0.386869
0.216107,0.817450,1.024507,0.690454,0.062472,-0.399626,-0.377953
0.086939,0.644251,0.870205,0.579315,-0.008808,-0.448986,-0.441711
-0.032097,0.461674,0.666687,0.414646,-0.094917,-0.452354,-0.367004
0.118008,0.669868,0.881622,0.579594,-0.014690,-0.457058,-0.431450
0.030514,0.581028,0.799274,0.499786,-0.092941,-0.531807,-0.504669
-0.054852,0.483643,0.706596,0.435219,-0.120853,-0.529251,-0.492434
-0.050606,0.471182,0.682467,0.409298,-0.141710,-0.540205,-0.483809
-0.008907,0.546619,0.770818,0.480158,-0.111632,-0.555422,-0.535115
-0.083272,0.461137,0.682146,0.396150,-0.179286,-0.605885,-0.593926
-0.206987,0.230160,0.366405,0.079477,-0.411875,-0.714108,-0.604292
-0.193630,0.195732,0.264130,-0.057789,-0.531055,-0.781170,-0.616772
-0.160816,0.280262,0.403790,0.112068,-0.372318,-0.662773,-0.551062
-0.154154,0.220598,0.291113,-0.010153,-0.454176,-0.672394,-0.465666
0.052721,0.552693,0.695478,0.372010,-0.180006,-0.546289,-0.476528
-0.049910,0.422624,0.598788,0.335751,-0.164191,-0.506224,-0.443688
-0.043767,0.395477,0.546473,0.273153,-0.218414,-0.535538,-0.421949
0.052971,0.567490,0.753006,0.460152,-0.094746,-0.482452,-0.405607
0.088562,0.655357,0.881916,0.585766,-0.012455,-0.462635,-0.440861
0.019257,0.574780,0.799950,0.506338,-0.083496,-0.519495,-0.481705
-0.006689,0.560671,0.798546,0.518503,-0.065701,-0.505890,-0.482019
-0.023726,0.531950,0.764112,0.484271,-0.097774,-0.535818,-0.510796
-0.052331,0.500588,0.727092,0.435794,-0.157598,-0.602969,-0.585197
-0.141720,0.383669,0.587795,0.300711,-0.257236,-0.656727,-0.624737
-0.238453,0.179497,0.294773,-0.000225,-0.481007,-0.774712,-0.715027
-0.462421,-0.287247,-0.357769,-0.649273,-0.938995,-0.935890,-0.548882
0.023151,0.443474,0.458523,0.063210,-0.456434,-0.704660,-0.490553
0.038079,0.523792,0.637803,0.300482,-0.233024,-0.552639,-0.425891
0.053279,0.559317,0.740334,0.458649,-0.071507,-0.431774,-0.334583
0.168018,0.730461,0.939999,0.620136,0.001347,-0.466290,-0.493057
-0.136696,0.299442,0.471783,0.233303,-0.222763,-0.507637,-0.355267
0.173698,0.740776,0.943192,0.619194,0.002167,-0.451996,-0.423431
0.049271,0.618240,0.853790,0.564598,-0.032578,-0.483673,-0.461830
0.005196,0.570496,0.806332,0.524265,-0.059013,-0.493404,-0.462818
0.003109,0.561459,0.793339,0.510281,-0.072998,-0.510319,-0.484585
-0.025417,0.529171,0.757326,0.471563,-0.116348,-0.557272,-0.530218
-0.066808,0.491991,0.718463,0.423228,-0.176016,-0.622301,-0.590783
-0.112197,0.462621,0.703995,0.420596,-0.169847,-0.620110,-0.628666
-0.250328,0.194904,0.350887,0.078632,-0.412830,-0.717121,-0.566380
-0.025326,0.555714,0.764175,0.433510,-0.197914,-0.660461,-0.632347
-0.173737,0.349075,0.526237,0.216347,-0.339760,-0.711060,-0.626709
-0.158264,0.365494,0.568008,0.293976,-0.242249,-0.626076,-0.587357
-0.185623,0.274971,0.446167,0.180176,-0.321693,-0.650955,-0.529854
-0.010361,0.561028,0.772629,0.454826,-0.159943,-0.608917,-0.573227
-0.089539,0.487404,0.727951,0.443726,-0.146561,-0.587883,-0.558281
-0.089424,0.473808,0.706627,0.417679,-0.174362,-0.616432,-0.585625
-0.113594,0.452766,0.683807,0.389206,-0.211365,-0.657990,-0.623856
-0.140732,0.438583,0.686371,0.410324,-0.170898,-0.606155,-0.576416
-0.110321,0.448196,0.680267,0.396439,-0.187592,-0.622696,-0.591827
-0.124634,0.434021,0.659393,0.363068,-0.235291,-0.678741,-0.643433
-0.162048,0.415543,0.658691,0.379990,-0.201889,-0.643646,-0.649643
-0.282440,0.138107,0.266693,-0.017059,-0.494522,-0.784912,-0.678986
-0.291702,0.075485,0.146347,-0.150650,-0.591400,-0.805374,-0.585632
-0.035782,0.506134,0.677780,0.348724,-0.240051,-0.653503,-0.637314
-0.286194,0.085190,0.179733,-0.089897,-0.506462,-0.725784,-0.608040
-0.316467,-0.105637,-0.144768,-0.428627,-0.741089,-0.790817,-0.482544
0.012436,0.414024,0.481808,0.162180,-0.311780,-0.568474,-0.419418
0.008614,0.411253,0.505463,0.215923,-0.231159,-0.460258,-0.241882
0.334888,0.919033,1.113922,0.771706,0.137573,-0.326729,-0.302368
0.168114,0.734848,0.965248,0.669960,0.067696,-0.383568,-0.358978
0.111740,0.680679,0.919113,0.631805,0.035492,-0.413773,-0.390121
0.077698,0.644760,0.882324,0.602936,0.021332,-0.414352,-0.386032
0.074707,0.626938,0.849792,0.555847,-0.038223,-0.480392,-0.450668
0.019272,0.582581,0.812531,0.517807,-0.081940,-0.529694,-0.499664
-0.023529,0.548828,0.786789,0.502930,-0.086029,-0.542664,-0.614166
-0.390991,-0.146347,-0.122665,-0.373596,-0.700317,-0.784683,-0.461899
0.140228,0.687027,0.829315,0.458450,-0.165909,-0.587296,-0.507675
0.010757,0.603546,0.846115,0.554108,-0.046844,-0.521194,-0.633728
-0.504883,-0.397659,-0.478867,-0.733063,-0.953598,-0.894623,-0.525497
-0.076675,0.183517,0.112183,-0.246597,-0.636246,-0.742935,-0.481354
-0.039474,0.312439,0.370087,0.091202,-0.309174,-0.500763,-0.343857
0.022614,0.347656,0.419678,0.176514,-0.187500,-0.339172,-0.078278
0.502502,1.060333,1.217407,0.839630,0.184937,-0.283142,-0.248871
0.237274,0.816589,1.052612,0.756073,0.148621,-0.308777,-0.288330
0.178284,0.745117,0.982422,0.697876,0.103333,-0.346161,-0.327606
0.133179,0.690369,0.918091,0.628998,0.039673,-0.398743,-0.367279
0.098511,0.653809,0.872864,0.570251,-0.033386,-0.481140,-0.450104
0.027023,0.599380,0.837326,0.548553,-0.049194,-0.498886,-0.475647
-0.008224,0.556503,0.789810,0.504272,-0.084396,-0.523148,-0.492981
-0.025497,0.531464,0.752197,0.449326,-0.153580,-0.598618,-0.563919
-0.082184,0.492821,0.730476,0.439476,-0.160454,-0.610352,-0.582420
-0.108360,0.464905,0.706688,0.423695,-0.169277,-0.640594,-0.744234
-0.566540,-0.351319,-0.313792,-0.518748,-0.794996,-0.857664,-0.595410
-0.153822,0.205633,0.259039,-0.050385,-0.499555,-0.731657,-0.570903
-0.138094,0.277113,0.394539,0.117279,-0.345942,-0.621288,-0.501448
-0.084774,0.338850,0.471445,0.202366,-0.259598,-0.530781,-0.360929
0.179495,0.741323,0.924864,0.573383,-0.065012,-0.525692,-0.486969
0.007526,0.595165,0.842384,0.555969,-0.045300,-0.499466,-0.478706
-0.011776,0.556362,0.798912,0.522526,-0.061958,-0.506332,-0.486610
-0.029503,0.521103,0.739449,0.435181,-0.168137,-0.613571,-0.576332
-0.090118,0.489319,0.730377,0.439835,-0.161598,-0.612984,-0.585548
-0.109055,0.467590,0.711761,0.429184,-0.163391,-0.613800,-0.606888
-0.177094,0.346466,0.562454,0.291031,-0.257263,-0.649124,-0.578339
-0.087204,0.477570,0.695328,0.384628,-0.225067,-0.671921,-0.635101
-0.148331,0.433640,0.678192,0.392075,-0.203979,-0.654907,-0.641663
-0.197769,0.344635,0.578323,0.315643,-0.238617,-0.661835,-0.684570
-0.361298,0.029388,0.171356,-0.070770,-0.509918,-0.773071,-0.639221
-0.192993,0.264832,0.410797,0.120789,-0.389221,-0.717773,-0.624268
-0.188751,0.282837,0.452240,0.184509,-0.315216,-0.640381,-0.513275
0.009216,0.577728,0.781586,0.453217,-0.169128,-0.619751,-0.577881
-0.086090,0.497894,0.741486,0.452484,-0.146423,-0.595337,-0.568390
-0.094299,0.477020,0.717834,0.435852,-0.153198,-0.597198,-0.569275
-0.100098,0.464386,0.696533,0.408844,-0.180939,-0.617859,-0.581970
-0.107819,0.457703,0.684998,0.387665,-0.211700,-0.655182,-0.618927
-0.135651,0.441864,0.683960,0.398376,-0.195221,-0.641785,-0.612488
-0.138031,0.436584,0.683624,0.410736,-0.171234,-0.613129,-0.589935
-0.130341,0.423676,0.644470,0.345581,-0.251404,-0.687653,-0.644226
-0.155762,0.424927,0.665283,0.375031,-0.222198,-0.667450,-0.634918
-0.156281,0.420532,0.665833,0.386353,-0.201172,-0.650513,-0.654236
-0.260345,0.209076,0.378265,0.093719,-0.427505,-0.780807,-0.734299
-0.377548,0.012131,0.146301,-0.088943,-0.503662,-0.739716,-0.597534
-0.174316,0.246994,0.372452,0.096298,-0.375580,-0.663406,-0.557892
-0.171021,0.197708,0.268097,-0.029373,-0.470612,-0.683136,-0.441467
0.157440,0.752792,0.941238,0.578018,-0.078850,-0.551003,-0.512894
-0.011192,0.590424,0.848564,0.569061,-0.029259,-0.484421,-0.465622
0.002293,0.573357,0.819782,0.547230,-0.035416,-0.481873,-0.479847
-0.062729,0.443367,0.643013,0.361248,-0.189484,-0.574024,-0.491099
0.013018,0.589677,0.817232,0.514264,-0.092655,-0.542650,-0.510915
-0.032127,0.544832,0.791245,0.514781,-0.071737,-0.516168,-0.493574
-0.030680,0.531506,0.773048,0.499573,-0.081051,-0.520618,-0.498085
-0.042089,0.507406,0.725636,0.423206,-0.177307,-0.618011,-0.576084
-0.088161,0.494926,0.740585,0.456547,-0.139423,-0.587353,-0.561371
-0.093163,0.476254,0.721062,0.447899,-0.131432,-0.575565,-0.580990
-0.185883,0.294510,0.482388,0.210464,-0.311935,-0.673264,-0.608345
-0.183571,0.293015,0.469303,0.199577,-0.307953,-0.650642,-0.577991
-0.164127,0.293839,0.463394,0.204575,-0.280426,-0.603729,-0.535316
-0.170570,0.195747,0.276474,-0.008820,-0.446785,-0.663879,-0.435532
0.150169,0.736359,0.922554,0.561989,-0.088341,-0.559868,-0.547508
-0.105492,0.427223,0.655212,0.402512,-0.127258,-0.515442,-0.490814
-0.110886,0.333969,0.505157,0.255783,-0.221832,-0.531967,-0.401703
0.114166,0.673157,0.866592,0.531769,-0.091110,-0.539322,-0.494125
0.000946,0.588181,0.833038,0.546234,-0.051498,-0.501205,-0.476013
-0.006638,0.563919,0.808853,0.533859,-0.050217,-0.499084,-0.509201
-0.124619,0.341431,0.522903,0.265137,-0.232498,-0.566376,-0.455719
0.050491,0.606750,0.805298,0.476517,-0.142288,-0.589417,-0.545074
-0.051819,0.536545,0.788391,0.510483,-0.079422,-0.527206,-0.506958
-0.045410,0.517395,0.757599,0.482803,-0.097168,-0.535110,-0.511948
-0.054352,0.494781,0.711685,0.409882,-0.187057,-0.624237,-0.582718
-0.102036,0.468018,0.705658,0.421478,-0.164841,-0.608109,-0.607758
-0.209877,0.274254,0.474625,0.225822,-0.276596,-0.631805,-0.585243
-0.213814,0.179642,0.278458,-0.020149,-0.494743,-0.756912,-0.582008
-0.067795,0.457359,0.631950,0.323402,-0.237259,-0.623817,-0.574135
-0.160561,0.309799,0.492622,0.242058,-0.244530,-0.575279,-0.517174
-0.157761,0.210106,0.299194,0.021210,-0.413414,-0.635025,-0.415054
0.161354,0.739319,0.921265,0.561371,-0.084381,-0.546478,-0.504288
-0.005371,0.588593,0.843079,0.565796,-0.025436,-0.475525,-0.457565
0.001709,0.562256,0.800201,0.524155,-0.055130,-0.492386,-0.469521
-0.018082,0.517120,0.717285,0.406723,-0.187195,-0.611603,-0.551575
-0.051575,0.531754,0.770805,0.479240,-0.119308,-0.566864,-0.538567
-0.066109,0.504585,0.745766,0.466080,-0.120689,-0.564392,-0.552780
-0.128105,0.379623,0.577965,0.303711,-0.233711,-0.612869,-0.555855
-0.114510,0.388245,0.570927,0.276264,-0.276489,-0.664970,-0.621098
-0.212296,0.256283,0.436363,0.181141,-0.310062,-0.642437,-0.582027
-0.215443,0.163452,0.263474,-0.009529,-0.447029,-0.687111,-0.522549
-0.054726,0.409813,0.543877,0.232292,-0.298157,-0.635242,-0.531651
-0.065647,0.438107,0.621761,0.341732,-0.187744,-0.556110,-0.511845
-0.128063,0.297153,0.443054,0.183254,-0.282204,-0.571499,-0.455719
-0.019638,0.430046,0.566956,0.275780,-0.228607,-0.543777,-0.404816
0.122581,0.690071,0.888016,0.553741,-0.073456,-0.528900,-0.490852
-0.001907,0.584145,0.833694,0.555450,-0.036743,-0.487778,-0.476616
-0.030914,0.515213,0.751595,0.487648,-0.072784,-0.492344,-0.458782
-0.000652,0.543137,0.751801,0.444775,-0.153461,-0.588985,-0.543880
-0.056721,0.520721,0.759808,0.474136,-0.118572,-0.563271,-0.536049
-0.068565,0.498175,0.740328,0.465509,-0.113509,-0.553435,-0.530275
-0.073654,0.482326,0.716748,0.441109,-0.136766,-0.576532,-0.564929
-0.134401,0.384989,0.591961,0.305740,-0.258184,-0.669458,-0.646214
-0.249058,0.206032,0.366894,0.098499,-0.390118,-0.706245,-0.616055
-0.217030,0.180340,0.272297,-0.028229,-0.495930,-0.755180,-0.603748
-0.148922,0.305683,0.442612,0.150490,-0.349926,-0.664074,-0.570961
-0.172947,0.225365,0.325085,0.035172,-0.423973,-0.678665,-0.536400
-0.125820,0.237087,0.285116,-0.031591,-0.475286,-0.674622,-0.423794
0.169534,0.747653,0.922918,0.561288,-0.077399,-0.529578,-0.498055
-0.042917,0.494010,0.717364,0.453219,-0.087879,-0.483398,-0.464100
-0.093344,0.324821,0.462751,0.197008,-0.268487,-0.550002,-0.403084
0.099977,0.630655,0.818501,0.514275,-0.059713,-0.467319,-0.409216
0.072245,0.630354,0.844404,0.537817,-0.061951,-0.502913,-0.465160
0.011770,0.581022,0.817841,0.533819,-0.053356,-0.494534,-0.469696
-0.013372,0.532537,0.754044,0.472437,-0.100615,-0.524863,-0.486174
-0.021007,0.528783,0.741441,0.435443,-0.162748,-0.597249,-0.554058
-0.068796,0.504819,0.741088,0.450674,-0.143798,-0.593170,-0.595966
-0.207047,0.246714,0.405277,0.131668,-0.362120,-0.681423,-0.596336
-0.208229,0.173435,0.254715,-0.046619,-0.504379,-0.750851,-0.590660
-0.147659,0.268852,0.364140,0.054203,-0.428692,-0.700081,-0.564590
-0.154861,0.211113,0.259258,-0.058308,-0.500896,-0.701086,-0.460863
0.093639,0.609863,0.742373,0.393091,-0.182551,-0.548808,-0.431170
0.103430,0.689772,0.908350,0.588663,-0.028976,-0.484720,-0.466502
-0.016740,0.525598,0.752356,0.482790,-0.071497,-0.482040,-0.453214
-0.029075,0.474203,0.677891,0.411844,-0.120391,-0.498334,-0.428413
0.052066,0.605298,0.824285,0.528453,-0.063586,-0.506655,-0.480757
-0.020452,0.532331,0.753815,0.458513,-0.132013,-0.570641,-0.550100
-0.113647,0.408680,0.622465,0.354712,-0.185064,-0.570469,-0.502073
-0.020164,0.538403,0.760735,0.468224,-0.122467,-0.563217,-0.535988
-0.074352,0.479755,0.700603,0.403706,-0.187416,-0.628582,-0.622261
-0.215515,0.275436,0.476707,0.226852,-0.276611,-0.630913,-0.579536
-0.195526,0.215271,0.332245,0.042831,-0.435349,-0.728439,-0.642761
-0.306801,-0.007057,0.016510,-0.276543,-0.664536,-0.814514,-0.572372
-0.094070,0.300774,0.342354,-0.009071,-0.495956,-0.736137,-0.537491
-0.042721,0.406521,0.498081,0.164902,-0.342995,-0.619637,-0.421978
0.162609,0.769176,0.990208,0.665123,0.035292,-0.436451,-0.428234
0.021379,0.567469,0.791103,0.507693,-0.065198,-0.490269,-0.473885
-0.066954,0.420257,0.618774,0.367143,-0.137128,-0.485407,-0.392932
0.097196,0.650216,0.861173,0.557379,-0.039624,-0.482732,-0.454924
0.009223,0.567763,0.797874,0.511114,-0.079744,-0.528476,-0.519906
-0.089460,0.433748,0.648402,0.376622,-0.173983,-0.572072,-0.517220
-0.050682,0.493635,0.712593,0.428469,-0.144142,-0.566971,-0.536634
-0.094383,0.432711,0.647306,0.372543,-0.183949,-0.592754,-0.566093
-0.148968,0.341522,0.529625,0.258904,-0.264271,-0.627350,-0.578819
-0.197636,0.203533,0.308041,0.016041,-0.452984,-0.726250,-0.617031
-0.268478,0.022243,0.022221,-0.293232,-0.685841,-0.826714,-0.582386
-0.122429,0.251318,0.291534,-0.034872,-0.484268,-0.692183,-0.490869
-0.043271,0.322121,0.340378,-0.008771,-0.467036,-0.660303,-0.399555
0.184065,0.735962,0.897942,0.557331,-0.034161,-0.437630,-0.374454
0.090542,0.621590,0.829338,0.548733,-0.007710,-0.418449,-0.415215
-0.061363,0.352737,0.500320,0.249008,-0.205116,-0.481239,-0.340706
0.143318,0.652206,0.823334,0.515236,-0.046959,-0.436043,-0.357643
0.137085,0.702477,0.923721,0.622307,0.019836,-0.430649,-0.408211
0.054520,0.611649,0.836449,0.542465,-0.046768,-0.486084,-0.470139
-0.042152,0.474693,0.687927,0.424500,-0.111000,-0.495110,-0.429352
0.047981,0.601028,0.818855,0.521881,-0.070320,-0.511597,-0.484894
-0.021839,0.535622,0.762718,0.469070,-0.127632,-0.575314,-0.548115
-0.075768,0.492863,0.732983,0.452244,-0.129709,-0.571564,-0.576678
-0.203731,0.222484,0.353756,0.065808,-0.423622,-0.731762,-0.668812
-0.372938,-0.131467,-0.154877,-0.456369,-0.806797,-0.882419,-0.525576
0.120080,0.701228,0.860947,0.492711,-0.134933,-0.570302,-0.532858
-0.105051,0.371600,0.534272,0.251041,-0.254250,-0.576178,-0.458556
0.028180,0.555387,0.745666,0.446788,-0.119935,-0.519355,-0.451182
0.039288,0.604375,0.824366,0.515857,-0.095577,-0.554929,-0.557854
-0.150511,0.347861,0.557450,0.310939,-0.193134,-0.540230,-0.444622
0.049593,0.604719,0.813864,0.506327,-0.094378,-0.537239,-0.505270
-0.035042,0.526604,0.754913,0.460518,-0.137901,-0.584351,-0.555931
-0.082375,0.487457,0.724861,0.441433,-0.143185,-0.577911,-0.544712
-0.075211,0.485718,0.718208,0.434799,-0.148827,-0.585495,-0.556175
-0.092468,0.463692,0.691467,0.402405,-0.188759,-0.628990,-0.597336
-0.126427,0.437859,0.667824,0.372147,-0.227524,-0.681061,-0.688942
-0.308952,0.136948,0.295547,0.033707,-0.439606,-0.739578,-0.653900
-0.297424,0.036316,0.084778,-0.212906,-0.631882,-0.811584,-0.542252
0.067490,0.659912,0.844498,0.482330,-0.167603,-0.631897,-0.590866
-0.098969,0.476364,0.706512,0.415894,-0.163132,-0.585495,-0.556641
-0.123657,0.388382,0.596863,0.334610,-0.194839,-0.568069,-0.490524
-0.003456,0.552406,0.763260,0.452545,-0.156181,-0.604057,-0.569229
-0.087372,0.488731,0.728447,0.439499,-0.158409,-0.607269,-0.578316
-0.102264,0.472969,0.716705,0.438568,-0.147636,-0.587830,-0.560059
-0.093002,0.470383,0.704346,0.417511,-0.172440,-0.614395,-0.585434
-0.114258,0.452255,0.684402,0.390900,-0.207596,-0.654114,-0.619904
-0.138626,0.440796,0.688705,0.414703,-0.165451,-0.599655,-0.568863
-0.103699,0.453918,0.683121,0.397446,-0.189392,-0.626328,-0.594315
-0.125015,0.436691,0.663132,0.365921,-0.233322,-0.676666,-0.640274
-0.155869,0.423737,0.667908,0.385345,-0.203293,-0.651764,-0.665375
-0.304749,0.115143,0.251892,-0.018906,-0.486450,-0.763123,-0.606491
-0.101593,0.425095,0.604111,0.292160,-0.280655,-0.674377,-0.587845
-0.072319,0.515656,0.748581,0.445076,-0.166267,-0.631378,-0.658546
-0.314278,0.087440,0.219849,-0.034721,-0.469582,-0.721687,-0.612984
-0.265923,0.054565,0.109436,-0.162392,-0.553780,-0.724716,-0.501400
-0.002708,0.465069,0.590611,0.268627,-0.265301,-0.605837,-0.508600
-0.062566,0.418468,0.594265,0.329890,-0.162590,-0.478672,-0.349414
0.168365,0.731197,0.934284,0.613894,0.001411,-0.447273,-0.415230
0.057987,0.624535,0.853779,0.557365,-0.044044,-0.492493,-0.463142
0.014259,0.587875,0.829025,0.544403,-0.049225,-0.496796,-0.471451
-0.002914,0.565842,0.805092,0.526421,-0.054482,-0.488464,-0.458450
0.004951,0.558846,0.780449,0.481361,-0.117805,-0.560120,-0.523697
-0.044167,0.530602,0.768005,0.478714,-0.118553,-0.565819,-0.536263
-0.062553,0.510353,0.750801,0.471359,-0.112236,-0.560608,-0.596596
-0.291344,0.061943,0.161026,-0.098251,-0.514320,-0.725342,-0.515381
0.018913,0.547348,0.709541,0.375038,-0.216240,-0.624344,-0.570625
-0.120827,0.397148,0.602722,0.336594,-0.193756,-0.581535,-0.599472
-0.347626,-0.092171,-0.062668,-0.312714,-0.643448,-0.746445,-0.488037
-0.014145,0.393890,0.474915,0.158630,-0.325684,-0.601425,-0.463425
-0.019974,0.426270,0.566605,0.286636,-0.201752,-0.508911,-0.408875
0.011597,0.456543,0.608307,0.345490,-0.125900,-0.415253,-0.266342
0.258209,0.815033,1.003372,0.664444,0.036514,-0.418686,-0.384323
0.099991,0.676544,0.914719,0.623230,0.021820,-0.430557,-0.406082
0.064529,0.633377,0.874649,0.592117,0.001526,-0.445984,-0.424484
0.038284,0.598373,0.827103,0.538956,-0.049377,-0.485825,-0.451431
0.019241,0.579361,0.803223,0.502457,-0.099350,-0.545242,-0.511414
-0.031509,0.543610,0.784302,0.498260,-0.096756,-0.544739,-0.518814
-0.050659,0.514786,0.747833,0.458130,-0.132690,-0.573578,-0.546478
-0.084976,0.465103,0.685852,0.392776,-0.194550,-0.623169,-0.574158
-0.085068,0.492340,0.728462,0.434982,-0.165466,-0.618797,-0.612816
-0.186882,0.332855,0.551895,0.293259,-0.241371,-0.629486,-0.593063
-0.181877,0.293934,0.471413,0.197002,-0.321999,-0.666294,-0.552261
-0.032940,0.541214,0.754578,0.433647,-0.185196,-0.640158,-0.617233
-0.160833,0.389080,0.619459,0.348619,-0.213748,-0.632274,-0.619149
-0.226167,0.241386,0.426312,0.174915,-0.314448,-0.637184,-0.514495
-0.001246,0.559074,0.756771,0.425203,-0.197346,-0.647186,-0.604540
-0.111021,0.475662,0.721958,0.434647,-0.163586,-0.613754,-0.587059
-0.114231,0.459766,0.707161,0.432659,-0.150921,-0.594387,-0.570824
-0.109886,0.444511,0.665657,0.364166,-0.237350,-0.680023,-0.640030
-0.150116,0.433983,0.678696,0.392754,-0.206062,-0.654854,-0.626793
-0.149673,0.427605,0.675331,0.398232,-0.189880,-0.638802,-0.633324
-0.209839,0.306488,0.514351,0.238785,-0.310669,-0.703690,-0.656479
-0.222900,0.277084,0.468735,0.192749,-0.338562,-0.706757,-0.641800
-0.204300,0.287842,0.474655,0.202667,-0.317856,-0.679276,-0.626144
-0.232605,0.197433,0.342255,0.076523,-0.392853,-0.676239,-0.511627
0.031448,0.604721,0.799622,0.455505,-0.180466,-0.639694,-0.597565
-0.096756,0.500099,0.754501,0.470337,-0.128685,-0.582565,-0.558586
-0.086502,0.488716,0.736336,0.462051,-0.123276,-0.566521,-0.543716
-0.080605,0.476921,0.700180,0.401764,-0.195747,-0.634453,-0.591515
-0.103569,0.475639,0.715508,0.424751,-0.172981,-0.619720,-0.588661
-0.110519,0.464828,0.709656,0.428703,-0.160294,-0.603264,-0.576279
-0.108040,0.455544,0.684807,0.392342,-0.201218,-0.639915,-0.599899
-0.118752,0.454704,0.687889,0.393448,-0.205978,-0.650490,-0.614273
-0.132011,0.447426,0.692413,0.409660,-0.183075,-0.628761,-0.600555
-0.127213,0.446327,0.694244,0.421242,-0.159882,-0.622391,-0.705582
-0.471497,-0.167221,-0.057098,-0.258522,-0.605530,-0.774467,-0.597023
-0.183800,0.197350,0.287888,0.002556,-0.449127,-0.701294,-0.556526
-0.121979,0.312523,0.448090,0.175129,-0.296543,-0.591011,-0.493053
-0.111732,0.249519,0.307631,-0.006907,-0.461147,-0.674843,-0.422618
0.191626,0.801208,1.001782,0.645685,-0.009016,-0.483907,-0.453413
0.038786,0.631952,0.887573,0.611431,0.019360,-0.431568,-0.413467
0.046913,0.610504,0.852451,0.579361,-0.000889,-0.443027,-0.423061
0.031364,0.578316,0.794006,0.491989,-0.105202,-0.541641,-0.498436
-0.013168,0.564354,0.802536,0.514008,-0.082520,-0.529045,-0.501694
-0.029205,0.541519,0.786636,0.510834,-0.072090,-0.513939,-0.491714
-0.033096,0.517044,0.732979,0.429253,-0.169617,-0.606743,-0.561272
-0.071785,0.507957,0.747375,0.456169,-0.142990,-0.593102,-0.575150
-0.125626,0.418434,0.648880,0.381996,-0.175472,-0.591106,-0.580978
-0.191952,0.272655,0.458565,0.212044,-0.276402,-0.611908,-0.545818
-0.143333,0.298462,0.443211,0.156883,-0.348530,-0.674473,-0.579369
-0.143250,0.326019,0.491146,0.217194,-0.285736,-0.619965,-0.546753
-0.146004,0.286270,0.431343,0.165848,-0.306229,-0.605980,-0.509354
-0.101028,0.326042,0.457176,0.174934,-0.308861,-0.597763,-0.431786
0.119453,0.700806,0.906624,0.572334,-0.056831,-0.521072,-0.506386
-0.060112,0.481705,0.714790,0.457359,-0.085876,-0.492310,-0.482841
-0.113029,0.315910,0.468430,0.209335,-0.262276,-0.555710,-0.408882
0.115578,0.674286,0.861580,0.518723,-0.113083,-0.568207,-0.525917
-0.027878,0.565224,0.819809,0.540703,-0.052338,-0.504219,-0.492912
-0.045113,0.503098,0.736656,0.467972,-0.098137,-0.527229,-0.522629
-0.126389,0.348274,0.529495,0.253899,-0.269211,-0.621498,-0.511482
0.005806,0.582825,0.802917,0.491592,-0.120682,-0.576958,-0.572922
-0.149887,0.365982,0.586067,0.335304,-0.188606,-0.571960,-0.548409
-0.178314,0.243118,0.390160,0.132481,-0.331852,-0.619045,-0.482620
0.008099,0.525585,0.692562,0.364750,-0.226730,-0.641872,-0.604889
-0.183384,0.307545,0.505856,0.256966,-0.239689,-0.587242,-0.537975
-0.164860,0.244911,0.382351,0.125896,-0.326477,-0.601814,-0.466347
0.000961,0.486465,0.638359,0.322952,-0.230839,-0.594963,-0.483021
0.043991,0.632587,0.862202,0.557358,-0.051426,-0.505226,-0.480198
-0.010990,0.558426,0.801270,0.525173,-0.059029,-0.503120,-0.493862
-0.058834,0.473797,0.702660,0.441048,-0.110237,-0.518772,-0.478188
-0.017004,0.525909,0.731756,0.421938,-0.181013,-0.621202,-0.581693
-0.100074,0.472866,0.713353,0.432006,-0.154455,-0.598819,-0.599581
-0.195948,0.297779,0.507655,0.264365,-0.240415,-0.601876,-0.548814
-0.133847,0.333990,0.496725,0.205748,-0.323812,-0.681498,-0.611982
-0.187544,0.283831,0.455935,0.190853,-0.307190,-0.640484,-0.577080
-0.210457,0.156755,0.234459,-0.055771,-0.493732,-0.714729,-0.511726
-0.002880,0.472998,0.578249,0.220535,-0.341951,-0.678547,-0.520754
0.048761,0.661896,0.894333,0.578613,-0.044859,-0.508332,-0.487028
-0.013697,0.561760,0.808634,0.534577,-0.049558,-0.496516,-0.488146
-0.054972,0.476793,0.703825,0.443325,-0.103926,-0.510420,-0.465858
-0.004644,0.537323,0.743202,0.434395,-0.163649,-0.598982,-0.553686
-0.067312,0.507402,0.745735,0.458344,-0.134109,-0.579533,-0.562790
-0.121311,0.405994,0.617882,0.342384,-0.207012,-0.599995,-0.535194
-0.056847,0.489410,0.687832,0.368710,-0.233688,-0.665504,-0.616722
-0.135666,0.429878,0.665001,0.387131,-0.187080,-0.617355,-0.610992
-0.212990,0.268326,0.466881,0.221176,-0.275253,-0.622574,-0.559410
-0.141258,0.329727,0.506332,0.237885,-0.274246,-0.622475,-0.535789
-0.068954,0.451248,0.639481,0.335663,-0.234962,-0.642136,-0.608978
-0.198097,0.280357,0.466309,0.209084,-0.289963,-0.632065,-0.566650
-0.160927,0.291893,0.458313,0.202248,-0.281006,-0.594765,-0.467094
0.044250,0.597786,0.790718,0.458328,-0.159187,-0.603065,-0.556473
-0.063934,0.518852,0.764198,0.481796,-0.109619,-0.557922,-0.550873
-0.122910,0.399796,0.619820,0.361176,-0.174461,-0.562592,-0.501793
-0.026428,0.527611,0.751312,0.463089,-0.124329,-0.563782,-0.538208
-0.078209,0.475258,0.697426,0.403786,-0.184105,-0.618164,-0.585274
-0.122910,0.429977,0.660362,0.386597,-0.180626,-0.605919,-0.595604
-0.198570,0.269089,0.446297,0.179443,-0.326218,-0.677795,-0.642265
-0.299355,0.077583,0.200096,-0.045731,-0.467049,-0.706703,-0.565163
-0.158226,0.214752,0.272758,-0.045776,-0.508858,-0.744003,-0.566734
-0.119511,0.271893,0.326668,-0.003872,-0.471039,-0.693634,-0.454132
0.140673,0.733931,0.937872,0.605629,-0.016640,-0.475020,-0.471136
-0.055106,0.446000,0.645588,0.375482,-0.155886,-0.532964,-0.493432
-0.103601,0.331514,0.481358,0.216671,-0.256567,-0.547712,-0.403494
0.109581,0.657993,0.855598,0.546383,-0.043293,-0.468399,-0.421776
0.057098,0.620461,0.843624,0.545090,-0.051582,-0.491428,-0.457458
0.015724,0.579308,0.812462,0.529694,-0.053307,-0.490349,-0.475082
-0.053642,0.440140,0.619766,0.332825,-0.203506,-0.573776,-0.505028
-0.059883,0.439804,0.627243,0.349991,-0.183578,-0.555023,-0.485489
-0.028816,0.485207,0.672203,0.372032,-0.193031,-0.592743,-0.548286
-0.133064,0.326241,0.476616,0.191948,-0.310852,-0.626396,-0.496574
0.007133,0.551155,0.751266,0.450409,-0.127060,-0.548851,-0.534088
-0.137550,0.328636,0.506340,0.241905,-0.258423,-0.597900,-0.535751
-0.160606,0.226761,0.326378,0.045151,-0.404411,-0.644737,-0.442329
0.115715,0.685242,0.880325,0.552994,-0.058548,-0.501411,-0.461632
0.017296,0.583656,0.809792,0.511276,-0.085373,-0.525192,-0.488258
-0.011162,0.559242,0.798180,0.517235,-0.067863,-0.506989,-0.482056
-0.021736,0.534966,0.768150,0.486389,-0.095608,-0.533600,-0.506577
-0.046127,0.510708,0.743046,0.460453,-0.124313,-0.568958,-0.566093
-0.153019,0.350063,0.552597,0.283470,-0.250820,-0.630779,-0.589203
-0.187567,0.265118,0.425543,0.156704,-0.335289,-0.661608,-0.601055
-0.253856,0.084352,0.144068,-0.146394,-0.567968,-0.776624,-0.622905
-0.253697,0.053581,0.076797,-0.215641,-0.601078,-0.744623,-0.499050
-0.023224,0.365253,0.403450,0.055496,-0.421127,-0.645287,-0.397575
0.214142,0.824150,1.031982,0.690880,0.052010,-0.417953,-0.397224
0.075516,0.648422,0.891777,0.610321,0.019814,-0.433464,-0.436249
-0.023911,0.480377,0.683113,0.415138,-0.118027,-0.494942,-0.428879
0.031166,0.556351,0.758293,0.470970,-0.091141,-0.494789,-0.436668
0.043846,0.604919,0.831680,0.539642,-0.053520,-0.497711,-0.474869
-0.013695,0.539955,0.762291,0.468811,-0.120888,-0.558701,-0.548092
-0.133202,0.366787,0.571140,0.313580,-0.206326,-0.574966,-0.518280
-0.089962,0.398911,0.584431,0.310160,-0.218489,-0.591887,-0.538933
-0.117241,0.363119,0.543139,0.268307,-0.256009,-0.624131,-0.584500
-0.217995,0.179378,0.296726,0.027216,-0.419525,-0.668763,-0.494725
0.018618,0.541919,0.715633,0.402301,-0.167996,-0.566068,-0.515107
-0.072931,0.435530,0.633618,0.359098,-0.179571,-0.556067,-0.476893
0.016670,0.577012,0.790353,0.482095,-0.118342,-0.562889,-0.550165
-0.128295,0.379586,0.588825,0.331223,-0.192633,-0.561285,-0.480198
0.006474,0.562918,0.778257,0.476864,-0.121653,-0.565273,-0.536980
-0.067459,0.495438,0.725975,0.432808,-0.165359,-0.620346,-0.632610
-0.255016,0.198273,0.371021,0.117332,-0.357689,-0.658401,-0.527554
-0.028679,0.506660,0.698166,0.390747,-0.188339,-0.599998,-0.539055
-0.050858,0.517853,0.744377,0.445282,-0.157784,-0.606888,-0.578163
-0.103325,0.467781,0.705467,0.422333,-0.163948,-0.609116,-0.628242
-0.288704,0.097588,0.209824,-0.063766,-0.509644,-0.770714,-0.681625
-0.391098,-0.161766,-0.185471,-0.468704,-0.796150,-0.858765,-0.524200
0.058372,0.565300,0.685677,0.331215,-0.244667,-0.614075,-0.516159
-0.043076,0.455963,0.615417,0.310429,-0.224239,-0.563564,-0.429977
0.109680,0.701035,0.927505,0.616613,0.000851,-0.458899,-0.438795
0.030411,0.596889,0.831932,0.541265,-0.058352,-0.508930,-0.481684
-0.008324,0.563253,0.804330,0.523553,-0.060404,-0.497417,-0.466497
-0.000242,0.559411,0.790627,0.504963,-0.080902,-0.519804,-0.490751
-0.026344,0.530506,0.757973,0.465670,-0.129700,-0.574104,-0.543659
-0.070053,0.497873,0.731436,0.439318,-0.159771,-0.615665,-0.631760
-0.263824,0.172085,0.327618,0.067616,-0.403885,-0.707935,-0.643867
-0.339077,-0.069244,-0.062607,-0.349964,-0.714725,-0.828978,-0.540693
0.009689,0.504263,0.631939,0.295464,-0.261618,-0.617282,-0.525270
-0.089292,0.352484,0.465954,0.158395,-0.331927,-0.610689,-0.452243
0.045645,0.556559,0.729713,0.430473,-0.115124,-0.482868,-0.384289
0.125555,0.697132,0.911819,0.594135,-0.025425,-0.483070,-0.453068
0.027901,0.607014,0.851643,0.568520,-0.022652,-0.466820,-0.442017
0.024033,0.584457,0.814480,0.525677,-0.063305,-0.502365,-0.470543
-0.001442,0.561031,0.791138,0.499489,-0.096210,-0.541924,-0.512783
-0.041451,0.525196,0.756512,0.463139,-0.137196,-0.584566,-0.559013
-0.093180,0.468023,0.705671,0.432255,-0.136583,-0.562510,-0.545010
-0.125243,0.376647,0.576046,0.303810,-0.233564,-0.610723,-0.529266
-0.034411,0.529173,0.742803,0.428980,-0.183801,-0.633730,-0.597034
-0.110388,0.471441,0.716831,0.434481,-0.154928,-0.606117,-0.632195
-0.285870,0.142296,0.315556,0.082886,-0.370327,-0.664070,-0.554642
-0.113121,0.356613,0.510479,0.211693,-0.322681,-0.675365,-0.566723
-0.059570,0.501553,0.714703,0.410175,-0.182652,-0.611832,-0.561417
-0.069969,0.510750,0.752106,0.468681,-0.119843,-0.559422,-0.530052
-0.063377,0.495728,0.723480,0.431473,-0.162628,-0.604797,-0.572128
-0.098267,0.469910,0.703728,0.410896,-0.186943,-0.632812,-0.599907
-0.120918,0.455276,0.698013,0.419876,-0.162430,-0.598763,-0.574974
-0.126503,0.412613,0.633270,0.352798,-0.217163,-0.633453,-0.583931
-0.105080,0.458275,0.682442,0.380035,-0.223373,-0.668900,-0.631737
-0.147552,0.433792,0.678711,0.394920,-0.199806,-0.667007,-0.746056
-0.532272,-0.299858,-0.283379,-0.529709,-0.838165,-0.909302,-0.629059
-0.154022,0.240532,0.313087,0.003098,-0.462265,-0.713348,-0.555779
-0.104645,0.342384,0.478645,0.195610,-0.291893,-0.595215,-0.489426
-0.062263,0.388351,0.541821,0.277794,-0.197733,-0.492128,-0.342354
0.184033,0.745625,0.938694,0.602515,-0.022678,-0.476143,-0.440043
0.044036,0.622321,0.860270,0.567595,-0.033041,-0.484631,-0.458391
0.014944,0.587471,0.830462,0.549622,-0.041235,-0.488018,-0.464827
-0.000372,0.561405,0.792770,0.503349,-0.091122,-0.534641,-0.503330
-0.027889,0.539890,0.771351,0.474213,-0.129852,-0.578968,-0.545380
-0.061821,0.518894,0.765125,0.480675,-0.116684,-0.565990,-0.540405
-0.071609,0.494476,0.728168,0.443014,-0.141359,-0.572914,-0.533646
-0.058130,0.506800,0.734465,0.436502,-0.164471,-0.610516,-0.575832
-0.095091,0.481861,0.722418,0.434301,-0.163751,-0.610808,-0.582011
-0.105147,0.469917,0.714464,0.434208,-0.155077,-0.601262,-0.575509
-0.107521,0.457772,0.690686,0.398907,-0.196908,-0.640768,-0.606846
-0.126852,0.448388,0.685298,0.392597,-0.207060,-0.654724,-0.621641
-0.138569,0.441673,0.689404,0.407423,-0.186499,-0.635319,-0.608265
-0.136051,0.435383,0.675362,0.393517,-0.192455,-0.627537,-0.592731
-0.119678,0.443798,0.670033,0.370659,-0.229744,-0.672287,-0.634125
-0.148949,0.432407,0.676353,0.391605,-0.203106,-0.649769,-0.620583
-0.145279,0.427269,0.668358,0.387604,-0.195328,-0.630333,-0.596420
-0.125229,0.435425,0.661797,0.363541,-0.234787,-0.677223,-0.638947
-0.154640,0.423897,0.665062,0.377556,-0.218910,-0.665359,-0.634003
-0.155571,0.422035,0.667152,0.388443,-0.201256,-0.666397,-0.747307
-0.515839,-0.220978,-0.121162,-0.319115,-0.648018,-0.791206,-0.591171
-0.162407,0.224388,0.308784,0.009552,-0.456875,-0.719753,-0.579731
-0.144024,0.293587,0.430279,0.156479,-0.319921,-0.615166,-0.510159
-0.096465,0.335927,0.477211,0.211858,-0.254228,-0.532425,-0.367573
0.171807,0.737485,0.926792,0.581026,-0.053661,-0.510670,-0.470264
0.023945,0.614227,0.862106,0.577320,-0.021358,-0.472965,-0.450645
0.017822,0.588455,0.833473,0.558556,-0.025467,-0.467430,-0.446297
0.012207,0.564178,0.784851,0.484833,-0.111343,-0.549721,-0.508415
-0.024063,0.551582,0.788879,0.497520,-0.099846,-0.546242,-0.516792
-0.042221,0.530563,0.770889,0.488396,-0.102142,-0.548599,-0.532890
-0.088531,0.447487,0.662140,0.373749,-0.199173,-0.623276,-0.629349
-0.279800,0.135933,0.293938,0.056908,-0.386955,-0.662643,-0.545090
-0.116997,0.327705,0.471420,0.191879,-0.300957,-0.618347,-0.526497
-0.107285,0.342300,0.501595,0.241386,-0.239136,-0.544334,-0.405258
0.117371,0.679161,0.872429,0.534508,-0.091423,-0.543655,-0.502419
-0.014214,0.565239,0.807274,0.522568,-0.070160,-0.519775,-0.522820
-0.123413,0.365135,0.569870,0.321480,-0.184456,-0.546097,-0.506889
-0.129105,0.297020,0.442825,0.174164,-0.305954,-0.599991,-0.444962
0.096420,0.671890,0.874832,0.541595,-0.086533,-0.543869,-0.507675
-0.019608,0.565582,0.814285,0.533249,-0.059761,-0.512573,-0.510979
-0.088425,0.430870,0.652390,0.395226,-0.140900,-0.530510,-0.469208
0.007614,0.557228,0.763847,0.446983,-0.163925,-0.611031,-0.577400
-0.104538,0.460701,0.697472,0.421227,-0.154312,-0.586876,-0.583763
-0.188988,0.289124,0.487434,0.244408,-0.249367,-0.597961,-0.549736
-0.172768,0.246689,0.383949,0.108772,-0.373871,-0.674316,-0.556877
-0.104485,0.373085,0.533737,0.246552,-0.272423,-0.616692,-0.534874
-0.100204,0.377380,0.551720,0.282005,-0.225525,-0.571159,-0.507309
-0.105087,0.340347,0.502365,0.244858,-0.235916,-0.544296,-0.411301
0.106277,0.665016,0.857231,0.518257,-0.110672,-0.564888,-0.522690
-0.025719,0.565353,0.815979,0.532944,-0.063988,-0.519722,-0.517120
-0.087700,0.439377,0.664696,0.405434,-0.136673,-0.541000,-0.524563
-0.138077,0.316193,0.482082,0.209862,-0.296234,-0.623833,-0.495220
0.032681,0.610443,0.823463,0.503166,-0.116043,-0.570400,-0.537121
-0.053871,0.528488,0.779278,0.506176,-0.079937,-0.531780,-0.535080
-0.124208,0.383518,0.600416,0.348446,-0.177643,-0.569995,-0.570982
-0.238866,0.149824,0.280058,0.023319,-0.429322,-0.703936,-0.584334
-0.157142,0.283750,0.427605,0.155043,-0.326969,-0.634607,-0.546762
-0.166667,0.208029,0.289232,-0.003397,-0.451556,-0.676804,-0.449697
0.138684,0.729485,0.919271,0.561288,-0.087458,-0.555460,-0.528871
-0.057131,0.507965,0.746535,0.474025,-0.094897,-0.521891,-0.518148
-0.130572,0.335515,0.525811,0.278743,-0.211228,-0.553139,-0.501218
-0.126453,0.281041,0.403522,0.122478,-0.353282,-0.631285,-0.453528
0.103532,0.688693,0.892430,0.556086,-0.076099,-0.536485,-0.503326
-0.017270,0.568843,0.821392,0.547097,-0.040206,-0.488351,-0.474321
-0.022848,0.529974,0.764192,0.492248,-0.080997,-0.513252,-0.485429
-0.029075,0.516866,0.728642,0.423725,-0.174370,-0.610727,-0.566444
-0.080097,0.497524,0.737762,0.450306,-0.143185,-0.591591,-0.583660
-0.155792,0.364868,0.582870,0.321255,-0.217319,-0.612267,-0.588478
-0.199581,0.244385,0.392265,0.105148,-0.403000,-0.731644,-0.647011
-0.234932,0.206619,0.358948,0.097733,-0.374985,-0.673409,-0.572525
-0.156059,0.282013,0.431862,0.167191,-0.307983,-0.613724,-0.526939
-0.134224,0.271530,0.391312,0.120285,-0.336754,-0.599144,-0.420570
0.124603,0.691147,0.876434,0.527672,-0.107052,-0.564087,-0.532486
-0.062618,0.497696,0.736412,0.467953,-0.094997,-0.519005,-0.515236
-0.129585,0.336544,0.524933,0.276947,-0.213928,-0.554783,-0.492054
-0.087044,0.359200,0.506390,0.216618,-0.296131,-0.620560,-0.484898
0.049011,0.629795,0.844830,0.525547,-0.092659,-0.551884,-0.550781
-0.135540,0.370659,0.585068,0.335514,-0.180363,-0.553810,-0.524345
-0.161087,0.237938,0.355942,0.084145,-0.373661,-0.642662,-0.504810
-0.047829,0.419636,0.561478,0.254673,-0.276905,-0.623901,-0.546734
-0.125465,0.332993,0.498154,0.234970,-0.252407,-0.574165,-0.501293
-0.125299,0.258020,0.358503,0.081062,-0.363781,-0.608215,-0.437241
0.054503,0.546633,0.694341,0.371845,-0.187995,-0.553243,-0.440461
0.087373,0.675803,0.903288,0.598286,-0.010661,-0.469515,-0.474889
-0.067057,0.433742,0.645721,0.396683,-0.117719,-0.488733,-0.442224
-0.025955,0.454876,0.640232,0.373603,-0.145531,-0.506581,-0.419922
0.066400,0.614676,0.813127,0.490111,-0.122998,-0.568380,-0.527187
-0.039025,0.544295,0.790174,0.510251,-0.080670,-0.532393,-0.528739
-0.103164,0.420104,0.643608,0.388411,-0.148695,-0.545130,-0.505245
-0.068188,0.440084,0.628218,0.330164,-0.234749,-0.633335,-0.579943
-0.128513,0.393028,0.598228,0.323925,-0.219406,-0.611259,-0.584404
-0.207119,0.216557,0.358013,0.093822,-0.371090,-0.661781,-0.570812
-0.213985,0.115200,0.154255,-0.150822,-0.574184,-0.770935,-0.579056
-0.132984,0.279743,0.384945,0.096550,-0.366961,-0.633801,-0.509436
-0.114645,0.248238,0.306988,0.003827,-0.434261,-0.645627,-0.444809
0.033540,0.459664,0.535146,0.195797,-0.307476,-0.578567,-0.377369
0.204863,0.801275,1.002474,0.656761,0.016254,-0.451412,-0.438179
0.004688,0.538239,0.763119,0.499508,-0.043026,-0.444855,-0.426929
-0.039967,0.416714,0.599628,0.353050,-0.130592,-0.455498,-0.345730
0.148834,0.698425,0.904030,0.594921,-0.005398,-0.450825,-0.426289
0.035583,0.588936,0.809021,0.509396,-0.088348,-0.530235,-0.496323
-0.019287,0.554958,0.797703,0.519554,-0.065701,-0.513763,-0.514301
-0.100693,0.406809,0.618601,0.358639,-0.174397,-0.573629,-0.588270
-0.283354,0.076439,0.201488,-0.029125,-0.432434,-0.658167,-0.501855
-0.059786,0.367514,0.474448,0.164320,-0.337337,-0.641980,-0.522845
-0.080499,0.364654,0.490258,0.190812,-0.309052,-0.616806,-0.500757
-0.047802,0.432274,0.600284,0.320379,-0.195299,-0.548036,-0.494147
-0.110599,0.304621,0.433775,0.155436,-0.321559,-0.614460,-0.511040
-0.121377,0.250097,0.322243,0.024540,-0.417908,-0.631643,-0.395088
0.199717,0.794918,0.995893,0.653868,0.015062,-0.453852,-0.433064
0.038774,0.606884,0.840611,0.549616,-0.043493,-0.483719,-0.452076
0.018797,0.584978,0.822659,0.543394,-0.039064,-0.477528,-0.454884
0.002193,0.555682,0.786650,0.507577,-0.071759,-0.509075,-0.488219
-0.037792,0.509113,0.736495,0.456805,-0.122158,-0.562025,-0.563221
-0.166861,0.314774,0.504854,0.239019,-0.281261,-0.646355,-0.595909
-0.205013,0.214573,0.336346,0.049732,-0.430565,-0.720860,-0.616795
-0.242100,0.098934,0.139965,-0.169987,-0.599155,-0.790913,-0.565762
-0.058399,0.399418,0.498497,0.160076,-0.363754,-0.672787,-0.555069
-0.141468,0.242992,0.310425,0.000240,-0.449688,-0.667900,-0.454332
0.079620,0.603802,0.772520,0.461064,-0.100547,-0.490998,-0.450076
-0.050084,0.402904,0.564585,0.294040,-0.199665,-0.524769,-0.442528
-0.029916,0.415065,0.568810,0.302120,-0.183859,-0.495451,-0.382249
0.087400,0.593763,0.774124,0.477133,-0.076006,-0.461973,-0.385363
0.105648,0.669306,0.891777,0.591574,-0.008711,-0.458981,-0.436319
0.025652,0.583012,0.809999,0.520142,-0.067929,-0.506087,-0.488997
-0.056949,0.464912,0.680181,0.413887,-0.128357,-0.521100,-0.463887
0.006935,0.554511,0.771808,0.479192,-0.108676,-0.543699,-0.511776
-0.044521,0.510271,0.729841,0.429718,-0.166557,-0.613808,-0.624266
-0.254646,0.192688,0.372234,0.135048,-0.327530,-0.638378,-0.580078
-0.251713,0.065880,0.113956,-0.173382,-0.583069,-0.782871,-0.651634
-0.368172,-0.197594,-0.285381,-0.594978,-0.892872,-0.892986,-0.504295
0.065496,0.479683,0.487669,0.090237,-0.424673,-0.662356,-0.427066
0.138172,0.669907,0.812895,0.470080,-0.101121,-0.464940,-0.345877
0.188168,0.778830,1.006561,0.698853,0.084282,-0.377228,-0.361813
0.098831,0.655838,0.881485,0.588341,-0.002022,-0.441486,-0.423744
0.009914,0.531410,0.746304,0.479630,-0.063000,-0.455158,-0.394447
0.080807,0.633739,0.854378,0.561157,-0.030254,-0.471729,-0.447187
0.011768,0.565165,0.790180,0.496418,-0.100399,-0.553080,-0.562090
-0.177378,0.277090,0.440256,0.172179,-0.318086,-0.626092,-0.491737
0.020372,0.571746,0.770343,0.459197,-0.133357,-0.561299,-0.516500
-0.039413,0.523167,0.751427,0.460888,-0.131754,-0.573458,-0.543266
-0.072838,0.491936,0.723354,0.436924,-0.149689,-0.591278,-0.593193
-0.200474,0.276581,0.467991,0.213242,-0.290184,-0.652260,-0.653503
-0.390961,-0.125877,-0.086830,-0.337189,-0.683838,-0.813354,-0.588051
-0.144989,0.244247,0.325203,0.025490,-0.436531,-0.688217,-0.518547
-0.044693,0.400436,0.498661,0.169155,-0.339985,-0.623718,-0.434063
0.140644,0.739376,0.953625,0.624756,-0.003937,-0.467709,-0.445728
0.025333,0.593655,0.829548,0.539726,-0.059055,-0.507832,-0.483681
-0.014366,0.553207,0.790318,0.507565,-0.075420,-0.511463,-0.479584
-0.013351,0.545303,0.774559,0.489883,-0.095978,-0.532921,-0.503876
-0.040455,0.515423,0.741932,0.451603,-0.139847,-0.581345,-0.550949
-0.081299,0.482712,0.711418,0.416451,-0.183510,-0.634407,-0.624062
-0.192818,0.330223,0.548630,0.287422,-0.248787,-0.638458,-0.606506
-0.206596,0.258057,0.437180,0.177094,-0.321846,-0.652122,-0.534950
-0.020332,0.548187,0.756943,0.434380,-0.187065,-0.642647,-0.613503
-0.149963,0.382607,0.573341,0.268112,-0.297066,-0.691025,-0.660385
-0.289108,0.120819,0.255501,-0.000732,-0.444084,-0.707535,-0.584686
-0.169899,0.249916,0.376793,0.097183,-0.380089,-0.669342,-0.532036
-0.050194,0.456558,0.629509,0.328125,-0.224464,-0.597160,-0.498596
0.021019,0.606201,0.837311,0.533958,-0.072365,-0.524704,-0.498222
-0.024651,0.546173,0.785522,0.502068,-0.090408,-0.536827,-0.512291
-0.045525,0.518555,0.749275,0.455315,-0.143646,-0.590630,-0.557861
-0.078041,0.498978,0.745453,0.468079,-0.114449,-0.550041,-0.520630
-0.055862,0.502327,0.731117,0.444038,-0.145172,-0.583473,-0.552834
-0.083923,0.477402,0.704430,0.406815,-0.193810,-0.639503,-0.604469
-0.121422,0.456848,0.701637,0.420647,-0.164482,-0.610451,-0.629402
-0.282852,0.120140,0.246979,-0.021904,-0.477791,-0.743889,-0.603149
-0.146225,0.322174,0.471802,0.178581,-0.340508,-0.675110,-0.563202
-0.074303,0.458977,0.654312,0.354591,-0.215874,-0.620949,-0.573009
-0.127960,0.388241,0.594982,0.330994,-0.194305,-0.565365,-0.511074
-0.087086,0.394569,0.571960,0.293545,-0.231400,-0.585495,-0.482170
0.027512,0.596012,0.807669,0.487972,-0.129660,-0.582453,-0.547623
-0.059904,0.522980,0.769405,0.490028,-0.096441,-0.534964,-0.504557
-0.037827,0.524254,0.756906,0.472669,-0.113730,-0.552180,-0.522676
-0.057814,0.500468,0.725451,0.427761,-0.171962,-0.615791,-0.579889
-0.097939,0.480212,0.721956,0.435992,-0.158949,-0.606832,-0.577877
-0.103786,0.469506,0.713274,0.436152,-0.144169,-0.578542,-0.547926
-0.082933,0.474503,0.698652,0.403072,-0.193583,-0.634367,-0.598375
-0.118284,0.455095,0.693092,0.402443,-0.195183,-0.640837,-0.611620
-0.146055,0.399263,0.610441,0.315693,-0.255709,-0.672440,-0.677061
-0.348530,0.020023,0.131302,-0.120762,-0.534567,-0.743340,-0.515524
0.066733,0.650501,0.839190,0.484038,-0.162867,-0.628058,-0.589882
-0.091029,0.505822,0.763161,0.484832,-0.111341,-0.567288,-0.563906
-0.133713,0.393158,0.613400,0.345210,-0.204762,-0.599291,-0.533095
-0.042619,0.524441,0.745421,0.437904,-0.171557,-0.621132,-0.584085
-0.096115,0.487998,0.735649,0.450653,-0.146261,-0.596100,-0.569084
-0.093988,0.480299,0.726028,0.449871,-0.130472,-0.564871,-0.534279
-0.068340,0.489058,0.713167,0.417543,-0.180132,-0.621931,-0.584993
-0.104942,0.470348,0.708282,0.418547,-0.179153,-0.624884,-0.592815
-0.114662,0.462658,0.707487,0.426537,-0.164413,-0.609318,-0.581316
-0.111099,0.456402,0.692482,0.404816,-0.188879,-0.631617,-0.597557
-0.119385,0.453074,0.688204,0.394716,-0.205721,-0.653185,-0.617947
-0.133718,0.448648,0.696526,0.414692,-0.180061,-0.647285,-0.732216
-0.532082,-0.319044,-0.314936,-0.560816,-0.854172,-0.900579,-0.583145
-0.058561,0.379211,0.465271,0.133484,-0.377911,-0.673641,-0.538837
-0.074123,0.404907,0.566032,0.284187,-0.224617,-0.557838,-0.471924
-0.045898,0.417259,0.583153,0.320694,-0.165009,-0.473404,-0.337494
0.182953,0.743561,0.939545,0.606262,-0.017044,-0.471573,-0.435532
0.049454,0.629608,0.870377,0.580505,-0.019302,-0.470078,-0.444016
0.028168,0.599564,0.843369,0.563339,-0.026718,-0.473679,-0.450684
0.013596,0.575180,0.806366,0.518707,-0.070114,-0.506088,-0.471191
0.000946,0.563492,0.789780,0.492371,-0.108032,-0.553543,-0.520279
-0.039993,0.535538,0.778580,0.494873,-0.098816,-0.545471,-0.520187
-0.050720,0.515045,0.750381,0.464890,-0.122742,-0.560471,-0.526337
-0.053955,0.508850,0.733414,0.434341,-0.167725,-0.611923,-0.574432
-0.090912,0.488785,0.729141,0.440811,-0.156464,-0.604706,-0.577087
-0.104317,0.467659,0.711105,0.432686,-0.152824,-0.614799,-0.692581
-0.454117,-0.151360,-0.044701,-0.245644,-0.586327,-0.740211,-0.521484
-0.032219,0.428177,0.548363,0.224007,-0.314217,-0.656075,-0.549393
-0.078369,0.433281,0.619888,0.336922,-0.200356,-0.572533,-0.518372
-0.103302,0.365616,0.540154,0.274536,-0.223068,-0.546173,-0.419960
0.097748,0.661491,0.859634,0.528496,-0.096573,-0.548927,-0.508789
-0.018738,0.567421,0.813179,0.527275,-0.069572,-0.519363,-0.496208
-0.026909,0.543579,0.787491,0.511475,-0.072647,-0.515686,-0.493652
-0.034256,0.517639,0.736290,0.433296,-0.169731,-0.612923,-0.572487
-0.084091,0.498497,0.741699,0.453270,-0.147049,-0.596352,-0.567825
-0.091232,0.485512,0.730743,0.451164,-0.138432,-0.585899,-0.569237
-0.120995,0.420826,0.642208,0.358540,-0.214584,-0.629124,-0.573959
-0.085619,0.486166,0.713787,0.412857,-0.191053,-0.637076,-0.601391
-0.118674,0.461215,0.705661,0.421400,-0.171852,-0.620012,-0.601095
-0.148666,0.402193,0.638390,0.372334,-0.190177,-0.618616,-0.631916
-0.277813,0.150249,0.308752,0.051701,-0.425667,-0.733574,-0.629379
-0.188148,0.283260,0.446613,0.166996,-0.344463,-0.683235,-0.603771
-0.180210,0.284428,0.454742,0.194721,-0.295376,-0.612007,-0.481319
0.038872,0.603134,0.801804,0.468262,-0.155270,-0.605118,-0.560532
-0.064121,0.523472,0.768703,0.481308,-0.117992,-0.567268,-0.541653
-0.067947,0.503983,0.746395,0.465969,-0.122509,-0.564972,-0.538464
-0.071686,0.494354,0.734837,0.457390,-0.126186,-0.567696,-0.543175
-0.082272,0.471115,0.692226,0.392662,-0.205986,-0.644836,-0.602043
-0.114243,0.465809,0.706505,0.419502,-0.176460,-0.622429,-0.592552
-0.117538,0.456665,0.703293,0.429008,-0.154366,-0.596642,-0.572876
-0.111740,0.441887,0.662262,0.360992,-0.236412,-0.673050,-0.628059
-0.138069,0.442192,0.683098,0.394363,-0.203316,-0.651955,-0.638390
-0.199074,0.334892,0.561203,0.299034,-0.243996,-0.647263,-0.630730
-0.252922,0.180061,0.323914,0.045502,-0.445221,-0.745850,-0.610016
-0.114014,0.411659,0.594582,0.290390,-0.274734,-0.668648,-0.618431
-0.188698,0.303551,0.496330,0.237083,-0.271790,-0.625580,-0.573700
-0.181389,0.258148,0.421165,0.170532,-0.300499,-0.599220,-0.458588
0.063629,0.624046,0.816940,0.479637,-0.144707,-0.593399,-0.547668
-0.051109,0.537609,0.784931,0.499603,-0.096672,-0.545887,-0.521187
-0.051327,0.518745,0.763222,0.488750,-0.092861,-0.535358,-0.518658
-0.073318,0.462692,0.673428,0.377251,-0.205341,-0.624378,-0.565861
-0.070290,0.508652,0.744343,0.448471,-0.152386,-0.599293,-0.566441
-0.088493,0.488621,0.735195,0.458897,-0.125496,-0.572693,-0.573338
-0.160805,0.346619,0.562244,0.310974,-0.212463,-0.597301,-0.577164
-0.204586,0.226147,0.376541,0.107536,-0.379730,-0.692566,-0.591309
-0.154949,0.311626,0.474091,0.197502,-0.306086,-0.639988,-0.562540
-0.154661,0.288578,0.444525,0.181986,-0.295955,-0.606400,-0.520365
-0.117653,0.307765,0.441167,0.161174,-0.321365,-0.609995,-0.444726
0.105821,0.688433,0.895504,0.565392,-0.060619,-0.520748,-0.498081
-0.034142,0.526157,0.766804,0.501232,-0.062775,-0.491737,-0.490925
-0.104305,0.366692,0.563797,0.320545,-0.170536,-0.509647,-0.412968
0.075474,0.619011,0.810810,0.480228,-0.138420,-0.584408,-0.537956
-0.042625,0.547798,0.797783,0.518024,-0.074688,-0.524284,-0.502895
-0.038269,0.527592,0.768867,0.492199,-0.090611,-0.536251,-0.532425
-0.113514,0.394360,0.593826,0.311890,-0.238029,-0.622734,-0.539963
-0.035015,0.541500,0.769894,0.467766,-0.136360,-0.586514,-0.567623
-0.117180,0.427803,0.658173,0.390247,-0.167286,-0.584934,-0.575829
-0.192699,0.255325,0.420895,0.162041,-0.320061,-0.637558,-0.551666
-0.136398,0.308304,0.451046,0.160774,-0.348553,-0.677391,-0.587109
-0.164555,0.280533,0.425613,0.149384,-0.333332,-0.636780,-0.540878
-0.157688,0.204453,0.265404,-0.038502,-0.478298,-0.683537,-0.433674
0.170422,0.766045,0.952789,0.588860,-0.065781,-0.533775,-0.494476
0.003517,0.599503,0.854019,0.575806,-0.016365,-0.465424,-0.446442
0.013840,0.575378,0.813347,0.537300,-0.043922,-0.485069,-0.468010
-0.024277,0.517944,0.750450,0.485603,-0.073776,-0.493271,-0.459641
-0.003395,0.537552,0.744377,0.436501,-0.164528,-0.602814,-0.559464
-0.072098,0.508492,0.751671,0.468098,-0.125454,-0.575871,-0.568966
-0.138206,0.389225,0.615883,0.360886,-0.176994,-0.571262,-0.522392
-0.069592,0.457211,0.654915,0.349735,-0.232006,-0.653126,-0.627918
-0.211246,0.278803,0.476248,0.222599,-0.282672,-0.635826,-0.588199
-0.212791,0.199258,0.334078,0.073084,-0.382802,-0.660640,-0.548145
-0.147532,0.239679,0.313747,-0.006462,-0.484879,-0.737175,-0.547602
-0.018857,0.512875,0.691040,0.382122,-0.179892,-0.569752,-0.530188
-0.137386,0.298723,0.446625,0.180021,-0.293158,-0.591072,-0.488720
-0.089371,0.303410,0.392757,0.096462,-0.362183,-0.604668,-0.396606
0.175827,0.756676,0.944412,0.591228,-0.049831,-0.509254,-0.470261
0.022549,0.610466,0.859909,0.579605,-0.012680,-0.460884,-0.441059
0.019081,0.580486,0.821251,0.549923,-0.025650,-0.463154,-0.444439
0.005810,0.545696,0.753422,0.447418,-0.149803,-0.583347,-0.536278
-0.048153,0.530247,0.772232,0.488449,-0.101406,-0.548164,-0.536659
-0.100374,0.432529,0.657766,0.394520,-0.153494,-0.561712,-0.539362
-0.130415,0.357825,0.553468,0.292161,-0.228523,-0.602815,-0.569301
-0.188351,0.245789,0.398584,0.130002,-0.355875,-0.671244,-0.588125
-0.196105,0.207989,0.320276,0.039887,-0.420564,-0.687293,-0.553045
-0.130877,0.270853,0.357351,0.052380,-0.416806,-0.664848,-0.455446
0.121253,0.707316,0.898272,0.544380,-0.098356,-0.559426,-0.524013
-0.039626,0.538000,0.782145,0.506364,-0.072639,-0.513532,-0.515750
-0.121386,0.360217,0.560998,0.315526,-0.182634,-0.528758,-0.437070
0.052284,0.603568,0.814765,0.513168,-0.082627,-0.525509,-0.497469
-0.034064,0.520819,0.743406,0.449202,-0.141214,-0.578756,-0.551277
-0.099159,0.443569,0.668777,0.395729,-0.163944,-0.575905,-0.542610
-0.103287,0.417976,0.629730,0.358009,-0.190582,-0.585697,-0.525940
-0.049660,0.502354,0.711365,0.401756,-0.198059,-0.639038,-0.622772
-0.199341,0.308151,0.516045,0.256134,-0.266090,-0.639946,-0.599159
-0.208069,0.231239,0.386223,0.123718,-0.356133,-0.670410,-0.605743
-0.265213,0.065422,0.122513,-0.161758,-0.573288,-0.765152,-0.561592
-0.096138,0.315277,0.384995,0.047768,-0.446541,-0.714592,-0.564068
-0.140419,0.228600,0.269020,-0.057182,-0.503445,-0.694576,-0.423897
0.192030,0.788631,0.979275,0.628967,-0.006323,-0.461983,-0.424153
0.060659,0.634787,0.867638,0.572840,-0.024040,-0.468981,-0.450803
-0.007919,0.526625,0.750545,0.483047,-0.067236,-0.471859,-0.430333
0.018105,0.547407,0.759292,0.478893,-0.083198,-0.493659,-0.446195
0.024732,0.581197,0.808274,0.520461,-0.067538,-0.510508,-0.486466
-0.027999,0.524918,0.748488,0.454278,-0.139071,-0.581474,-0.568576
-0.140672,0.377096,0.595158,0.336528,-0.196157,-0.582349,-0.537189
-0.106619,0.394255,0.589712,0.316500,-0.218914,-0.600969,-0.551710
-0.124886,0.363487,0.542660,0.258200,-0.273701,-0.641525,-0.592808
-0.217297,0.175327,0.273323,-0.014385,-0.467430,-0.715096,-0.556095
-0.107445,0.314661,0.407671,0.090590,-0.402321,-0.693403,-0.609652
-0.286341,0.001837,0.034452,-0.231088,-0.586941,-0.710939,-0.454792
0.040295,0.469332,0.550631,0.218018,-0.289327,-0.576173,-0.416952
0.087555,0.606974,0.783669,0.484020,-0.065895,-0.439877,-0.348465
0.155251,0.725632,0.948895,0.647518,0.044109,-0.407314,-0.386780
0.074059,0.629303,0.854195,0.560295,-0.028854,-0.467110,-0.443291
-0.000671,0.527748,0.740715,0.465302,-0.085991,-0.482819,-0.423805
0.054657,0.610771,0.832611,0.538631,-0.052551,-0.494774,-0.468037
-0.005928,0.551571,0.780655,0.490925,-0.101898,-0.552570,-0.551781
-0.138802,0.366127,0.573421,0.310963,-0.216724,-0.596004,-0.555716
-0.162195,0.273655,0.413490,0.131088,-0.361645,-0.682833,-0.639655
-0.367284,-0.143242,-0.169271,-0.459685,-0.793276,-0.860029,-0.540300
-0.015402,0.387518,0.410723,0.038147,-0.458961,-0.692675,-0.472977
0.055336,0.540730,0.653442,0.312881,-0.225788,-0.544662,-0.383007
0.174698,0.771225,0.992069,0.674614,0.053322,-0.408989,-0.390457
0.075233,0.637245,0.864929,0.569893,-0.024292,-0.471443,-0.479874
-0.099487,0.365341,0.557312,0.317757,-0.162827,-0.484695,-0.374840
0.118835,0.663643,0.863533,0.552681,-0.045456,-0.484806,-0.449364
0.021366,0.583500,0.814240,0.524193,-0.071877,-0.522842,-0.514538
-0.079468,0.449295,0.669449,0.400188,-0.147923,-0.547453,-0.508682
-0.086399,0.397472,0.570223,0.281348,-0.252002,-0.622239,-0.585681
-0.238821,0.116626,0.189512,-0.100600,-0.534532,-0.740788,-0.495830
0.105365,0.703007,0.896647,0.542486,-0.102469,-0.575503,-0.594913
-0.242960,0.152690,0.265407,-0.008687,-0.452152,-0.699118,-0.568722
-0.190405,0.143468,0.186185,-0.113313,-0.531153,-0.721463,-0.518326
-0.051339,0.382093,0.496080,0.195866,-0.297926,-0.594781,-0.476726
-0.054013,0.353131,0.442049,0.134580,-0.335140,-0.578840,-0.363197
0.219673,0.812813,1.015646,0.676435,0.042370,-0.422829,-0.399338
0.073217,0.643007,0.880348,0.593906,-0.000559,-0.449945,-0.429340
0.032547,0.591776,0.822565,0.537451,-0.045923,-0.479432,-0.446018
0.019775,0.577016,0.804861,0.518785,-0.066515,-0.502905,-0.475273
-0.014228,0.540266,0.769302,0.482458,-0.104575,-0.545606,-0.519634
-0.057301,0.499454,0.723902,0.426657,-0.173603,-0.618938,-0.585506
-0.105999,0.469730,0.712982,0.433399,-0.152294,-0.601753,-0.636864
-0.319992,0.058487,0.183495,-0.064728,-0.493294,-0.738190,-0.590103
-0.143478,0.304947,0.438683,0.139496,-0.372803,-0.692871,-0.558739
-0.043907,0.509201,0.712448,0.407875,-0.172302,-0.583084,-0.519333
-0.027367,0.545067,0.774300,0.481796,-0.112801,-0.555466,-0.528183
-0.062599,0.497383,0.725998,0.434845,-0.159386,-0.601685,-0.571091
-0.098312,0.468796,0.700577,0.406693,-0.192184,-0.638107,-0.605240
-0.126297,0.449844,0.694504,0.417282,-0.164124,-0.599548,-0.569000
-0.104080,0.453293,0.681290,0.391479,-0.197510,-0.635574,-0.601776
-0.130692,0.432785,0.660004,0.363556,-0.235901,-0.681412,-0.645203
-0.162949,0.416504,0.661484,0.384598,-0.197433,-0.633484,-0.601608
-0.134369,0.426270,0.658478,0.373825,-0.211014,-0.646927,-0.615875
-0.148499,0.411331,0.637848,0.341690,-0.255524,-0.698807,-0.662338
-0.179825,0.397919,0.639267,0.352936,-0.242371,-0.699387,-0.719498
-0.350647,0.104721,0.295181,0.061005,-0.407364,-0.728836,-0.674194
-0.323090,0.057098,0.181839,-0.065674,-0.494507,-0.741608,-0.589874
-0.127899,0.339630,0.484482,0.182632,-0.345001,-0.682236,-0.547516
-0.006729,0.586731,0.815323,0.508499,-0.098343,-0.546310,-0.515488
-0.042480,0.524841,0.758774,0.471909,-0.118073,-0.558136,-0.528259
-0.059113,0.503403,0.730621,0.434174,-0.164322,-0.608887,-0.572723
-0.091507,0.486893,0.730835,0.451935,-0.130157,-0.564331,-0.532532
-0.065407,0.495117,0.725258,0.440491,-0.144478,-0.579552,-0.548645
-0.080444,0.478218,0.702614,0.406288,-0.192070,-0.634552,-0.598282
-0.116943,0.460602,0.701752,0.414223,-0.182266,-0.636559,-0.651062
-0.287399,0.130592,0.260574,-0.013985,-0.475494,-0.748146,-0.636360
-0.266708,0.069328,0.113228,-0.187035,-0.605625,-0.782997,-0.523087
0.058750,0.616711,0.787647,0.442257,-0.166651,-0.589308,-0.536337
-0.067752,0.473712,0.693754,0.427307,-0.113140,-0.495314,-0.425680
0.051584,0.598703,0.808702,0.508850,-0.080334,-0.508852,-0.463654
0.016750,0.584560,0.812138,0.512119,-0.090897,-0.538979,-0.506329
-0.026630,0.551231,0.794628,0.510292,-0.083046,-0.531311,-0.504692
-0.034882,0.534157,0.773697,0.493362,-0.089180,-0.524788,-0.492470
-0.024826,0.532303,0.755157,0.455360,-0.144508,-0.587502,-0.549805
-0.068031,0.508965,0.748581,0.458549,-0.139442,-0.586449,-0.555656
-0.078766,0.496323,0.739906,0.461624,-0.120827,-0.555359,-0.522949
-0.057167,0.502029,0.728889,0.436974,-0.155075,-0.595215,-0.561523
-0.086639,0.480598,0.712502,0.417770,-0.180977,-0.625786,-0.591835
-0.109863,0.469292,0.713982,0.431915,-0.161118,-0.615898,-0.627953
-0.241364,0.234497,0.431572,0.186348,-0.304710,-0.633041,-0.516869
-0.007141,0.554565,0.755592,0.428307,-0.190987,-0.640526,-0.598557
-0.104736,0.483223,0.730782,0.444717,-0.154236,-0.608040,-0.603508
-0.177055,0.345139,0.565643,0.310410,-0.217926,-0.592964,-0.516251
-0.029030,0.527969,0.738007,0.423553,-0.184975,-0.630684,-0.590782
-0.102913,0.478165,0.720863,0.430962,-0.166901,-0.614754,-0.584785
-0.106766,0.469444,0.715134,0.435028,-0.155090,-0.599167,-0.572296
-0.102226,0.464149,0.698135,0.409370,-0.185417,-0.628254,-0.595276
-0.117195,0.456146,0.693130,0.400501,-0.200066,-0.646679,-0.612553
-0.128452,0.452812,0.700573,0.419598,-0.174301,-0.637753,-0.699417
-0.443027,-0.159615,-0.113140,-0.371761,-0.725624,-0.841766,-0.544613
0.041904,0.583988,0.732368,0.375381,-0.232315,-0.641068,-0.565521
-0.072609,0.489052,0.715431,0.434753,-0.133461,-0.551941,-0.529015
-0.114616,0.376099,0.572227,0.315315,-0.191254,-0.533989,-0.429184
0.074150,0.633423,0.835930,0.511070,-0.106804,-0.556900,-0.517456
-0.029076,0.554459,0.798592,0.511086,-0.087349,-0.536758,-0.511269
-0.037704,0.535065,0.777328,0.495773,-0.094810,-0.539360,-0.512970
-0.045334,0.519600,0.753120,0.464859,-0.124542,-0.561081,-0.525780
-0.051270,0.513641,0.741287,0.443306,-0.157684,-0.601799,-0.565201
-0.081589,0.497231,0.739632,0.454315,-0.140961,-0.587227,-0.558624
-0.085861,0.483185,0.720787,0.435600,-0.151733,-0.588173,-0.553741
-0.080086,0.483009,0.709824,0.412010,-0.188820,-0.632759,-0.595993
-0.111221,0.467766,0.710342,0.423248,-0.171829,-0.619843,-0.595901
-0.132637,0.427979,0.667007,0.394958,-0.178371,-0.608746,-0.584904
-0.143219,0.385273,0.595402,0.308407,-0.258240,-0.661472,-0.592171
-0.092751,0.485134,0.714893,0.414124,-0.190601,-0.638405,-0.604488
-0.124496,0.453667,0.697382,0.415329,-0.174761,-0.624668,-0.630919
-0.235651,0.246864,0.445639,0.193312,-0.308693,-0.647864,-0.538527
-0.030694,0.532077,0.738067,0.415695,-0.200669,-0.649265,-0.607340
-0.115509,0.469504,0.716096,0.431031,-0.164973,-0.612931,-0.585025
-0.111974,0.462243,0.709857,0.437525,-0.144886,-0.586215,-0.563464
-0.102359,0.451230,0.672547,0.370257,-0.230109,-0.672614,-0.629532
-0.139482,0.445723,0.690557,0.403752,-0.194948,-0.643620,-0.613487
-0.135294,0.444019,0.692781,0.417683,-0.169420,-0.613440,-0.588469
-0.123207,0.437433,0.664761,0.368433,-0.227985,-0.667549,-0.625465
-0.138355,0.441010,0.681030,0.390434,-0.208115,-0.654678,-0.624409
-0.150967,0.419743,0.660957,0.382290,-0.201508,-0.644203,-0.645256
-0.248741,0.235985,0.440861,0.198486,-0.299519,-0.642540,-0.541901
-0.042683,0.514481,0.716869,0.392887,-0.225071,-0.672314,-0.627090
-0.130035,0.461136,0.710899,0.426048,-0.172676,-0.622349,-0.595165
-0.118919,0.458462,0.708237,0.436092,-0.147110,-0.589222,-0.566269
-0.103989,0.451744,0.674206,0.375980,-0.221333,-0.658863,-0.613785
-0.124687,0.455666,0.696663,0.407036,-0.190556,-0.637150,-0.603989
-0.125721,0.451710,0.697628,0.419712,-0.168232,-0.611130,-0.583096
-0.115776,0.445927,0.674305,0.378036,-0.218315,-0.656849,-0.614712
-0.128532,0.449905,0.688030,0.396538,-0.201927,-0.649387,-0.622936
-0.157177,0.402981,0.638630,0.363239,-0.210472,-0.642193,-0.637257
-0.241646,0.239258,0.439365,0.197151,-0.295815,-0.631886,-0.526318
-0.025150,0.531990,0.733379,0.407425,-0.208580,-0.654869,-0.624325
-0.164276,0.384367,0.612513,0.339458,-0.219240,-0.630224,-0.608648
-0.206320,0.270493,0.463612,0.215445,-0.277559,-0.620510,-0.568635
-0.197811,0.198953,0.312766,0.029986,-0.435764,-0.694070,-0.497763
0.074756,0.667426,0.871771,0.532125,-0.104304,-0.566936,-0.533072
-0.042404,0.547304,0.801466,0.525845,-0.063747,-0.512203,-0.491642
-0.028812,0.536240,0.777691,0.503151,-0.077553,-0.517200,-0.493771
-0.034935,0.517376,0.736435,0.435810,-0.159992,-0.596031,-0.553387
-0.066715,0.511227,0.749832,0.461727,-0.133385,-0.578514,-0.546829
-0.071995,0.501053,0.745548,0.469147,-0.115349,-0.561680,-0.558537
-0.140297,0.364964,0.561848,0.278328,-0.272171,-0.661358,-0.614269
-0.190563,0.294727,0.481602,0.215519,-0.295231,-0.645027,-0.578442
-0.163746,0.296993,0.468323,0.209305,-0.279797,-0.607170,-0.543762
-0.183975,0.173531,0.246490,-0.043549,-0.476448,-0.684616,-0.444496
0.149956,0.739922,0.925957,0.564247,-0.086227,-0.552040,-0.511566
-0.011421,0.583763,0.837494,0.558502,-0.035408,-0.485214,-0.465027
-0.001587,0.562111,0.802216,0.524384,-0.057632,-0.502487,-0.501793
-0.089905,0.408081,0.602631,0.323631,-0.218491,-0.594498,-0.505066
0.002563,0.577835,0.802055,0.494804,-0.112442,-0.561783,-0.528419
-0.048996,0.529579,0.776611,0.501740,-0.084167,-0.528000,-0.506760
-0.047157,0.514702,0.756889,0.486015,-0.090073,-0.527100,-0.506935
-0.054260,0.489998,0.704010,0.400345,-0.199448,-0.637474,-0.594841
-0.105247,0.477554,0.724876,0.444443,-0.145996,-0.598209,-0.603821
-0.209877,0.264488,0.449326,0.190022,-0.312057,-0.653255,-0.575222
-0.142349,0.334450,0.497269,0.203449,-0.327953,-0.684532,-0.607082
-0.169903,0.314095,0.492844,0.222622,-0.287357,-0.635406,-0.577839
-0.200397,0.199993,0.316429,0.042099,-0.413322,-0.677998,-0.554413
-0.164295,0.185177,0.231625,-0.075905,-0.507565,-0.696926,-0.431328
0.181519,0.779957,0.964600,0.595665,-0.066872,-0.541710,-0.505295
-0.005264,0.595665,0.858994,0.586578,-0.004730,-0.458794,-0.444778
0.012535,0.574066,0.816910,0.545692,-0.030746,-0.470085,-0.450256
0.002075,0.546951,0.760597,0.458511,-0.137764,-0.574280,-0.530159
-0.043976,0.534454,0.776470,0.494671,-0.094204,-0.539009,-0.513855
-0.049397,0.513363,0.752548,0.476742,-0.104237,-0.549034,-0.550232
-0.143135,0.356945,0.567249,0.313635,-0.211149,-0.593414,-0.559013
-0.156677,0.308414,0.477221,0.200077,-0.316754,-0.666709,-0.600280
-0.190618,0.262208,0.423750,0.158947,-0.329047,-0.649449,-0.573273
-0.197901,0.177003,0.263300,-0.022324,-0.462563,-0.683868,-0.458714
0.122853,0.705927,0.890991,0.532238,-0.114335,-0.575299,-0.533919
-0.035806,0.557374,0.811068,0.531073,-0.060899,-0.515620,-0.522751
-0.119581,0.374651,0.582087,0.329533,-0.183460,-0.545257,-0.467143
0.006812,0.541867,0.733088,0.413662,-0.185136,-0.610468,-0.551356
-0.053247,0.531141,0.773199,0.487538,-0.106133,-0.551790,-0.526497
-0.060925,0.502943,0.740297,0.461699,-0.120089,-0.559826,-0.536478
-0.082598,0.466757,0.695595,0.419312,-0.151390,-0.577206,-0.542995
-0.079323,0.470943,0.687016,0.386360,-0.208485,-0.647472,-0.629227
-0.196995,0.320190,0.532799,0.269745,-0.264374,-0.651001,-0.620918
-0.244331,0.170845,0.300957,0.028465,-0.435875,-0.711342,-0.566216
-0.085419,0.410530,0.565956,0.249176,-0.307915,-0.684097,-0.622162
-0.200356,0.270370,0.447693,0.188759,-0.301239,-0.629486,-0.565971
-0.207054,0.151543,0.227554,-0.056541,-0.485497,-0.695618,-0.477936
0.063030,0.590260,0.750275,0.420437,-0.157429,-0.548355,-0.461018
0.047466,0.622589,0.843735,0.534412,-0.072948,-0.519482,-0.485291
-0.007980,0.563602,0.802734,0.519051,-0.068760,-0.512520,-0.502930
-0.084175,0.408897,0.592716,0.311874,-0.220356,-0.581676,-0.484528
0.018051,0.580494,0.787128,0.467339,-0.144520,-0.586708,-0.544300
-0.056885,0.522766,0.765015,0.481499,-0.110046,-0.558483,-0.553516
-0.140312,0.353127,0.543179,0.271450,-0.251743,-0.615822,-0.565353
-0.180298,0.223728,0.325207,0.027267,-0.448616,-0.720871,-0.571583
-0.103256,0.362759,0.494385,0.181377,-0.343647,-0.677299,-0.590809
-0.198380,0.183662,0.260426,-0.037571,-0.482258,-0.699175,-0.482367
0.051870,0.561691,0.701536,0.364412,-0.200157,-0.563251,-0.445406
0.086470,0.672069,0.889915,0.571457,-0.044961,-0.500470,-0.485922
-0.045653,0.485329,0.705725,0.440603,-0.104391,-0.502791,-0.469743
-0.060948,0.410528,0.584669,0.313771,-0.195910,-0.535870,-0.426355
0.079686,0.643595,0.858505,0.551792,-0.052008,-0.500872,-0.476812
-0.012470,0.546267,0.770718,0.473471,-0.122891,-0.565352,-0.539819
-0.089633,0.440440,0.647246,0.363786,-0.190579,-0.582627,-0.511045
-0.017188,0.554193,0.786288,0.495637,-0.098099,-0.544797,-0.522489
-0.060853,0.494233,0.719956,0.426908,-0.162356,-0.600709,-0.585747
-0.164583,0.331860,0.523914,0.252224,-0.270933,-0.633018,-0.566898
-0.138992,0.328974,0.484020,0.194221,-0.323429,-0.672241,-0.627144
-0.284512,0.070663,0.163792,-0.095516,-0.505764,-0.714920,-0.541199
-0.106289,0.282673,0.345776,0.016649,-0.463772,-0.714151,-0.539284
-0.069056,0.363686,0.453552,0.128468,-0.367496,-0.635242,-0.432674
0.149946,0.752614,0.967828,0.637961,0.006324,-0.461345,-0.442250
0.027909,0.595333,0.828382,0.538673,-0.053162,-0.491146,-0.456306
0.016762,0.583162,0.821060,0.542013,-0.040230,-0.479456,-0.455616
0.002647,0.557312,0.789443,0.510547,-0.069592,-0.506725,-0.482760
-0.025347,0.527503,0.756865,0.472299,-0.114428,-0.558083,-0.542525
-0.101246,0.431722,0.649211,0.370476,-0.192880,-0.605555,-0.571010
-0.137280,0.364775,0.552622,0.268940,-0.270002,-0.645779,-0.595175
-0.192406,0.241873,0.370390,0.078733,-0.413399,-0.711519,-0.578098
-0.099131,0.395010,0.554502,0.250536,-0.286041,-0.639938,-0.559849
-0.129814,0.323654,0.464338,0.172028,-0.329554,-0.638029,-0.503160
0.001646,0.542858,0.739202,0.437548,-0.136808,-0.545744,-0.484064
0.002905,0.566483,0.784008,0.475990,-0.128115,-0.581175,-0.598372
-0.245201,0.173140,0.323961,0.079803,-0.362333,-0.620689,-0.443975
0.098379,0.667994,0.868048,0.540752,-0.076605,-0.529133,-0.500887
-0.028486,0.540190,0.778397,0.493803,-0.097837,-0.544411,-0.521006
-0.058281,0.499838,0.729540,0.445316,-0.135208,-0.563927,-0.525753
-0.056206,0.501831,0.728527,0.440346,-0.145073,-0.579617,-0.545261
-0.075592,0.486481,0.718151,0.431973,-0.156342,-0.597664,-0.569042
-0.102119,0.458210,0.686207,0.396389,-0.190639,-0.629707,-0.632050
-0.260254,0.161896,0.292084,0.010880,-0.465019,-0.752914,-0.654274
-0.295692,0.019615,0.039078,-0.273682,-0.685097,-0.852425,-0.630394
-0.178856,0.197300,0.245770,-0.076355,-0.529316,-0.745640,-0.547764
-0.085014,0.314934,0.372311,0.038483,-0.431950,-0.652905,-0.404945
0.206045,0.815331,1.020492,0.677727,0.038184,-0.430485,-0.406527
0.069422,0.645506,0.888105,0.605896,0.013672,-0.435452,-0.415564
0.044634,0.601208,0.828392,0.539703,-0.046234,-0.483261,-0.467983
-0.041637,0.472614,0.683273,0.418270,-0.117809,-0.499565,-0.430496
0.051098,0.606411,0.823551,0.522961,-0.074772,-0.518593,-0.489536
-0.021214,0.541466,0.769821,0.474495,-0.124851,-0.578075,-0.574928
-0.165474,0.324253,0.513559,0.247936,-0.263348,-0.603907,-0.503765
-0.025555,0.494192,0.671225,0.360212,-0.211685,-0.604502,-0.522936
-0.018208,0.558086,0.782354,0.476133,-0.135955,-0.590090,-0.560497
-0.081870,0.493960,0.736333,0.454897,-0.131656,-0.579043,-0.604288
-0.267883,0.127990,0.257534,-0.000864,-0.446354,-0.720717,-0.660434
-0.403335,-0.195399,-0.213941,-0.473493,-0.774548,-0.820783,-0.486590
0.078024,0.562274,0.667994,0.314640,-0.249401,-0.596340,-0.452717
0.104700,0.710728,0.941967,0.627010,0.005264,-0.458462,-0.434486
0.039536,0.614689,0.860275,0.582008,-0.006306,-0.453506,-0.433662
0.026493,0.583031,0.810181,0.515598,-0.083008,-0.529655,-0.498508
-0.022259,0.551208,0.793182,0.513298,-0.069775,-0.506886,-0.477039
-0.011848,0.546757,0.776936,0.491219,-0.093716,-0.531696,-0.502705
-0.039333,0.517471,0.742939,0.447681,-0.148659,-0.592070,-0.560638
-0.085073,0.485771,0.721251,0.429081,-0.169080,-0.625034,-0.649972
-0.315210,0.058536,0.153469,-0.130417,-0.569895,-0.806054,-0.682513
-0.372497,-0.166818,-0.247172,-0.580661,-0.914922,-0.943259,-0.550296
0.087209,0.629035,0.759568,0.395630,-0.198442,-0.584911,-0.499990
-0.043697,0.433826,0.575867,0.272190,-0.239693,-0.552532,-0.426880
0.048271,0.550327,0.725452,0.434998,-0.100914,-0.461998,-0.360725
0.146896,0.715294,0.925858,0.606033,-0.012718,-0.469566,-0.438774
0.041992,0.620911,0.864365,0.579102,-0.019081,-0.470192,-0.448357
0.018654,0.584908,0.821693,0.536652,-0.053474,-0.496613,-0.468826
-0.000793,0.562569,0.794540,0.501801,-0.095947,-0.543701,-0.515598
-0.041386,0.529087,0.765171,0.473591,-0.125946,-0.575455,-0.546165
-0.068817,0.506721,0.751732,0.474861,-0.107170,-0.544224,-0.515287
-0.051970,0.503807,0.729236,0.437847,-0.153681,-0.593300,-0.560064
-0.088571,0.475310,0.702915,0.405874,-0.196133,-0.642221,-0.607578
-0.125893,0.452976,0.697388,0.414072,-0.177269,-0.645992,-0.761703
-0.656521,-0.597118,-0.730549,-1.008163,-1.212772,-1.103809,-0.679268
-0.195999,0.064137,-0.031631,-0.410698,-0.801867,-0.886606,-0.587626
-0.103788,0.282875,0.354440,0.068853,-0.352808,-0.544980,-0.289024
0.319128,0.918753,1.116272,0.765926,0.123737,-0.342678,-0.314552
0.162582,0.733967,0.969948,0.678238,0.079514,-0.371170,-0.349915
0.114563,0.675362,0.905746,0.613380,0.015976,-0.430466,-0.403038
0.066582,0.633461,0.868896,0.585449,0.000793,-0.434967,-0.404770
0.057831,0.611900,0.836594,0.545441,-0.045868,-0.486267,-0.456741
0.009102,0.567364,0.792324,0.494598,-0.106144,-0.552948,-0.520981
-0.044891,0.529400,0.771217,0.486294,-0.107624,-0.555475,-0.531382
-0.064066,0.500553,0.736698,0.453974,-0.131902,-0.567875,-0.535915
-0.068618,0.489148,0.710692,0.409598,-0.192520,-0.637743,-0.600288
-0.116795,0.460934,0.701286,0.411991,-0.186245,-0.634460,-0.605831
-0.130104,0.441883,0.678501,0.389423,-0.205673,-0.671280,-0.770226
-0.600578,-0.412849,-0.408424,-0.626625,-0.888641,-0.910820,-0.584030
-0.059944,0.372452,0.453194,0.117111,-0.395615,-0.693626,-0.562065
-0.103485,0.370445,0.530426,0.252342,-0.249802,-0.568611,-0.431297
0.101303,0.679817,0.891609,0.571068,-0.044495,-0.495247,-0.462311
0.015705,0.583103,0.811245,0.511791,-0.092621,-0.540138,-0.506916
-0.026661,0.548824,0.790844,0.506126,-0.087601,-0.535263,-0.510979
-0.042511,0.522278,0.758583,0.475044,-0.108719,-0.544556,-0.512459
-0.045036,0.511879,0.732574,0.429665,-0.171333,-0.615448,-0.577873
-0.094261,0.482597,0.722092,0.432915,-0.165207,-0.613304,-0.583595
-0.107773,0.466255,0.710754,0.431435,-0.157906,-0.603172,-0.578453
-0.112473,0.450836,0.681786,0.390991,-0.200928,-0.639938,-0.603165
-0.126205,0.443085,0.675095,0.380463,-0.219162,-0.662872,-0.627823
-0.145737,0.432541,0.675415,0.391541,-0.201309,-0.653961,-0.675613
-0.368851,-0.090225,-0.130524,-0.502472,-0.930527,-1.067413,-0.804443
-0.326965,0.074905,0.167435,-0.106140,-0.525635,-0.739059,-0.576416
-0.163208,0.226707,0.329834,0.059898,-0.376534,-0.620438,-0.478233
-0.056007,0.363350,0.490730,0.222351,-0.235023,-0.500679,-0.326340
0.215599,0.777946,0.959068,0.604206,-0.036568,-0.494724,-0.452530
0.046379,0.638380,0.886013,0.597069,-0.005732,-0.460449,-0.437311
0.032947,0.604375,0.847250,0.568249,-0.018838,-0.463842,-0.441821
0.019518,0.576252,0.801641,0.508250,-0.086249,-0.524916,-0.488795
-0.011523,0.557095,0.788405,0.494046,-0.105317,-0.550753,-0.519382
-0.042906,0.530787,0.772013,0.487482,-0.105072,-0.550596,-0.525173
-0.055566,0.513277,0.757511,0.481822,-0.100992,-0.542727,-0.521360
-0.063588,0.487671,0.705696,0.402093,-0.198603,-0.637533,-0.594822
-0.105143,0.476759,0.718315,0.428259,-0.170734,-0.623611,-0.616199
-0.187866,0.335217,0.557575,0.300278,-0.234009,-0.627644,-0.612312
-0.243511,0.185432,0.338947,0.076946,-0.400448,-0.698616,-0.562313
-0.064869,0.466133,0.649437,0.338783,-0.238617,-0.642738,-0.588970
-0.134235,0.389606,0.600014,0.328915,-0.212219,-0.601894,-0.567997
-0.170067,0.288708,0.460049,0.196159,-0.296795,-0.616257,-0.484467
0.037796,0.606066,0.808701,0.479090,-0.143482,-0.596283,-0.556580
-0.065981,0.520733,0.768024,0.485600,-0.109749,-0.559021,-0.535355
-0.067488,0.502562,0.748970,0.476414,-0.104271,-0.545851,-0.523354
-0.066412,0.484024,0.701233,0.399752,-0.197865,-0.634720,-0.589951
-0.101166,0.477898,0.716640,0.426727,-0.170174,-0.617069,-0.585178
-0.109154,0.466057,0.710747,0.433563,-0.152679,-0.593895,-0.568100
-0.104954,0.451630,0.672989,0.370739,-0.228611,-0.672062,-0.653355
-0.218704,0.302830,0.515846,0.249298,-0.289265,-0.672478,-0.618496
-0.183075,0.317734,0.513138,0.243790,-0.281925,-0.652409,-0.606319
-0.209976,0.236492,0.400524,0.142101,-0.336639,-0.641033,-0.502125
0.023289,0.588821,0.784843,0.450638,-0.172577,-0.621132,-0.576237
-0.080490,0.508396,0.754910,0.469765,-0.126324,-0.578278,-0.567034
-0.128071,0.408464,0.637302,0.377628,-0.168795,-0.576414,-0.563231
-0.178013,0.276957,0.445503,0.173967,-0.331444,-0.658363,-0.529070
-0.000488,0.578931,0.793596,0.475907,-0.141685,-0.594439,-0.560545
-0.076681,0.505315,0.752819,0.475488,-0.112860,-0.560075,-0.548044
-0.109282,0.427052,0.655690,0.390930,-0.161510,-0.569233,-0.520999
-0.050274,0.502097,0.715364,0.406067,-0.199295,-0.641872,-0.599842
-0.107909,0.477204,0.723893,0.439901,-0.154065,-0.603912,-0.589599
-0.142710,0.401682,0.634402,0.369783,-0.185444,-0.603737,-0.592337
-0.199116,0.267692,0.441135,0.166639,-0.349517,-0.703680,-0.660948
-0.304053,0.090644,0.228795,-0.008375,-0.431854,-0.680502,-0.553731
-0.152641,0.236996,0.336906,0.056946,-0.393316,-0.647026,-0.513554
-0.120483,0.228001,0.268585,-0.045738,-0.481209,-0.669464,-0.402771
0.213104,0.813560,0.999229,0.628372,-0.035103,-0.511841,-0.476341
0.024727,0.625710,0.888100,0.612801,0.019615,-0.434364,-0.424179
0.025436,0.577385,0.814636,0.545685,-0.024597,-0.458801,-0.458313
-0.061279,0.418076,0.601974,0.325119,-0.203156,-0.561554,-0.458572
0.054672,0.629623,0.849625,0.539154,-0.071289,-0.521851,-0.489700
-0.010498,0.566849,0.813660,0.536606,-0.049530,-0.495529,-0.475464
-0.016068,0.545578,0.787567,0.518433,-0.056900,-0.495148,-0.476196
-0.025696,0.517365,0.729218,0.425354,-0.173645,-0.612854,-0.570419
-0.082001,0.499626,0.746773,0.466148,-0.124474,-0.571022,-0.550507
-0.090645,0.469521,0.710045,0.440460,-0.131424,-0.585754,-0.673546
-0.462585,-0.187073,-0.093735,-0.288345,-0.611992,-0.753883,-0.567207
-0.175133,0.164574,0.218918,-0.070038,-0.491112,-0.698311,-0.529480
-0.133598,0.188377,0.196838,-0.130753,-0.553955,-0.722237,-0.482620
-0.005867,0.369858,0.374908,-0.005890,-0.495514,-0.701294,-0.412888
0.244019,0.885132,1.099365,0.742142,0.078491,-0.407242,-0.388474
0.095032,0.683472,0.941254,0.670166,0.082108,-0.367767,-0.354507
0.097168,0.654083,0.895264,0.627274,0.053040,-0.385101,-0.368988
0.074768,0.610168,0.817337,0.511765,-0.085052,-0.520157,-0.475632
0.009003,0.584915,0.824417,0.540115,-0.050247,-0.495575,-0.471909
-0.008942,0.554291,0.794922,0.521500,-0.057098,-0.495651,-0.476028
-0.023895,0.517868,0.727463,0.421356,-0.177917,-0.617393,-0.589874
-0.142593,0.390465,0.609032,0.339180,-0.210487,-0.613503,-0.591843
-0.205055,0.244629,0.413811,0.157555,-0.324905,-0.645676,-0.570847
-0.189972,0.196239,0.290813,0.002640,-0.452824,-0.714607,-0.608654
-0.250648,0.096310,0.182278,-0.076321,-0.479027,-0.685604,-0.524956
-0.123505,0.239140,0.307423,0.014683,-0.420895,-0.643444,-0.480076
-0.072033,0.275654,0.306648,-0.015228,-0.451347,-0.636353,-0.363510
0.255524,0.855202,1.037155,0.662613,0.000366,-0.473213,-0.436531
0.061790,0.656136,0.911949,0.635017,0.043129,-0.407608,-0.392265
0.063438,0.620430,0.858772,0.586014,0.009995,-0.427956,-0.407738
0.042046,0.591232,0.822807,0.547268,-0.029552,-0.466335,-0.447884
0.001129,0.541744,0.754097,0.454632,-0.136112,-0.569098,-0.527340
-0.048384,0.520931,0.757822,0.472903,-0.115149,-0.561096,-0.558549
-0.148715,0.345290,0.540787,0.276407,-0.246341,-0.616817,-0.575615
-0.200716,0.193251,0.282806,-0.029861,-0.513500,-0.780731,-0.615715
-0.123009,0.372047,0.530499,0.229416,-0.301376,-0.654423,-0.593014
-0.221531,0.152454,0.234913,-0.051579,-0.487789,-0.709984,-0.519882
-0.030659,0.443359,0.578995,0.268970,-0.256035,-0.598476,-0.522659
-0.114449,0.327164,0.476604,0.206642,-0.275730,-0.584713,-0.497231
-0.110664,0.280201,0.379364,0.095734,-0.358177,-0.608665,-0.436855
0.058647,0.557430,0.712704,0.402588,-0.144016,-0.507874,-0.404461
0.105289,0.671898,0.878735,0.557186,-0.057411,-0.504280,-0.465542
0.016270,0.591335,0.830982,0.546829,-0.043404,-0.490547,-0.483334
-0.056194,0.467640,0.690720,0.433144,-0.106323,-0.501202,-0.449039
0.016777,0.566227,0.788311,0.500435,-0.083717,-0.522873,-0.499931
-0.044510,0.503441,0.721123,0.424980,-0.165398,-0.599960,-0.568558
-0.109619,0.438896,0.666908,0.393715,-0.170998,-0.593803,-0.579063
-0.170815,0.319672,0.517540,0.256493,-0.263939,-0.646744,-0.658783
-0.373734,-0.045334,0.061325,-0.160141,-0.533875,-0.723434,-0.549835
-0.129684,0.242706,0.299149,-0.022888,-0.489441,-0.728043,-0.536606
-0.034348,0.448700,0.581543,0.260956,-0.273560,-0.609772,-0.484833
0.027725,0.585396,0.795113,0.495956,-0.088623,-0.518448,-0.496994
-0.071365,0.433395,0.629768,0.349640,-0.196533,-0.584366,-0.542793
-0.128471,0.349472,0.537842,0.283005,-0.214668,-0.550529,-0.441841
0.061424,0.623573,0.836731,0.529274,-0.074295,-0.521942,-0.495697
-0.029190,0.529739,0.756340,0.463181,-0.128159,-0.565636,-0.534187
-0.069359,0.486946,0.719734,0.443451,-0.128227,-0.553062,-0.516907
-0.050339,0.506706,0.737297,0.453949,-0.129608,-0.567200,-0.540733
-0.078903,0.478348,0.710129,0.427948,-0.158340,-0.601578,-0.595352
-0.176971,0.332321,0.539078,0.271194,-0.265762,-0.651291,-0.606445
-0.186905,0.298157,0.485779,0.219467,-0.297394,-0.666885,-0.657913
-0.349121,0.003784,0.125916,-0.096817,-0.487442,-0.703522,-0.540558
-0.091904,0.349731,0.474792,0.172867,-0.335327,-0.655228,-0.560013
-0.151115,0.261879,0.372238,0.086021,-0.379234,-0.636086,-0.441269
0.122925,0.707336,0.913261,0.582985,-0.041237,-0.499596,-0.475182
-0.003647,0.560257,0.788849,0.494728,-0.098541,-0.541847,-0.529846
-0.106743,0.403328,0.615715,0.358299,-0.166359,-0.537758,-0.459396
0.026520,0.582214,0.799744,0.501488,-0.091972,-0.532532,-0.503174
-0.036507,0.525520,0.760063,0.477699,-0.108795,-0.554176,-0.544228
-0.111443,0.412132,0.626175,0.353798,-0.196419,-0.596077,-0.559380
-0.137184,0.356369,0.550438,0.283669,-0.238518,-0.606491,-0.548157
-0.120159,0.368404,0.552647,0.279068,-0.246937,-0.606972,-0.513428
-0.013435,0.547421,0.755421,0.439919,-0.166714,-0.614456,-0.612709
-0.221237,0.243843,0.425343,0.172504,-0.311451,-0.638596,-0.579845
-0.228573,0.128315,0.210442,-0.068569,-0.498341,-0.734657,-0.627884
-0.327658,-0.084808,-0.085377,-0.352528,-0.680662,-0.763510,-0.471462
0.029904,0.419266,0.440749,0.069393,-0.427488,-0.659025,-0.409836
0.207260,0.823574,1.037647,0.702736,0.069996,-0.394871,-0.371056
0.104744,0.678726,0.923149,0.642731,0.051300,-0.398987,-0.382217
0.075867,0.630333,0.856407,0.567589,-0.018478,-0.455643,-0.439522
-0.010399,0.505630,0.718040,0.453789,-0.083504,-0.468414,-0.402481
0.076004,0.630180,0.849129,0.552277,-0.041756,-0.484848,-0.458008
0.007141,0.565697,0.792892,0.500320,-0.097275,-0.548775,-0.539040
-0.107437,0.416924,0.637604,0.375702,-0.160225,-0.549637,-0.514519
-0.111473,0.348457,0.510193,0.230911,-0.279243,-0.622597,-0.568184
-0.198753,0.196632,0.315918,0.050270,-0.399475,-0.656578,-0.496201
-0.025681,0.416122,0.500320,0.148125,-0.383492,-0.687546,-0.537544
-0.043129,0.457527,0.617599,0.316154,-0.214035,-0.564537,-0.493790
-0.082794,0.367432,0.526382,0.260948,-0.227684,-0.539948,-0.411774
0.094193,0.640450,0.832008,0.509003,-0.098244,-0.540756,-0.531868
-0.126503,0.357208,0.554230,0.306000,-0.190002,-0.523247,-0.410011
0.099716,0.665321,0.878975,0.569069,-0.038879,-0.488930,-0.461159
0.008812,0.574097,0.806007,0.512245,-0.088486,-0.538208,-0.511086
-0.037849,0.531662,0.769714,0.488884,-0.093170,-0.526344,-0.492592
-0.023521,0.535995,0.767075,0.480301,-0.105675,-0.543716,-0.515755
-0.051445,0.506279,0.733650,0.441250,-0.152260,-0.594818,-0.563515
-0.091007,0.475830,0.708317,0.414162,-0.185963,-0.638004,-0.635622
-0.222034,0.279606,0.484632,0.224823,-0.293392,-0.669134,-0.668297
-0.388069,-0.104482,-0.063704,-0.326999,-0.692333,-0.825710,-0.556377
-0.005239,0.505710,0.644729,0.305818,-0.270278,-0.650643,-0.574311
-0.127496,0.350415,0.505549,0.215832,-0.289047,-0.598842,-0.448686
0.093721,0.677060,0.890712,0.571027,-0.046606,-0.501365,-0.475333
-0.004154,0.563309,0.796403,0.504786,-0.094790,-0.544346,-0.517057
-0.043651,0.527002,0.767168,0.486470,-0.096425,-0.530428,-0.499450
-0.033133,0.524634,0.754963,0.469402,-0.115379,-0.552226,-0.522109
-0.057617,0.499321,0.726879,0.436625,-0.154757,-0.597160,-0.566683
-0.095966,0.470072,0.702747,0.410728,-0.187275,-0.636238,-0.616161
-0.163555,0.383572,0.615101,0.348328,-0.206100,-0.614811,-0.584152
-0.160126,0.340134,0.535965,0.262154,-0.274826,-0.648651,-0.563889
-0.066734,0.498161,0.713097,0.399597,-0.212860,-0.663445,-0.626411
-0.138458,0.444679,0.690384,0.409332,-0.178787,-0.632599,-0.672997
-0.356476,0.036308,0.191132,-0.030495,-0.449310,-0.708954,-0.604797
-0.229042,0.153091,0.260223,-0.010620,-0.459648,-0.718964,-0.576378
-0.125450,0.332130,0.475906,0.185684,-0.322617,-0.639709,-0.494827
0.048225,0.636116,0.857216,0.544914,-0.064423,-0.513885,-0.483582
-0.010124,0.556664,0.790077,0.502678,-0.089790,-0.533279,-0.505836
-0.038147,0.522942,0.750702,0.455757,-0.143204,-0.587257,-0.552559
-0.072777,0.503212,0.746727,0.468369,-0.113182,-0.548782,-0.517433
-0.052689,0.504494,0.732292,0.443253,-0.145950,-0.585220,-0.553589
-0.083694,0.478607,0.705627,0.408974,-0.190689,-0.635437,-0.599464
-0.117439,0.460793,0.704567,0.418663,-0.176216,-0.632820,-0.654495
-0.289154,0.156876,0.334160,0.089859,-0.380745,-0.689766,-0.590591
-0.154335,0.314087,0.474472,0.188011,-0.333160,-0.674728,-0.564827
-0.064240,0.486465,0.693207,0.390144,-0.195374,-0.619259,-0.588009
-0.152660,0.362720,0.573536,0.316521,-0.203819,-0.570942,-0.509823
-0.075157,0.419025,0.601013,0.317383,-0.221519,-0.591404,-0.498837
0.006050,0.574680,0.790375,0.475662,-0.138985,-0.590771,-0.554943
-0.069164,0.514729,0.763134,0.480835,-0.114388,-0.564510,-0.540710
-0.071733,0.496487,0.734249,0.449221,-0.141867,-0.583981,-0.552242
-0.078327,0.488928,0.719875,0.424191,-0.178429,-0.625128,-0.590115
-0.105135,0.476994,0.722679,0.437691,-0.158236,-0.611979,-0.608362
-0.185740,0.331684,0.550388,0.295332,-0.229902,-0.600891,-0.520157
-0.029926,0.528097,0.740126,0.426668,-0.182821,-0.629488,-0.590538
-0.104586,0.475574,0.717360,0.428507,-0.171249,-0.619019,-0.588972
-0.111847,0.463480,0.704380,0.419535,-0.171364,-0.636724,-0.737389
-0.579208,-0.413597,-0.431074,-0.657312,-0.906775,-0.906754,-0.563820
-0.045223,0.370013,0.436674,0.103247,-0.393167,-0.669168,-0.521648
-0.063875,0.398518,0.549011,0.271290,-0.222691,-0.527550,-0.376427
0.164978,0.746338,0.958992,0.637337,0.020660,-0.431198,-0.399376
0.076553,0.644798,0.874756,0.577087,-0.024590,-0.473305,-0.442268
0.033867,0.607208,0.847099,0.561234,-0.033630,-0.481461,-0.455399
0.013855,0.581367,0.818405,0.536552,-0.047493,-0.482643,-0.450851
0.014305,0.570923,0.794235,0.496841,-0.100647,-0.545204,-0.511009
-0.034668,0.536942,0.774147,0.483673,-0.113785,-0.560265,-0.530907
-0.056419,0.516281,0.758484,0.474915,-0.116676,-0.584686,-0.682129
-0.500252,-0.293594,-0.276276,-0.500290,-0.778824,-0.823250,-0.506790
0.025604,0.475983,0.566704,0.221947,-0.313057,-0.635117,-0.515663
-0.050552,0.439629,0.612762,0.335968,-0.177597,-0.523346,-0.454742
-0.048798,0.386642,0.526062,0.249084,-0.232437,-0.521042,-0.358688
0.183090,0.755051,0.949615,0.605133,-0.031204,-0.491806,-0.454971
0.037659,0.626373,0.873672,0.588303,-0.010956,-0.464096,-0.443329
0.024597,0.594696,0.838196,0.561783,-0.024704,-0.470078,-0.449402
0.009613,0.563080,0.785248,0.487671,-0.109009,-0.547882,-0.509033
-0.028076,0.544189,0.778137,0.483475,-0.116196,-0.563881,-0.532791
-0.055611,0.517807,0.758759,0.472984,-0.119827,-0.565598,-0.539444
-0.069115,0.495567,0.727867,0.437431,-0.154129,-0.591835,-0.555717
-0.080399,0.485321,0.712791,0.413666,-0.187481,-0.632717,-0.596256
-0.113747,0.464962,0.707256,0.421844,-0.173527,-0.619881,-0.592337
-0.119644,0.453243,0.699542,0.423954,-0.160705,-0.621836,-0.689991
-0.423434,-0.083076,0.043250,-0.171430,-0.553066,-0.758285,-0.589443
-0.143732,0.291092,0.413309,0.115400,-0.384882,-0.694014,-0.582249
-0.136457,0.336536,0.501448,0.227276,-0.276846,-0.612263,-0.537294
-0.128946,0.314754,0.464317,0.190569,-0.299459,-0.603325,-0.456083
0.080507,0.654179,0.856300,0.523245,-0.103724,-0.559912,-0.523569
-0.034353,0.551962,0.799831,0.517975,-0.076818,-0.529448,-0.522787
-0.087395,0.446571,0.674814,0.413565,-0.135401,-0.539684,-0.489021
-0.017849,0.532032,0.741850,0.428152,-0.180595,-0.626530,-0.583920
-0.091419,0.494255,0.740524,0.453182,-0.146061,-0.596252,-0.569588
-0.094837,0.481060,0.729362,0.454777,-0.129868,-0.578297,-0.576252
-0.158127,0.349953,0.550613,0.269859,-0.280830,-0.667267,-0.590118
-0.097565,0.465698,0.684883,0.385361,-0.208366,-0.647217,-0.630798
-0.207199,0.301422,0.512390,0.256508,-0.264656,-0.639412,-0.606361
-0.233673,0.176666,0.301003,0.018883,-0.456955,-0.741844,-0.616806
-0.178352,0.271744,0.415932,0.134911,-0.358414,-0.669434,-0.565407
-0.134125,0.325470,0.481995,0.209274,-0.285591,-0.609879,-0.527794
-0.123138,0.311050,0.458992,0.196342,-0.274883,-0.565002,-0.410984
0.120602,0.685394,0.876766,0.535007,-0.094730,-0.546825,-0.503498
-0.007366,0.579941,0.825859,0.539131,-0.059513,-0.510101,-0.485794
-0.016327,0.553352,0.796455,0.519638,-0.064301,-0.506176,-0.483002
-0.023445,0.527622,0.745453,0.442627,-0.156326,-0.594517,-0.551075
-0.063610,0.514137,0.750595,0.458412,-0.140739,-0.587917,-0.556313
-0.079597,0.495312,0.738728,0.457344,-0.132084,-0.575485,-0.548927
-0.081123,0.484959,0.725483,0.448082,-0.136429,-0.595463,-0.663494
-0.397797,-0.059273,0.065231,-0.149300,-0.529816,-0.735882,-0.581554
-0.167809,0.230465,0.336983,0.054783,-0.406490,-0.676968,-0.554245
-0.150333,0.242100,0.338917,0.052967,-0.398350,-0.649195,-0.500191
-0.056574,0.382025,0.507967,0.211783,-0.284853,-0.580622,-0.414617
0.139582,0.724833,0.932559,0.599185,-0.031041,-0.491444,-0.460263
0.024803,0.608953,0.859550,0.583315,-0.003962,-0.455017,-0.452665
-0.029367,0.491632,0.713854,0.454447,-0.086842,-0.482548,-0.429255
0.039633,0.583334,0.787996,0.474070,-0.131008,-0.569407,-0.524223
-0.036015,0.543444,0.783545,0.495945,-0.099651,-0.549170,-0.538445
-0.104883,0.422390,0.644979,0.380088,-0.165646,-0.570628,-0.550928
-0.158278,0.303077,0.472086,0.199051,-0.309802,-0.642086,-0.516160
0.009084,0.586171,0.801454,0.483399,-0.132605,-0.588666,-0.572701
-0.128084,0.412102,0.642605,0.383600,-0.161182,-0.568153,-0.561165
-0.200641,0.204473,0.330466,0.058774,-0.400875,-0.665836,-0.485895
0.064547,0.635344,0.823878,0.474434,-0.163883,-0.623495,-0.581745
-0.082281,0.514197,0.770190,0.493455,-0.099186,-0.554565,-0.559414
-0.146164,0.363920,0.581205,0.329622,-0.196081,-0.578281,-0.536007
-0.116108,0.366383,0.540699,0.251429,-0.287193,-0.648977,-0.544468
-0.026768,0.553591,0.777004,0.468962,-0.140047,-0.591133,-0.559494
-0.080791,0.495113,0.739513,0.460083,-0.127411,-0.571827,-0.547253
-0.083366,0.482742,0.726223,0.455654,-0.120132,-0.558807,-0.538311
-0.084328,0.461224,0.675556,0.373177,-0.224346,-0.663063,-0.619152
-0.131218,0.450916,0.698566,0.418457,-0.171661,-0.618668,-0.603485
-0.156715,0.389519,0.625038,0.363190,-0.193192,-0.623367,-0.669640
-0.390190,-0.046829,0.072701,-0.152626,-0.545792,-0.760475,-0.608833
-0.192856,0.207634,0.313423,0.030502,-0.428551,-0.694878,-0.571938
-0.184418,0.160534,0.201527,-0.112377,-0.545464,-0.740143,-0.524727
-0.051434,0.340397,0.368248,-0.003626,-0.503941,-0.734961,-0.478408
0.147944,0.770507,0.981994,0.639645,-0.001433,-0.474548,-0.481357
-0.074944,0.421520,0.634089,0.392471,-0.106764,-0.464706,-0.425755
-0.050179,0.378616,0.539764,0.294086,-0.170097,-0.465950,-0.331303
0.180099,0.726845,0.910088,0.570030,-0.054108,-0.499695,-0.454803
0.038963,0.623917,0.869446,0.587219,-0.005020,-0.452209,-0.432350
0.026848,0.587311,0.827141,0.554893,-0.020622,-0.460014,-0.451965
-0.029861,0.480186,0.675934,0.381516,-0.185661,-0.591385,-0.548981
-0.115273,0.388710,0.587242,0.320015,-0.207520,-0.580795,-0.546272
-0.181900,0.210419,0.318848,0.041473,-0.410133,-0.665169,-0.521294
-0.093498,0.304047,0.382477,0.067558,-0.405632,-0.655685,-0.459015
0.087486,0.638748,0.816711,0.483170,-0.118889,-0.544533,-0.517967
-0.103867,0.379707,0.573654,0.322380,-0.174690,-0.521690,-0.469940
-0.088501,0.338287,0.494530,0.246925,-0.213303,-0.503273,-0.360840
0.154381,0.702950,0.883125,0.538086,-0.089043,-0.535622,-0.487816
0.008850,0.596687,0.844101,0.561783,-0.031517,-0.479744,-0.458961
0.002121,0.563499,0.804222,0.530914,-0.045639,-0.483139,-0.463440
-0.010262,0.541321,0.773331,0.498230,-0.079132,-0.515465,-0.493629
-0.041260,0.502689,0.718357,0.421200,-0.169205,-0.605755,-0.590961
-0.170937,0.332188,0.537701,0.276413,-0.247181,-0.621424,-0.583954
-0.200056,0.226265,0.367408,0.096073,-0.381783,-0.691154,-0.645056
-0.377603,-0.168199,-0.217517,-0.524165,-0.858206,-0.910748,-0.580835
-0.062441,0.319392,0.325620,-0.048141,-0.528833,-0.744312,-0.534863
-0.080172,0.280537,0.289272,-0.061489,-0.507671,-0.676266,-0.373489
0.273258,0.891594,1.087162,0.729019,0.079109,-0.392998,-0.367569
0.109833,0.683441,0.917725,0.624336,0.022995,-0.431267,-0.425255
0.002640,0.526230,0.748093,0.491249,-0.045547,-0.437782,-0.390831
0.056145,0.580086,0.789581,0.510719,-0.048874,-0.457848,-0.409889
0.058594,0.606766,0.816841,0.509247,-0.088585,-0.528603,-0.502602
-0.053917,0.481499,0.701412,0.428970,-0.126202,-0.535660,-0.523331
-0.154587,0.255733,0.375156,0.091091,-0.380825,-0.662827,-0.538834
-0.120968,0.274544,0.350975,0.034077,-0.443020,-0.702803,-0.544090
-0.083033,0.362106,0.476954,0.164898,-0.342573,-0.650045,-0.544456
-0.146780,0.229710,0.299988,-0.000534,-0.441868,-0.657425,-0.450989
0.058315,0.543427,0.673443,0.349041,-0.193150,-0.546768,-0.483990
-0.098469,0.316750,0.454693,0.196774,-0.257061,-0.532887,-0.422321
-0.029499,0.349976,0.431011,0.133308,-0.321850,-0.562840,-0.372837
0.145569,0.663116,0.825256,0.504349,-0.062729,-0.446884,-0.359695
0.146683,0.720673,0.946541,0.646767,0.042992,-0.411728,-0.394455
0.063156,0.618134,0.841782,0.546654,-0.049572,-0.490929,-0.458454
0.016174,0.587055,0.829388,0.550831,-0.035816,-0.480381,-0.460850
-0.003929,0.552336,0.788008,0.511642,-0.069895,-0.510367,-0.490686
-0.036541,0.511120,0.729484,0.433048,-0.158599,-0.596381,-0.578903
-0.158176,0.330997,0.510967,0.229254,-0.296017,-0.655312,-0.605949
-0.245426,0.109890,0.167995,-0.141636,-0.588074,-0.819401,-0.710609
-0.463051,-0.357330,-0.517166,-0.854179,-1.116699,-1.034855,-0.558094
0.072605,0.509052,0.509800,0.091515,-0.445034,-0.693409,-0.451134
0.136656,0.690735,0.846096,0.498934,-0.088297,-0.469957,-0.362709
0.169395,0.764974,1.001483,0.701501,0.091653,-0.371039,-0.359723
0.095880,0.649847,0.874438,0.582198,-0.006290,-0.442918,-0.410649
0.054005,0.610111,0.840734,0.559358,-0.018362,-0.451154,-0.421918
0.038756,0.591895,0.821537,0.539190,-0.044371,-0.483925,-0.461382
-0.005384,0.546062,0.772076,0.482239,-0.110691,-0.555607,-0.529583
-0.063286,0.500324,0.733521,0.446896,-0.143822,-0.584595,-0.555428
-0.089920,0.465096,0.689781,0.400597,-0.183868,-0.624290,-0.639702
-0.297455,0.094452,0.211281,-0.059715,-0.509865,-0.765396,-0.617104
-0.172226,0.257874,0.366623,0.060257,-0.428864,-0.713257,-0.577957
-0.129349,0.313232,0.432373,0.127533,-0.372803,-0.685898,-0.618088
-0.289093,0.029144,0.095428,-0.161163,-0.538437,-0.709061,-0.511810
-0.072136,0.330330,0.424377,0.129814,-0.334938,-0.596169,-0.447701
0.002213,0.443130,0.563553,0.262871,-0.235306,-0.530647,-0.369118
0.175758,0.755676,0.964943,0.643837,0.025764,-0.432373,-0.410683
0.055214,0.618408,0.853127,0.566040,-0.027107,-0.478111,-0.471802
-0.039696,0.486130,0.703362,0.433159,-0.114922,-0.509537,-0.448326
0.031342,0.587677,0.806808,0.510147,-0.082710,-0.522675,-0.492729
-0.027435,0.532249,0.762527,0.474953,-0.115723,-0.558411,-0.531158
-0.065590,0.493393,0.721016,0.430840,-0.155594,-0.596992,-0.602631
-0.238007,0.179962,0.308929,0.029442,-0.444748,-0.738770,-0.669647
-0.391098,-0.193146,-0.265533,-0.587204,-0.917587,-0.954765,-0.608650
-0.082993,0.302147,0.310669,-0.063744,-0.548012,-0.763123,-0.531822
-0.015442,0.427872,0.494995,0.141510,-0.363068,-0.615906,-0.385876
0.223946,0.840862,1.056507,0.718269,0.077343,-0.396606,-0.378864
0.090923,0.661875,0.902317,0.618942,0.025562,-0.424709,-0.404984
0.056030,0.615366,0.846256,0.562216,-0.020098,-0.453535,-0.421032
0.043855,0.600193,0.830071,0.545029,-0.039251,-0.476587,-0.450872
0.009245,0.561838,0.789965,0.502218,-0.084736,-0.525692,-0.499651
-0.036272,0.521513,0.747955,0.452682,-0.145622,-0.592937,-0.571232
-0.121906,0.408298,0.611332,0.323162,-0.232933,-0.625713,-0.578289
-0.162067,0.290417,0.427200,0.124199,-0.387978,-0.701073,-0.547340
0.001549,0.589378,0.800659,0.469849,-0.161728,-0.625397,-0.593529
-0.105812,0.480011,0.728378,0.446053,-0.145287,-0.607185,-0.688797
-0.498077,-0.310966,-0.341347,-0.607727,-0.899895,-0.936340,-0.661751
-0.313408,-0.174248,-0.348831,-0.728806,-1.039764,-1.003002,-0.578728
0.005821,0.445385,0.515633,0.182816,-0.302262,-0.547514,-0.321693
0.278092,0.883099,1.087916,0.743824,0.104910,-0.361195,-0.330799
0.151516,0.731945,0.975906,0.692104,0.097309,-0.355347,-0.338001
0.120651,0.677628,0.904228,0.610062,0.010880,-0.437332,-0.409706
0.063049,0.634010,0.871544,0.589195,0.004646,-0.432961,-0.403618
0.060089,0.617203,0.846878,0.560654,-0.025780,-0.466225,-0.440659
0.020279,0.573685,0.796761,0.501076,-0.098625,-0.544403,-0.513367
-0.038200,0.533218,0.773163,0.486389,-0.110340,-0.566837,-0.588417
-0.236664,0.173435,0.301445,0.027851,-0.431728,-0.701500,-0.571236
-0.153992,0.243839,0.326477,0.014757,-0.459158,-0.707972,-0.492495
0.098045,0.698803,0.903341,0.556072,-0.091822,-0.564840,-0.535406
-0.046198,0.544016,0.795752,0.516748,-0.072285,-0.524094,-0.539080
-0.162247,0.301015,0.487539,0.236739,-0.256923,-0.586859,-0.473264
0.035851,0.596951,0.799321,0.472378,-0.148525,-0.601626,-0.564171
-0.074824,0.511629,0.759640,0.475976,-0.121577,-0.573030,-0.550546
-0.081896,0.486002,0.726376,0.446867,-0.135822,-0.570591,-0.539389
-0.073822,0.482235,0.704037,0.403198,-0.197685,-0.640713,-0.604008
-0.121258,0.456711,0.696323,0.407280,-0.190712,-0.637711,-0.607872
-0.131920,0.442238,0.685890,0.409645,-0.171768,-0.607216,-0.576675
-0.111763,0.445602,0.671631,0.379883,-0.213959,-0.653900,-0.620003
-0.144913,0.423523,0.656616,0.363068,-0.235466,-0.680061,-0.645889
-0.164665,0.412773,0.657730,0.375946,-0.216812,-0.685944,-0.797195
-0.672913,-0.576050,-0.670395,-0.934692,-1.157364,-1.080948,-0.646683
-0.050255,0.404984,0.476128,0.119781,-0.408127,-0.709473,-0.575340
-0.117149,0.351517,0.511169,0.239594,-0.249260,-0.559792,-0.443565
0.025177,0.527721,0.705284,0.416275,-0.119179,-0.479805,-0.379059
0.128054,0.694969,0.905039,0.585711,-0.032549,-0.486956,-0.453739
0.028461,0.607816,0.849757,0.562993,-0.034714,-0.489262,-0.485484
-0.059792,0.461632,0.681348,0.421417,-0.118431,-0.507824,-0.443389
0.040446,0.598960,0.814390,0.505272,-0.101883,-0.549183,-0.513796
-0.031391,0.546223,0.785473,0.493120,-0.108158,-0.558424,-0.529882
-0.052303,0.523462,0.766741,0.483269,-0.110188,-0.558559,-0.532049
-0.061365,0.506594,0.742140,0.457845,-0.130565,-0.567096,-0.532758
-0.060177,0.501848,0.726633,0.424842,-0.176992,-0.621936,-0.584208
-0.099470,0.480466,0.723002,0.435870,-0.160229,-0.608282,-0.579495
-0.104595,0.469500,0.715039,0.436744,-0.151576,-0.610477,-0.661776
-0.358990,0.021164,0.167374,-0.059847,-0.478342,-0.725952,-0.589355
-0.154113,0.285969,0.419253,0.129383,-0.369774,-0.683653,-0.580501
-0.146170,0.316442,0.476931,0.205218,-0.289630,-0.604135,-0.465481
0.066508,0.642457,0.850746,0.527706,-0.089338,-0.538626,-0.502283
-0.019907,0.554748,0.790084,0.494833,-0.105413,-0.552702,-0.522190
-0.044611,0.529198,0.768585,0.483212,-0.110178,-0.555553,-0.527052
-0.056347,0.510653,0.745251,0.459038,-0.128342,-0.564830,-0.529473
-0.056860,0.504220,0.728069,0.427302,-0.175469,-0.618414,-0.580657
-0.094915,0.484062,0.726624,0.439517,-0.156559,-0.603612,-0.574812
-0.099899,0.473232,0.717815,0.440524,-0.145824,-0.588124,-0.563406
-0.098398,0.459058,0.683229,0.384742,-0.211859,-0.649660,-0.606801
-0.119907,0.457286,0.695154,0.402425,-0.197262,-0.643005,-0.608995
-0.128914,0.448364,0.692179,0.410225,-0.180740,-0.626635,-0.609375
-0.160542,0.379919,0.600937,0.320820,-0.245850,-0.653988,-0.593456
-0.104675,0.465595,0.690746,0.387367,-0.217991,-0.663486,-0.624348
-0.138203,0.443130,0.687057,0.402287,-0.192448,-0.644024,-0.645088
-0.233940,0.272125,0.488369,0.242603,-0.270481,-0.633335,-0.549423
-0.059940,0.495392,0.699879,0.381882,-0.229168,-0.670540,-0.622429
-0.128376,0.457867,0.700798,0.412106,-0.185535,-0.633160,-0.601990
-0.125706,0.450745,0.695690,0.418762,-0.167225,-0.608185,-0.581161
-0.115818,0.443924,0.668411,0.371216,-0.224106,-0.661610,-0.618458
-0.131271,0.446217,0.684376,0.391937,-0.206486,-0.650970,-0.616692
-0.135368,0.442169,0.686237,0.404537,-0.186172,-0.628883,-0.599686
-0.127304,0.444302,0.690308,0.415405,-0.166618,-0.612442,-0.611717
-0.200752,0.298286,0.493893,0.214985,-0.328987,-0.712669,-0.656216
-0.217365,0.284893,0.479786,0.210915,-0.313347,-0.679455,-0.629028
-0.231312,0.212612,0.372177,0.115191,-0.358219,-0.652445,-0.500526
0.033870,0.603420,0.800490,0.462437,-0.165569,-0.616916,-0.570884
-0.072061,0.519874,0.769411,0.483349,-0.114626,-0.564545,-0.538591
-0.065527,0.507720,0.751436,0.473282,-0.112951,-0.561001,-0.569326
-0.180031,0.293629,0.484598,0.232346,-0.265688,-0.600927,-0.490635
0.015209,0.574051,0.775162,0.448929,-0.169315,-0.614895,-0.569984
-0.074226,0.514675,0.763157,0.478981,-0.116150,-0.564228,-0.538399
-0.068390,0.502804,0.748398,0.474052,-0.108402,-0.549782,-0.526108
-0.065071,0.488445,0.707729,0.407330,-0.190197,-0.626965,-0.581131
-0.091293,0.488811,0.728584,0.438713,-0.159126,-0.604019,-0.572098
-0.094093,0.482094,0.727753,0.451530,-0.132790,-0.577957,-0.570740
-0.147476,0.362755,0.561638,0.275223,-0.282059,-0.680893,-0.657028
-0.275871,0.165337,0.332947,0.085899,-0.377655,-0.674820,-0.573654
-0.154961,0.288246,0.436348,0.166039,-0.316673,-0.625984,-0.542725
-0.174988,0.173798,0.226395,-0.078941,-0.514290,-0.710228,-0.449196
0.164986,0.767677,0.958504,0.594696,-0.061768,-0.531570,-0.493088
0.006058,0.603180,0.856857,0.576843,-0.019058,-0.469864,-0.449692
0.016663,0.583252,0.827179,0.555084,-0.025146,-0.466293,-0.445328
0.010086,0.557037,0.769806,0.464890,-0.133194,-0.569565,-0.523346
-0.033127,0.546356,0.786499,0.496979,-0.100525,-0.546066,-0.517731
-0.044266,0.528397,0.771530,0.494751,-0.089142,-0.530975,-0.506775
-0.044250,0.516602,0.755844,0.482056,-0.095963,-0.532928,-0.508804
-0.053177,0.494003,0.707977,0.405243,-0.191650,-0.627800,-0.582336
-0.093834,0.484947,0.726334,0.439049,-0.153305,-0.599602,-0.585670
-0.146980,0.383430,0.604256,0.336647,-0.212753,-0.616478,-0.597481
-0.223099,0.185989,0.291512,-0.015114,-0.504478,-0.777390,-0.592606
-0.039307,0.532379,0.731583,0.411278,-0.190346,-0.624336,-0.606026
-0.197174,0.289040,0.489517,0.244728,-0.247864,-0.593346,-0.546906
-0.190254,0.185623,0.285576,0.014465,-0.423126,-0.653526,-0.443253
0.124542,0.699837,0.884026,0.527336,-0.114265,-0.572250,-0.529877
-0.030777,0.562401,0.816093,0.538048,-0.051994,-0.499916,-0.480789
-0.020348,0.539398,0.777550,0.500710,-0.078362,-0.514435,-0.489426
-0.031944,0.516083,0.729935,0.427063,-0.170952,-0.606255,-0.560921
-0.073540,0.504128,0.744408,0.456997,-0.135475,-0.579941,-0.550533
-0.079906,0.488979,0.728374,0.447891,-0.136734,-0.576351,-0.553864
-0.110596,0.406769,0.596100,0.300217,-0.256683,-0.643419,-0.565590
-0.071392,0.488615,0.699684,0.386260,-0.220259,-0.667886,-0.657223
-0.240307,0.262681,0.473927,0.225164,-0.283080,-0.646014,-0.607100
-0.242277,0.152455,0.269144,-0.000038,-0.447426,-0.701208,-0.536551
-0.041285,0.462160,0.619140,0.298031,-0.266284,-0.646695,-0.573339
-0.116777,0.396180,0.593846,0.321844,-0.207489,-0.582543,-0.542950
-0.155004,0.288016,0.455463,0.206273,-0.265283,-0.575265,-0.481939
-0.053454,0.411163,0.576555,0.302849,-0.205708,-0.543574,-0.432960
0.073194,0.632330,0.834703,0.509712,-0.104380,-0.550741,-0.510519
-0.023323,0.557085,0.802031,0.519226,-0.071621,-0.520342,-0.510786
-0.076435,0.454548,0.679831,0.417603,-0.128427,-0.528826,-0.477246
-0.007120,0.539768,0.746620,0.434869,-0.167070,-0.603331,-0.557978
-0.069595,0.509066,0.750334,0.464871,-0.126650,-0.571147,-0.547633
-0.095539,0.437402,0.642167,0.352778,-0.211365,-0.611144,-0.551126
-0.096066,0.393917,0.527803,0.176989,-0.400143,-0.772722,-0.685730
-0.229311,0.271805,0.463614,0.204384,-0.296652,-0.639746,-0.586056
-0.231987,0.122791,0.195992,-0.090883,-0.518679,-0.729597,-0.534184
-0.065083,0.352869,0.426130,0.091431,-0.405264,-0.668846,-0.460194
0.126505,0.726382,0.929070,0.582892,-0.058065,-0.529098,-0.526999
-0.104918,0.407074,0.624291,0.374586,-0.142427,-0.516025,-0.481836
-0.099255,0.339418,0.503528,0.252975,-0.219937,-0.522482,-0.390543
0.121109,0.672014,0.856461,0.515656,-0.107273,-0.553596,-0.505527
-0.009579,0.577545,0.825237,0.542221,-0.050791,-0.498734,-0.477665
-0.017263,0.541475,0.776669,0.499832,-0.076308,-0.510459,-0.482559
-0.023200,0.529623,0.758959,0.478273,-0.100703,-0.536682,-0.509614
-0.050099,0.500931,0.720681,0.425620,-0.163685,-0.598170,-0.566684
-0.106688,0.441897,0.668999,0.391973,-0.176529,-0.600163,-0.591127
-0.204153,0.242792,0.398510,0.125011,-0.366711,-0.687870,-0.608536
-0.213425,0.208385,0.343105,0.072250,-0.398293,-0.684792,-0.563297
-0.126423,0.315273,0.438435,0.136578,-0.364693,-0.675785,-0.576706
-0.185478,0.188538,0.258324,-0.041706,-0.482544,-0.691742,-0.447756
0.152470,0.752073,0.956440,0.615826,-0.021574,-0.491043,-0.470797
0.000505,0.569069,0.802275,0.509792,-0.087715,-0.535219,-0.512737
-0.058743,0.490726,0.724556,0.456141,-0.103840,-0.519041,-0.475294
-0.005116,0.552565,0.782804,0.498129,-0.088713,-0.528578,-0.504387
-0.043816,0.509235,0.730988,0.436932,-0.153334,-0.585842,-0.545563
-0.068066,0.500782,0.735260,0.448929,-0.139542,-0.578087,-0.550629
-0.093647,0.446091,0.657589,0.367054,-0.205063,-0.617622,-0.562458
-0.078026,0.490864,0.725380,0.439095,-0.151283,-0.600510,-0.602180
-0.196518,0.297264,0.491570,0.218208,-0.314407,-0.689766,-0.643631
-0.255043,0.162262,0.280815,-0.004112,-0.474907,-0.748947,-0.614120
-0.184532,0.224556,0.313461,0.003082,-0.475372,-0.739418,-0.574181
-0.082245,0.414978,0.574585,0.273674,-0.260864,-0.617638,-0.556007
-0.173576,0.219063,0.319023,0.034229,-0.413982,-0.651981,-0.457047
0.074066,0.604225,0.771053,0.446987,-0.130051,-0.522114,-0.438833
0.068556,0.646496,0.876287,0.579433,-0.022413,-0.475208,-0.462856
-0.019884,0.516701,0.733856,0.448917,-0.121573,-0.538399,-0.506024
-0.068595,0.448834,0.658736,0.391036,-0.147717,-0.530159,-0.459811
0.025980,0.586432,0.808671,0.511179,-0.084455,-0.528152,-0.501897
-0.035377,0.523568,0.749206,0.455091,-0.135236,-0.571713,-0.544157
-0.094896,0.433285,0.639194,0.354847,-0.200397,-0.593313,-0.524544
-0.045191,0.496199,0.694679,0.388311,-0.195591,-0.614950,-0.580193
-0.151134,0.337505,0.509132,0.214272,-0.320118,-0.679653,-0.612953
-0.216694,0.191608,0.295368,0.001656,-0.464184,-0.719643,-0.555668
-0.082558,0.369640,0.480740,0.158136,-0.357836,-0.671776,-0.566732
-0.147133,0.282331,0.413883,0.139875,-0.328918,-0.613692,-0.487570
-0.040260,0.423479,0.572372,0.282318,-0.226809,-0.556447,-0.463069
-0.025747,0.447623,0.616798,0.342930,-0.164818,-0.498959,-0.382706
0.127071,0.691748,0.904484,0.595604,-0.010345,-0.459393,-0.434544
0.029594,0.586170,0.809452,0.513969,-0.078697,-0.514572,-0.475685
0.001396,0.570797,0.809719,0.528755,-0.054405,-0.494541,-0.470619
-0.012276,0.544422,0.777596,0.500710,-0.078409,-0.516487,-0.492479
-0.035997,0.515930,0.743402,0.455990,-0.131599,-0.573180,-0.545797
-0.084011,0.466344,0.686407,0.397521,-0.179802,-0.601436,-0.568934
-0.142110,0.336501,0.489402,0.180871,-0.356315,-0.713737,-0.668373
-0.346954,-0.061623,-0.063066,-0.376010,-0.764165,-0.882058,-0.562218
0.037991,0.553610,0.646469,0.252053,-0.342900,-0.702876,-0.598521
-0.157138,0.276332,0.381582,0.078588,-0.393526,-0.642520,-0.429182
0.156298,0.755938,0.966198,0.633375,0.000763,-0.465916,-0.445841
0.025290,0.596605,0.837421,0.551495,-0.044403,-0.500088,-0.504269
-0.095253,0.400867,0.600403,0.338062,-0.179745,-0.534592,-0.437878
0.061344,0.622398,0.836441,0.528873,-0.071869,-0.515743,-0.485760
-0.015549,0.548027,0.780203,0.492561,-0.099169,-0.543879,-0.517647
-0.050171,0.511675,0.743120,0.456712,-0.126953,-0.559762,-0.523690
-0.054274,0.506567,0.737013,0.449619,-0.136976,-0.573663,-0.542407
-0.075809,0.485173,0.717717,0.433380,-0.153114,-0.593603,-0.566113
-0.101288,0.457939,0.685820,0.390030,-0.208782,-0.657562,-0.642181
-0.211807,0.293770,0.482185,0.201038,-0.329529,-0.694069,-0.646969
-0.286728,0.076126,0.145618,-0.153709,-0.595791,-0.816948,-0.636547
-0.184258,0.231701,0.323513,0.012093,-0.469334,-0.729500,-0.537956
-0.013123,0.479576,0.583916,0.216511,-0.350700,-0.684158,-0.521305
0.049318,0.658669,0.891262,0.579605,-0.034960,-0.492538,-0.468325
0.002028,0.570623,0.807768,0.524071,-0.067663,-0.513357,-0.489082
-0.023550,0.538321,0.767830,0.474621,-0.123600,-0.568878,-0.538326
-0.061682,0.511206,0.751637,0.467297,-0.122135,-0.563587,-0.533150
-0.061502,0.506432,0.742931,0.457628,-0.134708,-0.579039,-0.551449
-0.081646,0.483490,0.715265,0.420403,-0.180428,-0.628281,-0.599289
-0.142742,0.382900,0.571655,0.268364,-0.290009,-0.666485,-0.574574
-0.085957,0.440205,0.609932,0.283875,-0.293152,-0.678341,-0.580421
-0.057526,0.532871,0.764278,0.456348,-0.159382,-0.618103,-0.592072
-0.113064,0.466080,0.710762,0.427711,-0.162388,-0.613285,-0.635166
-0.292496,0.100800,0.218029,-0.054516,-0.504253,-0.766212,-0.663361
-0.335758,-0.063835,-0.063915,-0.358906,-0.725368,-0.835445,-0.537163
0.028008,0.534306,0.665777,0.324268,-0.242685,-0.606182,-0.502402
-0.023517,0.479320,0.636671,0.328622,-0.208109,-0.546547,-0.413062
0.123562,0.709956,0.928581,0.611868,-0.004780,-0.460524,-0.434496
0.037651,0.605087,0.836193,0.541630,-0.059898,-0.509441,-0.479214
-0.002903,0.570625,0.810699,0.527954,-0.056976,-0.493980,-0.462074
0.005157,0.565777,0.796974,0.511292,-0.074596,-0.513519,-0.484489
-0.020103,0.537697,0.765129,0.471817,-0.124557,-0.568977,-0.537575
-0.063995,0.505852,0.741322,0.451090,-0.146130,-0.601156,-0.615412
-0.258350,0.145294,0.259098,-0.024660,-0.482582,-0.742891,-0.623756
-0.273193,0.008780,-0.007721,-0.333641,-0.725870,-0.842924,-0.523232
0.087563,0.643940,0.798653,0.442066,-0.166214,-0.579456,-0.525951
-0.095901,0.361485,0.493351,0.191322,-0.306221,-0.603859,-0.485603
-0.057808,0.368042,0.486237,0.197029,-0.279991,-0.555351,-0.388664
0.137894,0.685005,0.867645,0.538727,-0.065598,-0.490562,-0.428177
0.075119,0.661690,0.901009,0.604805,-0.001289,-0.458290,-0.438393
0.027679,0.593002,0.830811,0.552650,-0.026764,-0.458305,-0.424904
0.040878,0.596153,0.819115,0.521362,-0.076485,-0.520424,-0.488548
-0.014503,0.554817,0.788780,0.497047,-0.100685,-0.547440,-0.518356
-0.045120,0.525368,0.764389,0.482559,-0.102432,-0.542419,-0.529091
-0.100761,0.415466,0.624184,0.349457,-0.199181,-0.590435,-0.520996
-0.033169,0.528336,0.743813,0.433769,-0.176239,-0.624405,-0.587910
-0.102444,0.478214,0.723419,0.437956,-0.157466,-0.631217,-0.749960
-0.645825,-0.587466,-0.720957,-1.000581,-1.204257,-1.095345,-0.667926
-0.181809,0.078217,-0.018637,-0.399757,-0.791010,-0.875835,-0.580849
-0.107803,0.266212,0.332085,0.052578,-0.354263,-0.530777,-0.262238
0.351540,0.951851,1.145172,0.791626,0.146271,-0.320358,-0.292450
0.184471,0.756615,0.990425,0.696548,0.096649,-0.354218,-0.332184
0.133072,0.694656,0.924820,0.632233,0.035583,-0.412064,-0.384857
0.084549,0.652176,0.889343,0.604675,0.012939,-0.436676,-0.425095
0.016144,0.551010,0.767426,0.482719,-0.090469,-0.508995,-0.457802
0.025604,0.594444,0.820107,0.518188,-0.089638,-0.541512,-0.511635
-0.032738,0.545303,0.789864,0.504723,-0.091370,-0.544304,-0.546730
-0.169167,0.230362,0.301987,-0.041149,-0.543255,-0.804363,-0.610821
-0.077152,0.457512,0.633705,0.321869,-0.241074,-0.619152,-0.522980
-0.014523,0.556675,0.777847,0.475397,-0.123190,-0.564924,-0.548439
-0.116983,0.400394,0.615137,0.354192,-0.178839,-0.578068,-0.607353
-0.341357,-0.026957,0.075592,-0.141167,-0.506316,-0.691295,-0.525849
-0.119646,0.260405,0.348860,0.061455,-0.394234,-0.651366,-0.512496
-0.084779,0.342952,0.473757,0.198022,-0.276397,-0.561872,-0.420826
0.068604,0.580899,0.755419,0.449716,-0.107169,-0.486102,-0.395680
0.109992,0.680365,0.893864,0.575981,-0.041820,-0.496747,-0.465022
0.016678,0.594563,0.837003,0.551712,-0.044534,-0.500563,-0.505086
-0.095428,0.409135,0.623873,0.373664,-0.144824,-0.513046,-0.437399
0.042896,0.588135,0.785532,0.461475,-0.153633,-0.599041,-0.553963
-0.061951,0.521286,0.762203,0.469555,-0.133972,-0.585476,-0.559143
-0.086678,0.484032,0.726212,0.446541,-0.140213,-0.603432,-0.688301
-0.473457,-0.210709,-0.142700,-0.355576,-0.674843,-0.788948,-0.546425
-0.070679,0.351906,0.445381,0.125824,-0.378334,-0.676651,-0.550278
-0.096840,0.372971,0.530823,0.249657,-0.254570,-0.586189,-0.505508
-0.094429,0.346107,0.492531,0.220551,-0.257957,-0.550423,-0.394821
0.139305,0.704666,0.895615,0.552452,-0.081596,-0.539925,-0.500824
-0.007896,0.580132,0.827751,0.542702,-0.056229,-0.511009,-0.503555
-0.064445,0.472221,0.701180,0.435760,-0.118324,-0.526703,-0.479118
-0.007103,0.544594,0.756210,0.446251,-0.157822,-0.598152,-0.555862
-0.069527,0.509048,0.747307,0.455933,-0.143394,-0.590752,-0.562248
-0.088600,0.484238,0.725601,0.443176,-0.145340,-0.589783,-0.563278
-0.097488,0.462708,0.687637,0.391846,-0.205002,-0.644028,-0.605316
-0.122543,0.450577,0.684418,0.388672,-0.212051,-0.660782,-0.641434
-0.194443,0.345184,0.570267,0.300034,-0.255859,-0.666016,-0.648499
-0.251160,0.220718,0.412872,0.165695,-0.325348,-0.680008,-0.696381
-0.476166,-0.253967,-0.232025,-0.465118,-0.771210,-0.860519,-0.632477
-0.245300,0.063202,0.101288,-0.171539,-0.550247,-0.714478,-0.525528
-0.123383,0.234085,0.313858,0.047134,-0.363647,-0.562607,-0.327049
0.254066,0.828857,1.004715,0.636833,-0.013931,-0.476120,-0.433052
0.065750,0.657639,0.903206,0.613190,0.011276,-0.442558,-0.419533
0.047684,0.616096,0.855980,0.576946,-0.010178,-0.459122,-0.471283
-0.083847,0.395767,0.598480,0.354916,-0.144291,-0.492432,-0.400795
0.085571,0.630962,0.823620,0.493885,-0.124905,-0.572010,-0.526661
-0.032433,0.555923,0.802883,0.517193,-0.081394,-0.539742,-0.545574
-0.137211,0.368027,0.583443,0.335865,-0.180988,-0.558327,-0.529793
-0.149876,0.283234,0.432076,0.155663,-0.340908,-0.663944,-0.581589
-0.179585,0.250027,0.393450,0.129255,-0.339579,-0.631229,-0.522659
-0.101524,0.340193,0.486811,0.216976,-0.265271,-0.576082,-0.491389
-0.111497,0.265919,0.350786,0.058849,-0.392541,-0.637601,-0.477983
-0.018969,0.433904,0.564215,0.260633,-0.252129,-0.574623,-0.471235
-0.029852,0.439732,0.602226,0.324669,-0.178917,-0.513817,-0.437378
-0.028561,0.416565,0.574360,0.311684,-0.170326,-0.476028,-0.339417
0.180771,0.739143,0.929024,0.589691,-0.036674,-0.487396,-0.443695
0.048897,0.633667,0.876083,0.586853,-0.012321,-0.468323,-0.471855
-0.061218,0.442360,0.657089,0.406876,-0.112610,-0.491585,-0.465660
-0.090294,0.340256,0.487518,0.210518,-0.283714,-0.592720,-0.446678
0.090683,0.668045,0.874802,0.545357,-0.079994,-0.535553,-0.501526
-0.016563,0.565544,0.813141,0.532967,-0.057228,-0.511169,-0.520454
-0.126259,0.358109,0.558701,0.307182,-0.201851,-0.578278,-0.611336
-0.385208,-0.127888,-0.061371,-0.272797,-0.592602,-0.722874,-0.530560
-0.149490,0.173435,0.222878,-0.056293,-0.458881,-0.650688,-0.479321
-0.096558,0.210464,0.215820,-0.104103,-0.512878,-0.672737,-0.431610
0.067139,0.518356,0.627487,0.309746,-0.200455,-0.496986,-0.325890
0.235298,0.825508,1.034225,0.700836,0.068626,-0.396683,-0.370377
0.106918,0.685303,0.934082,0.659943,0.073761,-0.378174,-0.387466
0.013565,0.510529,0.722595,0.473648,-0.045563,-0.419403,-0.355194
0.111801,0.646774,0.838882,0.515434,-0.093224,-0.534195,-0.502319
-0.042915,0.504097,0.728653,0.453972,-0.107323,-0.525787,-0.516518
-0.128357,0.335388,0.519455,0.269150,-0.222084,-0.562309,-0.511642
-0.150818,0.220406,0.299141,-0.006676,-0.472778,-0.721672,-0.543373
-0.042400,0.457909,0.618618,0.314873,-0.224422,-0.586887,-0.525055
-0.120934,0.321510,0.473728,0.208469,-0.270214,-0.576523,-0.494202
-0.124474,0.230183,0.293476,-0.002251,-0.436878,-0.664349,-0.535145
-0.182434,0.138767,0.202129,-0.059338,-0.446335,-0.628563,-0.456490
-0.073029,0.247368,0.275745,-0.026260,-0.433899,-0.611191,-0.408844
0.006569,0.325409,0.317070,-0.029129,-0.458107,-0.620399,-0.347519
0.219795,0.744789,0.886940,0.540359,-0.043373,-0.425484,-0.329430
0.174980,0.739204,0.956367,0.658714,0.072662,-0.363510,-0.361084
0.027115,0.495743,0.684647,0.435181,-0.060120,-0.409271,-0.370422
-0.026199,0.331482,0.414368,0.132172,-0.303719,-0.528549,-0.312767
0.255585,0.825531,1.001488,0.637596,-0.014084,-0.485985,-0.477913
-0.043083,0.481529,0.704399,0.450523,-0.077469,-0.465866,-0.446350
-0.084167,0.323547,0.455032,0.190712,-0.269470,-0.555481,-0.455002
-0.060455,0.343193,0.455994,0.167305,-0.309204,-0.597717,-0.489960
-0.096970,0.286583,0.374603,0.086754,-0.361557,-0.603577,-0.455597
-0.055000,0.286293,0.308014,-0.024025,-0.465332,-0.655472,-0.414085
0.115196,0.582016,0.671432,0.314621,-0.229412,-0.545784,-0.390434
0.145390,0.706573,0.900219,0.573410,-0.033707,-0.473167,-0.459324
-0.049049,0.437561,0.636459,0.385201,-0.117725,-0.472485,-0.429405
-0.060482,0.343170,0.467690,0.200378,-0.258856,-0.531242,-0.375280
0.133808,0.661663,0.830107,0.494932,-0.106786,-0.529166,-0.486671
-0.038241,0.483249,0.692286,0.422747,-0.116856,-0.509912,-0.485239
-0.106225,0.329889,0.490488,0.234507,-0.239876,-0.553638,-0.477734
-0.104601,0.270023,0.353104,0.057438,-0.401550,-0.655113,-0.500015
-0.039612,0.420494,0.557003,0.255653,-0.261730,-0.597591,-0.522095
-0.137638,0.245285,0.331703,0.038376,-0.411453,-0.650085,-0.486053
-0.048050,0.344948,0.405197,0.075188,-0.405136,-0.660316,-0.499001
-0.042206,0.405540,0.535660,0.244591,-0.247963,-0.553360,-0.452568
-0.042076,0.377365,0.500923,0.219963,-0.253784,-0.541519,-0.429085
-0.027573,0.357574,0.436424,0.133629,-0.326584,-0.563789,-0.350510
0.225143,0.804291,0.986427,0.625732,-0.021805,-0.485680,-0.450142
0.036324,0.615013,0.858253,0.577652,-0.009064,-0.457611,-0.468399
-0.093277,0.352661,0.516144,0.252274,-0.233826,-0.550415,-0.442162
0.019669,0.512436,0.675430,0.371986,-0.175812,-0.551590,-0.484398
-0.034935,0.470001,0.654823,0.362274,-0.188400,-0.576790,-0.543579
-0.166840,0.238708,0.351456,0.065674,-0.401123,-0.673157,-0.549042
-0.156464,0.189590,0.221924,-0.106445,-0.553864,-0.771515,-0.643326
-0.379486,-0.264481,-0.424896,-0.770309,-1.039215,-0.960770,-0.495216
0.112656,0.522575,0.508751,0.094582,-0.421280,-0.654053,-0.438316
0.044075,0.443932,0.483627,0.139091,-0.328293,-0.536476,-0.273930
0.347591,0.962406,1.171070,0.828823,0.183914,-0.296932,-0.288967
0.170143,0.728548,0.954596,0.661833,0.067934,-0.378952,-0.378340
0.026621,0.519676,0.723970,0.470236,-0.043949,-0.410852,-0.349541
0.092125,0.596149,0.787865,0.503101,-0.048674,-0.450867,-0.427444
-0.031124,0.427986,0.593777,0.313629,-0.202290,-0.553310,-0.490887
-0.089115,0.354900,0.510632,0.244938,-0.239071,-0.556515,-0.476440
-0.087460,0.310680,0.414124,0.124958,-0.343227,-0.615685,-0.482231
-0.055008,0.350746,0.435356,0.117767,-0.368820,-0.641922,-0.491539
-0.032875,0.407928,0.509682,0.184647,-0.325920,-0.625725,-0.505699
-0.094704,0.284233,0.344231,0.025711,-0.432495,-0.668671,-0.536377
-0.215759,-0.003506,-0.079323,-0.412247,-0.754765,-0.810837,-0.520569
-0.102016,0.166245,0.122461,-0.204144,-0.567776,-0.651632,-0.352789
0.127949,0.464629,0.431954,0.050879,-0.404850,-0.569246,-0.270140
0.334869,0.875706,1.003273,0.632450,0.033474,-0.351055,-0.243732
0.287441,0.878181,1.108902,0.803169,0.187599,-0.285652,-0.316063
0.054245,0.513931,0.698837,0.446396,-0.046967,-0.385422,-0.317413
0.092796,0.546120,0.704208,0.427155,-0.080841,-0.423042,-0.347023
0.082848,0.557617,0.728149,0.447807,-0.077118,-0.434158,-0.339622
0.155464,0.706558,0.903877,0.578747,-0.035488,-0.491772,-0.516075
-0.186562,0.188797,0.299953,0.040913,-0.383736,-0.619881,-0.497330
-0.163908,0.088367,0.048288,-0.286356,-0.671610,-0.794456,-0.577192
-0.259287,-0.130768,-0.304186,-0.674213,-0.968496,-0.907406,-0.440487
0.181416,0.597416,0.573002,0.143452,-0.379852,-0.604374,-0.359962
0.180130,0.650803,0.736229,0.379349,-0.151085,-0.461807,-0.363373
0.000816,0.333366,0.384506,0.099182,-0.303673,-0.485023,-0.284760
0.158829,0.546585,0.611389,0.291710,-0.177437,-0.422531,-0.249329
0.224106,0.670715,0.777206,0.451935,-0.066711,-0.375534,-0.223480
0.311020,0.878662,1.082596,0.764008,0.154251,-0.294678,-0.268768
0.195435,0.751068,0.975342,0.676910,0.074455,-0.388718,-0.429626
-0.115608,0.244385,0.340317,0.069107,-0.355888,-0.573822,-0.381470
0.106049,0.559807,0.656799,0.311401,-0.229134,-0.553764,-0.420265
0.084152,0.619102,0.810204,0.506279,-0.065456,-0.467896,-0.400772
0.090603,0.656582,0.875492,0.568836,-0.034910,-0.492514,-0.527895
-0.224983,0.105470,0.169218,-0.113344,-0.525145,-0.729982,-0.603735
-0.333043,-0.183912,-0.295883,-0.616745,-0.909195,-0.900984,-0.544079
-0.043867,0.325808,0.365885,0.050072,-0.389816,-0.593208,-0.371801
0.137680,0.589752,0.669443,0.310806,-0.222338,-0.517181,-0.328786
0.251494,0.854758,1.072499,0.744146,0.113014,-0.357098,-0.343370
0.117550,0.678734,0.908520,0.616539,0.017561,-0.434349,-0.412342
0.050934,0.611534,0.841728,0.554070,-0.033787,-0.474659,-0.459290
-0.027977,0.493149,0.706711,0.435799,-0.113960,-0.512199,-0.456528
0.015694,0.566612,0.780388,0.477432,-0.122627,-0.567764,-0.539032
-0.070053,0.493286,0.722305,0.427643,-0.172028,-0.629456,-0.650970
-0.300140,0.108093,0.237198,-0.031403,-0.485062,-0.750885,-0.635284
-0.263794,0.059433,0.081833,-0.239731,-0.666733,-0.837769,-0.553986
0.068100,0.665939,0.850998,0.486389,-0.164032,-0.628815,-0.594131
-0.133881,0.372955,0.525513,0.197083,-0.358826,-0.725037,-0.694244
-0.403870,-0.146332,-0.144073,-0.423065,-0.761963,-0.856415,-0.605164
-0.179352,0.158630,0.200531,-0.092957,-0.504837,-0.693161,-0.501724
-0.060989,0.344498,0.447388,0.158646,-0.306198,-0.565567,-0.384995
0.140671,0.668350,0.827835,0.491592,-0.095551,-0.490814,-0.401917
0.114944,0.701294,0.932571,0.628387,0.015350,-0.444611,-0.424728
0.042313,0.609558,0.844391,0.553513,-0.045334,-0.495148,-0.475952
-0.033997,0.471313,0.640884,0.327362,-0.230423,-0.600464,-0.507065
-0.014053,0.535004,0.744980,0.450974,-0.125580,-0.541565,-0.487854
-0.003891,0.559631,0.781021,0.474869,-0.134232,-0.585388,-0.552856
-0.071304,0.507416,0.749710,0.463318,-0.133026,-0.596954,-0.656158
-0.399307,-0.129105,-0.109390,-0.392593,-0.759079,-0.879913,-0.616699
-0.124344,0.291260,0.363174,0.032043,-0.458176,-0.724136,-0.559814
-0.076584,0.407104,0.563095,0.272247,-0.244492,-0.577774,-0.470413
-0.001678,0.495026,0.658005,0.357483,-0.178619,-0.533051,-0.448608
0.002304,0.497932,0.676460,0.389389,-0.148048,-0.513565,-0.416679
0.089539,0.658501,0.872559,0.555237,-0.061035,-0.515411,-0.485100
-0.004791,0.572693,0.813759,0.531998,-0.053909,-0.494820,-0.477516
-0.036476,0.495270,0.712517,0.435478,-0.127174,-0.536240,-0.485428
-0.009232,0.546608,0.763298,0.455444,-0.150459,-0.596504,-0.560852
-0.078171,0.500702,0.743156,0.457893,-0.138313,-0.593307,-0.605583
-0.228981,0.211594,0.361008,0.087128,-0.396179,-0.687508,-0.524902
0.022034,0.600113,0.802696,0.467178,-0.163193,-0.622749,-0.587776
-0.098930,0.487022,0.734543,0.448448,-0.149559,-0.600479,-0.574539
-0.103432,0.466904,0.704811,0.418953,-0.170013,-0.631516,-0.722488
-0.545929,-0.362106,-0.373268,-0.611809,-0.882256,-0.901077,-0.554359
0.001198,0.462807,0.554893,0.206612,-0.334816,-0.663239,-0.547161
-0.085377,0.404430,0.579159,0.303959,-0.207058,-0.542473,-0.430408
0.068390,0.617313,0.820311,0.518398,-0.063061,-0.479044,-0.423383
0.061522,0.626949,0.847275,0.541047,-0.067154,-0.515494,-0.482123
-0.002695,0.573918,0.815102,0.530520,-0.064041,-0.512539,-0.487139
-0.018536,0.547354,0.783773,0.503267,-0.079441,-0.514238,-0.482096
-0.016581,0.539413,0.761147,0.462185,-0.135876,-0.578062,-0.543468
-0.063793,0.508188,0.743816,0.452766,-0.145266,-0.592306,-0.560566
-0.083717,0.490351,0.732933,0.450726,-0.140495,-0.593483,-0.614511
-0.253418,0.180588,0.337166,0.077223,-0.398130,-0.690371,-0.531597
0.012526,0.592695,0.797358,0.463900,-0.166389,-0.626835,-0.589817
-0.096992,0.494860,0.748226,0.469870,-0.125353,-0.582308,-0.591642
-0.212132,0.217657,0.339777,0.034950,-0.465342,-0.769588,-0.674456
-0.292980,0.096775,0.217331,-0.031410,-0.453655,-0.690338,-0.548775
-0.133034,0.276001,0.393177,0.116642,-0.344887,-0.620506,-0.499962
-0.077705,0.355354,0.495338,0.225769,-0.248398,-0.535591,-0.375732
0.163574,0.735039,0.930084,0.589027,-0.045876,-0.507011,-0.468742
0.024338,0.614471,0.862198,0.575317,-0.025452,-0.479126,-0.456894
0.014420,0.586884,0.830811,0.550888,-0.039063,-0.485931,-0.461838
0.002533,0.564224,0.794525,0.506989,-0.081726,-0.517578,-0.482574
-0.009354,0.554276,0.780655,0.483353,-0.117935,-0.563339,-0.528992
-0.049561,0.525085,0.766296,0.479797,-0.114700,-0.562164,-0.534744
-0.062180,0.509583,0.754776,0.479050,-0.105759,-0.553360,-0.550522
-0.132568,0.373383,0.572891,0.290024,-0.264717,-0.653221,-0.571274
-0.062263,0.519264,0.750671,0.447624,-0.160339,-0.618195,-0.610832
-0.180603,0.343384,0.565666,0.309265,-0.223167,-0.605186,-0.531487
-0.041382,0.520432,0.736206,0.427444,-0.178375,-0.621399,-0.580795
-0.095161,0.481750,0.719337,0.425354,-0.174606,-0.620621,-0.587860
-0.108047,0.468964,0.711540,0.428352,-0.163841,-0.615837,-0.621223
-0.222176,0.267014,0.468494,0.214935,-0.292198,-0.637428,-0.534100
-0.029285,0.532444,0.738377,0.416927,-0.198528,-0.646221,-0.605350
-0.114571,0.471359,0.717876,0.433720,-0.162365,-0.610401,-0.584530
-0.112514,0.460674,0.707272,0.433929,-0.148502,-0.589853,-0.566145
-0.106047,0.448502,0.669790,0.370403,-0.226110,-0.662846,-0.619905
-0.131952,0.447268,0.686171,0.396420,-0.200314,-0.646060,-0.613029
-0.134895,0.441432,0.686258,0.408237,-0.179808,-0.629643,-0.633868
-0.230733,0.258601,0.452410,0.181491,-0.346747,-0.728508,-0.733625
-0.449522,-0.124977,-0.015290,-0.223986,-0.578203,-0.751364,-0.579079
-0.173905,0.202204,0.293598,0.016926,-0.423239,-0.668888,-0.532312
-0.137136,0.226131,0.293079,-0.001961,-0.436878,-0.643154,-0.400181
0.197079,0.788857,0.974716,0.610886,-0.041710,-0.508652,-0.468323
0.030693,0.625732,0.877350,0.594315,-0.004593,-0.456421,-0.436279
0.030029,0.598518,0.842392,0.568291,-0.013947,-0.459999,-0.465393
-0.065392,0.421791,0.611488,0.333542,-0.200706,-0.566956,-0.470795
0.039597,0.613686,0.833801,0.522491,-0.089775,-0.540176,-0.506897
-0.025604,0.552864,0.796860,0.515076,-0.075745,-0.526390,-0.524590
-0.107697,0.404037,0.621002,0.365189,-0.164711,-0.545212,-0.475876
0.005989,0.557678,0.764397,0.445671,-0.166107,-0.611145,-0.567650
-0.074265,0.512276,0.760376,0.475830,-0.119675,-0.573006,-0.564095
-0.127449,0.406784,0.636284,0.376282,-0.170464,-0.579384,-0.565529
-0.177696,0.278885,0.448059,0.177139,-0.328644,-0.656898,-0.527954
0.000275,0.579353,0.793678,0.474670,-0.143250,-0.601204,-0.586143
-0.143387,0.392998,0.621689,0.363823,-0.176895,-0.578865,-0.563988
-0.181000,0.273720,0.453732,0.206249,-0.276306,-0.596210,-0.476578
0.030704,0.584129,0.777920,0.444435,-0.179043,-0.628830,-0.584179
-0.086723,0.504833,0.756931,0.477314,-0.117207,-0.567608,-0.545059
-0.078297,0.489681,0.733063,0.457512,-0.126141,-0.571632,-0.567657
-0.147615,0.360409,0.561981,0.281160,-0.268623,-0.653191,-0.569302
-0.065197,0.512442,0.740000,0.436072,-0.169833,-0.620767,-0.603621
-0.154900,0.387403,0.619031,0.356263,-0.195175,-0.607759,-0.596561
-0.217212,0.226089,0.388941,0.132278,-0.344718,-0.655196,-0.550630
-0.104163,0.373399,0.529161,0.224437,-0.319727,-0.685045,-0.612353
-0.175974,0.311134,0.495895,0.232605,-0.272457,-0.618568,-0.562012
-0.186550,0.210901,0.324418,0.050130,-0.402325,-0.652345,-0.455647
0.107488,0.685971,0.875280,0.523664,-0.115834,-0.573695,-0.531194
-0.032946,0.558413,0.808350,0.524632,-0.071028,-0.525494,-0.525536
-0.108505,0.403366,0.619486,0.363811,-0.165949,-0.553152,-0.527557
-0.148598,0.281609,0.422689,0.141518,-0.349998,-0.649471,-0.491034
0.056656,0.641327,0.851423,0.523336,-0.102612,-0.560720,-0.527256
-0.041870,0.542606,0.794516,0.519590,-0.067358,-0.518074,-0.527098
-0.138498,0.323721,0.490656,0.217516,-0.284609,-0.611206,-0.485510
0.033644,0.597857,0.798426,0.467747,-0.152950,-0.601942,-0.561392
-0.073860,0.506887,0.752176,0.473627,-0.112997,-0.560458,-0.568202
-0.175398,0.306619,0.508798,0.264716,-0.234012,-0.589478,-0.547078
-0.180763,0.204694,0.294608,-0.011850,-0.490314,-0.760232,-0.614485
-0.161382,0.293468,0.439431,0.163097,-0.321676,-0.627169,-0.537197
-0.160858,0.200350,0.264284,-0.035688,-0.474516,-0.692467,-0.514771
-0.095451,0.246807,0.257778,-0.080997,-0.518230,-0.688698,-0.392658
0.247414,0.862076,1.050095,0.674713,0.007736,-0.470535,-0.437531
0.059105,0.655693,0.913719,0.638985,0.049271,-0.407127,-0.416916
-0.015419,0.484947,0.698448,0.450912,-0.066895,-0.442268,-0.391296
0.043060,0.537895,0.712708,0.405342,-0.161003,-0.550270,-0.466171
0.042030,0.622734,0.854294,0.556259,-0.044792,-0.493874,-0.468071
-0.000046,0.565262,0.805008,0.527794,-0.055557,-0.500763,-0.507256
-0.124939,0.320305,0.467491,0.182602,-0.317490,-0.637184,-0.537842
-0.095581,0.376839,0.533360,0.240128,-0.283859,-0.633095,-0.567913
-0.182930,0.214191,0.316639,0.028454,-0.430935,-0.687817,-0.549671
-0.150990,0.196228,0.227741,-0.093605,-0.528214,-0.721470,-0.509529
-0.047493,0.340992,0.381149,0.029282,-0.455116,-0.691856,-0.484924
0.039520,0.551361,0.717628,0.418396,-0.114494,-0.474525,-0.417145
-0.028191,0.390427,0.523903,0.259598,-0.200569,-0.476822,-0.332504
0.158195,0.673683,0.853317,0.550705,-0.012894,-0.409233,-0.342911
0.140823,0.695320,0.903824,0.590759,-0.013481,-0.454979,-0.417763
0.059601,0.629280,0.864563,0.579010,-0.010666,-0.454330,-0.430008
0.030685,0.590675,0.828087,0.553436,-0.025436,-0.464241,-0.445854
0.004082,0.543648,0.753014,0.448639,-0.146973,-0.579895,-0.535145
-0.051270,0.522923,0.761715,0.474773,-0.117239,-0.562223,-0.537241
-0.077833,0.472116,0.697637,0.417086,-0.155887,-0.583957,-0.575412
-0.194787,0.227313,0.344744,0.042103,-0.454069,-0.752283,-0.631641
-0.201462,0.217987,0.316185,0.004265,-0.481571,-0.756840,-0.621277
-0.212444,0.146786,0.184357,-0.140747,-0.582981,-0.775970,-0.531532
0.011536,0.503742,0.612476,0.259182,-0.296001,-0.630249,-0.478928
0.077332,0.673424,0.888973,0.560425,-0.065990,-0.523586,-0.491577
-0.010563,0.567619,0.810360,0.528305,-0.060837,-0.505905,-0.491760
-0.048958,0.489418,0.717133,0.450478,-0.105797,-0.518311,-0.477760
-0.014656,0.536995,0.761261,0.476532,-0.108406,-0.546387,-0.521294
-0.063744,0.486320,0.705124,0.406189,-0.189880,-0.628136,-0.589630
-0.109009,0.466850,0.711205,0.433693,-0.151901,-0.594421,-0.571884
-0.110016,0.450211,0.686874,0.409561,-0.170944,-0.610382,-0.588684
-0.136429,0.408401,0.626892,0.336472,-0.245300,-0.676224,-0.669510
-0.289703,0.143311,0.283295,0.008881,-0.467148,-0.757111,-0.643921
-0.237732,0.143311,0.207367,-0.112000,-0.577835,-0.827438,-0.716217
-0.418411,-0.219955,-0.289856,-0.598358,-0.905884,-0.917511,-0.533371
0.055344,0.513672,0.567352,0.179031,-0.370789,-0.673355,-0.520905
-0.051407,0.393311,0.498932,0.187508,-0.298843,-0.562927,-0.363579
0.212906,0.808510,1.019653,0.689644,0.060791,-0.406082,-0.386208
0.080811,0.644135,0.873119,0.581326,-0.011604,-0.453609,-0.438381
-0.012096,0.491352,0.683487,0.405994,-0.127819,-0.494625,-0.405861
0.090359,0.653324,0.872177,0.571327,-0.026669,-0.471741,-0.446854
0.015369,0.573959,0.807049,0.523239,-0.062748,-0.503723,-0.478683
-0.017277,0.537575,0.763062,0.472702,-0.114883,-0.549622,-0.515469
-0.043068,0.520725,0.754097,0.468624,-0.119980,-0.567448,-0.583008
-0.227245,0.181946,0.304165,0.021904,-0.451141,-0.731323,-0.605515
-0.181934,0.229015,0.325630,0.020924,-0.453854,-0.719151,-0.576641
-0.154099,0.231407,0.294998,-0.021919,-0.482422,-0.722828,-0.592766
-0.258724,-0.013626,-0.052996,-0.368364,-0.722788,-0.811172,-0.562688
-0.206037,-0.026439,-0.151212,-0.504314,-0.820913,-0.806370,-0.394381
0.181877,0.572182,0.546722,0.132744,-0.369270,-0.570747,-0.277130
0.367363,0.970757,1.143684,0.773842,0.132866,-0.311874,-0.256393
0.245880,0.834351,1.076492,0.787949,0.186493,-0.276688,-0.289307
0.113266,0.609802,0.811676,0.545761,0.016571,-0.359360,-0.303085
0.134552,0.636536,0.826233,0.544327,0.000275,-0.383530,-0.313583
0.168854,0.724014,0.941956,0.642151,0.045166,-0.400848,-0.377899
0.080460,0.631287,0.850815,0.553574,-0.037918,-0.477524,-0.469681
-0.075119,0.372498,0.514206,0.221939,-0.282547,-0.597824,-0.490189
-0.065125,0.343384,0.418030,0.082764,-0.416458,-0.690353,-0.534882
-0.080948,0.335648,0.411469,0.077370,-0.418739,-0.689545,-0.544685
-0.126663,0.238739,0.279480,-0.045425,-0.486504,-0.674454,-0.404526
0.200882,0.780228,0.953766,0.598236,-0.028549,-0.466988,-0.410149
0.087646,0.670723,0.908531,0.616692,0.014915,-0.440742,-0.423416
0.037170,0.594131,0.821701,0.531441,-0.057030,-0.497543,-0.484734
-0.061813,0.450027,0.659271,0.396782,-0.136814,-0.518051,-0.448463
0.031693,0.585579,0.801315,0.501286,-0.094906,-0.538181,-0.511505
-0.045542,0.513830,0.740867,0.445211,-0.154453,-0.602134,-0.572979
-0.098691,0.473820,0.714859,0.436010,-0.146996,-0.583059,-0.553135
-0.088829,0.468906,0.698231,0.412663,-0.172112,-0.609924,-0.580757
-0.116219,0.441750,0.669357,0.378189,-0.216042,-0.660286,-0.629662
-0.156845,0.411278,0.646034,0.360001,-0.227188,-0.678131,-0.731293
-0.482101,-0.223389,-0.210175,-0.487091,-0.840500,-0.958130,-0.759125
-0.484665,-0.424545,-0.662781,-1.054977,-1.315506,-1.192596,-0.706360
-0.147324,0.177139,0.117752,-0.262390,-0.680038,-0.787140,-0.433174
0.203758,0.745972,0.855385,0.466606,-0.133545,-0.498695,-0.355560
0.211128,0.829254,1.070515,0.761559,0.138901,-0.332581,-0.322170
0.137413,0.699223,0.932556,0.643108,0.045662,-0.404736,-0.380255
0.087418,0.653347,0.889790,0.607338,0.022684,-0.414055,-0.384829
0.076807,0.632847,0.862425,0.578056,-0.006536,-0.445166,-0.420736
0.037127,0.589436,0.814346,0.524385,-0.068672,-0.512749,-0.486874
-0.021706,0.539803,0.770908,0.478302,-0.119324,-0.570850,-0.569920
-0.170479,0.294678,0.452808,0.168018,-0.338806,-0.663216,-0.570496
-0.164085,0.228867,0.300819,-0.022461,-0.501968,-0.746552,-0.521019
0.078514,0.684280,0.887924,0.535866,-0.116776,-0.592537,-0.567764
-0.099785,0.440117,0.636154,0.330299,-0.236481,-0.639847,-0.638062
-0.333466,-0.011093,0.061272,-0.192238,-0.570351,-0.736916,-0.522942
-0.048149,0.392036,0.503929,0.191872,-0.318535,-0.626968,-0.490105
0.008858,0.537445,0.724213,0.421860,-0.143417,-0.534576,-0.451370
0.055946,0.636749,0.866444,0.565594,-0.039238,-0.491077,-0.465084
0.005077,0.572506,0.808498,0.518772,-0.076981,-0.525681,-0.499496
-0.029144,0.538483,0.773697,0.484184,-0.114281,-0.562729,-0.534348
-0.060829,0.511887,0.754105,0.475441,-0.106415,-0.542313,-0.515167
-0.057526,0.491646,0.715416,0.425316,-0.160049,-0.592583,-0.555260
-0.081673,0.481361,0.708115,0.408287,-0.194534,-0.640457,-0.605644
-0.123787,0.455246,0.698845,0.412766,-0.183258,-0.649788,-0.732079
-0.545929,-0.381912,-0.449783,-0.743546,-1.035492,-1.036522,-0.678986
-0.183014,0.135605,0.087036,-0.297035,-0.735176,-0.878189,-0.586174
-0.028175,0.470047,0.606216,0.293793,-0.229691,-0.547188,-0.390022
0.169086,0.767982,0.992157,0.676048,0.059010,-0.398102,-0.373442
0.096361,0.661470,0.894169,0.605078,0.010916,-0.435242,-0.410464
0.055556,0.615946,0.844953,0.552209,-0.044585,-0.491392,-0.462365
0.010804,0.582189,0.823072,0.543077,-0.042060,-0.482200,-0.456333
0.004914,0.558628,0.780052,0.482734,-0.112722,-0.553310,-0.517135
-0.039805,0.528874,0.760250,0.463030,-0.139163,-0.587399,-0.555864
-0.076294,0.500473,0.742794,0.456423,-0.139900,-0.589157,-0.574261
-0.139492,0.368475,0.552416,0.259003,-0.286652,-0.652473,-0.549038
-0.032398,0.543980,0.760517,0.441761,-0.176884,-0.631649,-0.596817
-0.110062,0.472847,0.716381,0.429260,-0.168777,-0.617779,-0.589924
-0.114975,0.457222,0.695023,0.409058,-0.181969,-0.641602,-0.719002
-0.498718,-0.244232,-0.195168,-0.420929,-0.736359,-0.829071,-0.541908
0.000526,0.488205,0.608070,0.263863,-0.300877,-0.663147,-0.566929
-0.094551,0.425285,0.621948,0.346020,-0.190136,-0.558281,-0.465950
0.040649,0.612926,0.833210,0.527912,-0.074478,-0.518036,-0.483833
-0.008465,0.557293,0.784790,0.486656,-0.115471,-0.561693,-0.528168
-0.049555,0.526255,0.765673,0.479353,-0.115952,-0.563221,-0.534643
-0.062885,0.507113,0.745657,0.465309,-0.118212,-0.553810,-0.521479
-0.054794,0.502363,0.724279,0.424530,-0.175285,-0.618225,-0.580467
-0.097652,0.478428,0.718117,0.429138,-0.167809,-0.614750,-0.584858
-0.109840,0.464371,0.708076,0.427963,-0.161182,-0.611130,-0.611568
-0.203705,0.295193,0.498470,0.236931,-0.285931,-0.647728,-0.554947
-0.052773,0.513180,0.726234,0.409885,-0.202461,-0.650986,-0.612892
-0.127785,0.451542,0.695431,0.411594,-0.180256,-0.630932,-0.635990
-0.237587,0.249989,0.451824,0.201550,-0.299397,-0.638496,-0.531044
-0.027035,0.532928,0.736130,0.410999,-0.206146,-0.653561,-0.611443
-0.118443,0.467731,0.714497,0.427647,-0.169144,-0.617886,-0.590752
-0.115536,0.458874,0.705700,0.430637,-0.153503,-0.596542,-0.572556
-0.109249,0.448475,0.673893,0.374687,-0.225555,-0.668911,-0.628628
-0.140373,0.444027,0.690018,0.405338,-0.191257,-0.639797,-0.611488
-0.136082,0.440475,0.686504,0.407722,-0.181076,-0.624821,-0.597622
-0.128201,0.438519,0.673824,0.387344,-0.200283,-0.637012,-0.599926
-0.123638,0.445004,0.675373,0.381077,-0.217228,-0.660625,-0.623310
-0.140926,0.438633,0.682755,0.399155,-0.194416,-0.638981,-0.609665
-0.135208,0.439426,0.687454,0.414562,-0.168400,-0.614178,-0.609505
-0.190720,0.318024,0.519337,0.238262,-0.311764,-0.701447,-0.639225
-0.178059,0.350212,0.557201,0.275887,-0.278294,-0.674049,-0.634449
-0.216206,0.269539,0.462719,0.206802,-0.295835,-0.634657,-0.523998
-0.013882,0.551149,0.757421,0.435329,-0.180763,-0.626163,-0.582050
-0.089032,0.496176,0.738075,0.447380,-0.151276,-0.598933,-0.567803
-0.089606,0.486778,0.731652,0.451718,-0.137251,-0.580195,-0.553187
-0.083960,0.480605,0.712795,0.424200,-0.165533,-0.600443,-0.562540
-0.084469,0.483976,0.713173,0.416731,-0.182732,-0.625324,-0.588194
-0.104050,0.474321,0.717262,0.432487,-0.160301,-0.605076,-0.575966
-0.100750,0.473660,0.720486,0.447369,-0.134842,-0.575977,-0.552055
-0.091747,0.463005,0.684494,0.385303,-0.211018,-0.646587,-0.602497
-0.113403,0.466942,0.706959,0.417332,-0.179287,-0.623943,-0.591789
-0.112572,0.463848,0.708763,0.429848,-0.157131,-0.599079,-0.572056
-0.103786,0.456905,0.681347,0.383133,-0.215153,-0.663410,-0.661186
-0.261417,0.221649,0.419025,0.167267,-0.332218,-0.673767,-0.599987
-0.174255,0.298401,0.472748,0.205978,-0.297646,-0.639397,-0.572655
-0.169525,0.276825,0.440735,0.187073,-0.288918,-0.591568,-0.453873
0.068382,0.629807,0.824677,0.489319,-0.134064,-0.581810,-0.536125
-0.039604,0.549072,0.793419,0.506119,-0.093086,-0.541298,-0.513657
-0.039894,0.533051,0.778427,0.502884,-0.079773,-0.521378,-0.496948
-0.036133,0.518127,0.737167,0.436523,-0.161255,-0.598267,-0.554642
-0.066010,0.512878,0.752441,0.461365,-0.136688,-0.581802,-0.550095
-0.072311,0.502686,0.747147,0.467789,-0.119629,-0.562027,-0.535461
-0.067642,0.498459,0.738998,0.462585,-0.119980,-0.559509,-0.533997
-0.073090,0.481277,0.701401,0.400864,-0.199738,-0.640511,-0.598656
-0.109833,0.473183,0.717796,0.432724,-0.163292,-0.616142,-0.621407
-0.219299,0.275848,0.488113,0.244263,-0.261070,-0.623077,-0.583252
-0.199944,0.232628,0.382889,0.113754,-0.370712,-0.669060,-0.515358
0.026657,0.606697,0.816109,0.488327,-0.135361,-0.590248,-0.554565
-0.066971,0.519691,0.772797,0.499054,-0.086708,-0.534302,-0.527534
-0.093010,0.440102,0.667488,0.405403,-0.144394,-0.549507,-0.501610
-0.033180,0.514969,0.725021,0.413513,-0.191109,-0.632957,-0.589226
-0.097565,0.487274,0.734673,0.452354,-0.140923,-0.588142,-0.561462
-0.090607,0.479477,0.723976,0.447571,-0.135941,-0.578369,-0.553772
-0.090843,0.465530,0.688629,0.390053,-0.205666,-0.642586,-0.598854
-0.112076,0.466949,0.707619,0.419609,-0.175407,-0.619446,-0.587662
-0.111748,0.462379,0.706978,0.428730,-0.156616,-0.603779,-0.608292
-0.218140,0.246605,0.420940,0.156116,-0.342640,-0.672726,-0.571964
-0.099964,0.415592,0.596302,0.288940,-0.279331,-0.676353,-0.626289
-0.191822,0.306091,0.503513,0.243977,-0.268112,-0.627041,-0.583187
-0.221287,0.154922,0.247398,-0.035030,-0.476986,-0.702915,-0.481365
0.100536,0.685902,0.875191,0.517700,-0.127625,-0.588322,-0.546677
-0.046349,0.548058,0.801987,0.522224,-0.071465,-0.521049,-0.498680
-0.034058,0.531799,0.771118,0.494461,-0.088333,-0.528099,-0.502831
-0.042175,0.510963,0.727921,0.426186,-0.172665,-0.608795,-0.564289
-0.074791,0.504978,0.745388,0.457127,-0.139122,-0.583420,-0.553844
-0.080120,0.492809,0.736210,0.458721,-0.125874,-0.567413,-0.543896
-0.089851,0.452835,0.671165,0.389347,-0.179012,-0.592747,-0.544601
-0.069080,0.487070,0.702131,0.395590,-0.206064,-0.644964,-0.601246
-0.113497,0.468447,0.713950,0.433666,-0.154671,-0.599916,-0.587879
-0.156919,0.360951,0.568372,0.296275,-0.245844,-0.635514,-0.588912
-0.169600,0.292784,0.433518,0.119776,-0.414751,-0.751952,-0.634788
-0.142621,0.390971,0.589554,0.301859,-0.250833,-0.643166,-0.608968
-0.213661,0.242520,0.418133,0.169227,-0.309855,-0.631193,-0.562783
-0.187295,0.207253,0.325706,0.062168,-0.381590,-0.629831,-0.440163
0.112097,0.680781,0.865263,0.514727,-0.119797,-0.573702,-0.529236
-0.032947,0.558426,0.809351,0.529543,-0.062244,-0.514828,-0.513983
-0.112677,0.355295,0.514252,0.226366,-0.289392,-0.619736,-0.489935
0.037191,0.610279,0.813784,0.483080,-0.139597,-0.590553,-0.548042
-0.055643,0.531878,0.780945,0.501253,-0.088461,-0.533127,-0.512716
-0.060772,0.477875,0.689264,0.400572,-0.169724,-0.584396,-0.554764
-0.148364,0.299269,0.431244,0.129333,-0.378826,-0.685020,-0.527379
0.022458,0.607310,0.813682,0.478984,-0.151558,-0.616163,-0.605729
-0.170494,0.357471,0.583688,0.330210,-0.200300,-0.588239,-0.563367
-0.194887,0.214203,0.341204,0.071486,-0.387186,-0.651181,-0.470284
0.081103,0.653810,0.843257,0.495691,-0.138815,-0.593678,-0.549180
-0.051881,0.539518,0.790475,0.510699,-0.081052,-0.531645,-0.518082
-0.071947,0.474617,0.709477,0.445015,-0.112998,-0.529179,-0.492260
-0.028847,0.524089,0.752560,0.470042,-0.111725,-0.550467,-0.525159
-0.065431,0.485810,0.705774,0.408973,-0.184984,-0.623099,-0.584463
-0.102732,0.472273,0.713831,0.431589,-0.158688,-0.603901,-0.594761
-0.175459,0.318165,0.501568,0.220333,-0.309345,-0.667149,-0.563576
-0.051682,0.519020,0.730915,0.414402,-0.197140,-0.645840,-0.623547
-0.178509,0.356239,0.577457,0.311214,-0.233894,-0.632385,-0.608200
-0.224766,0.209888,0.356361,0.088356,-0.388153,-0.690327,-0.599014
-0.218407,0.156807,0.240482,-0.048710,-0.494434,-0.733868,-0.570610
-0.115791,0.331963,0.463081,0.169102,-0.327297,-0.637474,-0.541401
-0.145342,0.243217,0.333269,0.042564,-0.405647,-0.635838,-0.416565
0.162097,0.749123,0.949815,0.615327,-0.010144,-0.467793,-0.438771
0.036343,0.603791,0.833936,0.540368,-0.053335,-0.493170,-0.458212
0.015949,0.583435,0.819477,0.537617,-0.047417,-0.486475,-0.460512
0.000830,0.557568,0.790777,0.512949,-0.066130,-0.501240,-0.475267
-0.017822,0.528223,0.741077,0.439179,-0.154949,-0.587379,-0.542138
-0.057775,0.515923,0.752273,0.464866,-0.127603,-0.569135,-0.540728
-0.074023,0.489018,0.724577,0.448110,-0.129611,-0.562387,-0.537026
-0.091893,0.426337,0.617505,0.318552,-0.246273,-0.645746,-0.601046
-0.172873,0.306105,0.468163,0.173590,-0.354647,-0.703201,-0.629522
-0.235128,0.156673,0.239208,-0.064789,-0.524200,-0.757658,-0.554300
-0.029472,0.471035,0.601665,0.261288,-0.297703,-0.647442,-0.514397
0.028645,0.620434,0.837584,0.515514,-0.104473,-0.563509,-0.557331
-0.135109,0.375074,0.588551,0.334167,-0.184546,-0.554937,-0.501944
-0.076308,0.410880,0.599612,0.332428,-0.187248,-0.545901,-0.455884
0.036700,0.596070,0.812351,0.511887,-0.086694,-0.531358,-0.506060
-0.040486,0.516544,0.742239,0.450134,-0.139175,-0.573668,-0.535357
-0.058838,0.510019,0.748407,0.467905,-0.115770,-0.553474,-0.527136
-0.066387,0.491726,0.724354,0.444010,-0.137558,-0.574142,-0.546692
-0.085815,0.466568,0.686687,0.391998,-0.197910,-0.630058,-0.587463
-0.106689,0.465412,0.704094,0.422913,-0.161430,-0.601746,-0.582863
-0.144142,0.377502,0.580849,0.294952,-0.261818,-0.672844,-0.696220
-0.433144,-0.167526,-0.146492,-0.417625,-0.772156,-0.885048,-0.612007
-0.110901,0.300682,0.350067,-0.005356,-0.506939,-0.763634,-0.577438
-0.085239,0.370251,0.471916,0.145824,-0.360905,-0.641272,-0.448280
0.130713,0.735649,0.956043,0.632289,0.003778,-0.463721,-0.445436
0.022946,0.590562,0.823804,0.534284,-0.057361,-0.496133,-0.468910
-0.014129,0.522437,0.736643,0.453663,-0.107075,-0.510331,-0.452797
0.028108,0.591532,0.820619,0.532842,-0.056099,-0.498052,-0.473979
-0.015484,0.541366,0.772735,0.490156,-0.096557,-0.537272,-0.513921
-0.058088,0.486364,0.699600,0.404922,-0.176188,-0.598644,-0.550355
-0.083479,0.450436,0.644446,0.339516,-0.234164,-0.634602,-0.561560
-0.076015,0.466631,0.661479,0.349563,-0.233971,-0.642218,-0.573984
-0.090271,0.448608,0.634844,0.316352,-0.262952,-0.663095,-0.602455
-0.161417,0.312725,0.456320,0.150293,-0.370737,-0.695545,-0.569040
-0.070559,0.467327,0.667223,0.374958,-0.186178,-0.583960,-0.513178
-0.020111,0.548532,0.774010,0.471922,-0.130215,-0.587183,-0.601414
-0.227730,0.227539,0.406155,0.159250,-0.316870,-0.621601,-0.484980
0.037186,0.605360,0.814737,0.498642,-0.111517,-0.559837,-0.529369
-0.054764,0.515125,0.753561,0.469196,-0.122211,-0.568552,-0.543934
-0.078053,0.486126,0.720860,0.438692,-0.142723,-0.574274,-0.538908
-0.070190,0.489962,0.720707,0.435562,-0.149780,-0.586197,-0.554676
-0.087811,0.472462,0.705284,0.420242,-0.165966,-0.605198,-0.576458
-0.109417,0.450054,0.678177,0.388489,-0.198418,-0.634426,-0.616161
-0.192699,0.306030,0.496445,0.221176,-0.306484,-0.670113,-0.597694
-0.164520,0.297928,0.433838,0.123131,-0.402534,-0.727043,-0.580711
-0.033279,0.558960,0.779495,0.458839,-0.166573,-0.638794,-0.666168
-0.321129,0.069641,0.179482,-0.094513,-0.530060,-0.750610,-0.533485
0.025490,0.578377,0.751129,0.414379,-0.185963,-0.600128,-0.528000
-0.021881,0.561649,0.797974,0.502720,-0.099483,-0.550667,-0.526939
-0.058041,0.507172,0.740974,0.454952,-0.131260,-0.565617,-0.535957
-0.075829,0.474842,0.702049,0.423168,-0.148151,-0.567745,-0.524437
-0.051758,0.508408,0.737209,0.448189,-0.141975,-0.582195,-0.553463
-0.084480,0.477886,0.705944,0.410332,-0.189285,-0.637894,-0.620392
-0.184986,0.323620,0.513077,0.230999,-0.301464,-0.656170,-0.547577
-0.031689,0.544926,0.767555,0.463623,-0.140339,-0.587395,-0.557625
-0.086636,0.478695,0.711647,0.419903,-0.175884,-0.620693,-0.595528
-0.148628,0.362572,0.535069,0.224461,-0.330414,-0.705368,-0.655891
-0.295246,0.044575,0.078550,-0.242289,-0.673443,-0.868135,-0.717169
-0.443449,-0.344036,-0.531612,-0.894152,-1.159497,-1.059938,-0.561715
0.092200,0.562397,0.603409,0.206455,-0.339249,-0.619175,-0.406219
0.171066,0.730354,0.888924,0.537117,-0.058624,-0.447746,-0.340088
0.199257,0.803970,1.045609,0.744843,0.131271,-0.333145,-0.319641
0.142029,0.704926,0.937378,0.646088,0.046814,-0.403442,-0.376862
0.095810,0.666702,0.906097,0.624619,0.040924,-0.396820,-0.368591
0.095963,0.652939,0.883438,0.599014,0.013367,-0.426300,-0.400940
0.058807,0.612976,0.838760,0.546722,-0.047409,-0.492569,-0.464828
0.004135,0.570389,0.804214,0.514313,-0.082596,-0.530487,-0.503494
-0.030396,0.540939,0.780792,0.500763,-0.082443,-0.518723,-0.488037
-0.022995,0.533508,0.758682,0.465088,-0.127670,-0.567520,-0.533554
-0.061325,0.503265,0.730606,0.432304,-0.168991,-0.615356,-0.585869
-0.127853,0.398262,0.585526,0.276855,-0.288803,-0.694962,-0.728157
-0.522667,-0.347290,-0.389282,-0.650558,-0.922043,-0.929199,-0.595322
-0.101318,0.280769,0.333145,0.014885,-0.441101,-0.673126,-0.498642
-0.036606,0.409500,0.540916,0.252106,-0.239182,-0.533562,-0.368141
0.184494,0.771118,0.983124,0.655945,0.030861,-0.429329,-0.401855
0.074646,0.648346,0.887604,0.598175,-0.000221,-0.451546,-0.428963
0.037819,0.603851,0.838448,0.548309,-0.048828,-0.496948,-0.470200
0.002663,0.573746,0.813362,0.534058,-0.048439,-0.484985,-0.455551
0.007271,0.562546,0.788445,0.497513,-0.092590,-0.533737,-0.504959
-0.036911,0.522568,0.748741,0.452221,-0.148296,-0.594872,-0.561691
-0.082443,0.493031,0.734070,0.448387,-0.147259,-0.594864,-0.568563
-0.097107,0.471622,0.709892,0.424394,-0.167155,-0.609722,-0.580382
-0.108840,0.457047,0.687617,0.391565,-0.209461,-0.657507,-0.623819
-0.141129,0.437763,0.682198,0.395004,-0.202129,-0.651203,-0.623421
-0.147552,0.428482,0.673027,0.397652,-0.183861,-0.619415,-0.589951
-0.124153,0.433121,0.660042,0.366234,-0.227676,-0.668671,-0.634834
-0.157852,0.412453,0.647423,0.354736,-0.243912,-0.689590,-0.656494
-0.175354,0.402985,0.647842,0.366943,-0.225906,-0.671707,-0.645569
-0.174240,0.395340,0.632507,0.346909,-0.245712,-0.688339,-0.656128
-0.179764,0.391876,0.626205,0.332916,-0.267319,-0.714569,-0.679123
-0.193695,0.388901,0.637009,0.354431,-0.239090,-0.686539,-0.659088
-0.184525,0.389252,0.632538,0.354950,-0.226807,-0.662582,-0.630417
-0.160950,0.399963,0.626587,0.329559,-0.269485,-0.712631,-0.674072
-0.188522,0.391281,0.634659,0.348373,-0.247833,-0.694061,-0.663422
-0.185699,0.390228,0.633667,0.354309,-0.230194,-0.671600,-0.670441
-0.274628,0.189880,0.356171,0.078491,-0.432007,-0.759064,-0.625031
-0.088776,0.496277,0.714600,0.395660,-0.225098,-0.683929,-0.662857
-0.203415,0.352448,0.589706,0.321777,-0.240631,-0.653320,-0.601212
-0.117859,0.451935,0.684418,0.393188,-0.198181,-0.635681,-0.599350
-0.122833,0.444061,0.673691,0.375732,-0.224243,-0.667358,-0.628769
-0.143173,0.438583,0.683914,0.401520,-0.190872,-0.637192,-0.608627
-0.134933,0.436020,0.676498,0.395142,-0.189362,-0.624939,-0.589661
-0.117096,0.445877,0.671616,0.373718,-0.226212,-0.667313,-0.627716
-0.142090,0.438721,0.682129,0.394897,-0.201294,-0.646515,-0.615875
-0.137192,0.439682,0.687012,0.408524,-0.178986,-0.622452,-0.594955
-0.125259,0.439789,0.674423,0.387268,-0.202988,-0.641327,-0.603897
-0.125320,0.445602,0.679214,0.386162,-0.211884,-0.654045,-0.617455
-0.133850,0.445953,0.690308,0.406944,-0.185417,-0.629768,-0.610977
-0.193832,0.253716,0.356316,0.007729,-0.531036,-0.845070,-0.706886
-0.227089,0.270821,0.443832,0.165001,-0.344711,-0.677837,-0.583992
-0.140327,0.342274,0.516705,0.243176,-0.267149,-0.610664,-0.538841
-0.124818,0.326458,0.485478,0.219145,-0.266470,-0.571829,-0.428022
0.102230,0.672548,0.872318,0.534981,-0.096237,-0.553703,-0.512768
-0.015099,0.578609,0.830879,0.545563,-0.054619,-0.507706,-0.483925
-0.010094,0.564880,0.811279,0.532845,-0.055626,-0.500046,-0.474510
-0.008713,0.553429,0.784172,0.493164,-0.098969,-0.537247,-0.499763
-0.022110,0.547852,0.779526,0.484558,-0.115417,-0.560471,-0.525803
-0.044098,0.532822,0.776276,0.491013,-0.102264,-0.548508,-0.520859
-0.048080,0.524887,0.771240,0.497665,-0.085022,-0.527603,-0.505127
-0.046249,0.507065,0.727127,0.424576,-0.177048,-0.619827,-0.578003
-0.087250,0.497665,0.743179,0.456055,-0.142960,-0.591949,-0.563110
-0.085236,0.492767,0.741211,0.465790,-0.120667,-0.564056,-0.539444
-0.075516,0.483795,0.708817,0.411179,-0.185562,-0.623520,-0.581787
-0.095032,0.483978,0.721680,0.429749,-0.169144,-0.615067,-0.582230
-0.103317,0.473785,0.719360,0.438187,-0.151047,-0.602051,-0.610367
-0.216187,0.267212,0.462952,0.207611,-0.299347,-0.640472,-0.530167
-0.018433,0.549179,0.758987,0.437454,-0.179047,-0.627777,-0.587952
-0.097229,0.489624,0.737045,0.452805,-0.142387,-0.591492,-0.564728
-0.092812,0.481255,0.728714,0.456230,-0.125359,-0.566856,-0.544273
-0.084312,0.469116,0.690269,0.390747,-0.205902,-0.642776,-0.599007
-0.110229,0.469803,0.709511,0.419571,-0.177345,-0.622307,-0.590454
-0.112511,0.463623,0.708252,0.430038,-0.156258,-0.598495,-0.571762
-0.105736,0.453712,0.677902,0.380409,-0.217163,-0.654945,-0.611084
-0.123207,0.455948,0.693802,0.402031,-0.196701,-0.642471,-0.608498
-0.127472,0.450745,0.695488,0.413475,-0.176571,-0.626434,-0.627762
-0.218826,0.283089,0.496197,0.248299,-0.265926,-0.628929,-0.544189
-0.052910,0.504200,0.711418,0.395157,-0.214180,-0.655807,-0.609905
-0.117062,0.466999,0.710693,0.422760,-0.173153,-0.620045,-0.591084
-0.115032,0.460209,0.706882,0.432640,-0.150684,-0.596825,-0.598370
-0.189655,0.306179,0.501539,0.227264,-0.309187,-0.676632,-0.580656
-0.068478,0.509346,0.733185,0.426546,-0.183020,-0.631718,-0.596731
-0.112755,0.467405,0.716024,0.437851,-0.150349,-0.593506,-0.568659
-0.101570,0.465761,0.709480,0.436220,-0.144182,-0.584496,-0.561717
-0.101561,0.450111,0.670506,0.370233,-0.228136,-0.668663,-0.626550
-0.136484,0.446783,0.693601,0.409741,-0.184090,-0.630868,-0.601791
-0.127576,0.447796,0.695581,0.421467,-0.162708,-0.604805,-0.580860
-0.117592,0.439120,0.662556,0.364320,-0.232028,-0.670551,-0.633289
-0.159749,0.403242,0.636811,0.355456,-0.224164,-0.656856,-0.648973
-0.247511,0.236260,0.438235,0.193963,-0.301037,-0.650846,-0.607716
-0.253362,0.116348,0.210203,-0.064994,-0.498801,-0.721540,-0.499753
0.078482,0.660215,0.846886,0.488757,-0.159145,-0.624349,-0.582281
-0.079570,0.521100,0.781246,0.505694,-0.086753,-0.538034,-0.518317
-0.055344,0.510834,0.754381,0.479965,-0.102564,-0.543039,-0.519451
-0.057522,0.496878,0.718016,0.418468,-0.178209,-0.615116,-0.571377
-0.083614,0.495409,0.736063,0.448040,-0.146013,-0.591066,-0.560284
-0.085363,0.487772,0.731380,0.454100,-0.131264,-0.572592,-0.550817
-0.101423,0.423958,0.610495,0.295237,-0.289650,-0.691418,-0.606989
-0.087692,0.506954,0.746483,0.448555,-0.159218,-0.612005,-0.582048
-0.103058,0.476065,0.724634,0.449337,-0.136012,-0.581231,-0.572101
-0.143044,0.376841,0.590164,0.323911,-0.216327,-0.610973,-0.587862
-0.198661,0.252445,0.415215,0.142841,-0.359489,-0.689209,-0.600774
-0.170283,0.295365,0.455936,0.179424,-0.322130,-0.651085,-0.578501
-0.208639,0.148109,0.206657,-0.100597,-0.540770,-0.752234,-0.559311
-0.116108,0.243961,0.252071,-0.114929,-0.585979,-0.776276,-0.478386
0.183060,0.823792,1.035698,0.677155,0.014168,-0.470894,-0.449501
0.037582,0.629585,0.889915,0.620392,0.033905,-0.416382,-0.402527
0.051689,0.610153,0.852875,0.586418,0.014679,-0.422928,-0.405304
0.040939,0.578796,0.787437,0.483307,-0.112061,-0.546700,-0.501701
-0.015633,0.561699,0.803596,0.520706,-0.068275,-0.512215,-0.487183
-0.023834,0.537834,0.775932,0.500015,-0.080101,-0.517204,-0.496140
-0.056252,0.452881,0.626228,0.303764,-0.277519,-0.670837,-0.578033
-0.054359,0.540718,0.779694,0.481209,-0.125168,-0.577545,-0.551102
-0.077553,0.495209,0.739418,0.461746,-0.122044,-0.568649,-0.572617
-0.179974,0.285278,0.456203,0.186043,-0.317028,-0.650417,-0.553909
-0.092964,0.408710,0.583477,0.279995,-0.275642,-0.661125,-0.613297
-0.199604,0.270889,0.449936,0.193684,-0.297560,-0.629978,-0.567661
-0.192354,0.205925,0.327097,0.062347,-0.383587,-0.636915,-0.455217
0.083290,0.637373,0.814232,0.466890,-0.156647,-0.594778,-0.536631
-0.030691,0.561451,0.810213,0.526306,-0.067587,-0.515423,-0.494246
-0.031782,0.529978,0.767193,0.490408,-0.088612,-0.525612,-0.499559
-0.040072,0.516786,0.751098,0.474367,-0.105572,-0.543481,-0.520277
-0.064589,0.484604,0.703513,0.407621,-0.183482,-0.615840,-0.573452
-0.093865,0.478037,0.714565,0.430271,-0.158133,-0.597586,-0.572973
-0.126625,0.391842,0.579338,0.280663,-0.278023,-0.663597,-0.579731
-0.076618,0.492222,0.708138,0.395607,-0.213932,-0.657719,-0.616882
-0.131992,0.441265,0.676212,0.390358,-0.197632,-0.637650,-0.632141
-0.245728,0.189926,0.323723,0.036324,-0.450600,-0.736725,-0.566994
-0.019829,0.552620,0.753548,0.430069,-0.177635,-0.616676,-0.573105
-0.090385,0.479736,0.710594,0.414825,-0.182999,-0.626892,-0.593010
-0.114029,0.460197,0.703918,0.425781,-0.159454,-0.600655,-0.573860
-0.108757,0.455643,0.696449,0.422264,-0.158081,-0.598328,-0.574509
-0.115273,0.437439,0.658867,0.364510,-0.225075,-0.657875,-0.614937
-0.132851,0.441536,0.679550,0.394791,-0.195053,-0.635925,-0.604889
-0.133636,0.434906,0.677887,0.404861,-0.173340,-0.611481,-0.587509
-0.128128,0.430588,0.667740,0.392853,-0.185242,-0.621307,-0.596268
-0.136795,0.416153,0.639771,0.346603,-0.244720,-0.680222,-0.640930
-0.163437,0.405441,0.642883,0.363403,-0.216309,-0.648117,-0.617874
-0.172775,0.337631,0.515182,0.208618,-0.350052,-0.731705,-0.657608
-0.187592,0.342590,0.544647,0.259430,-0.293732,-0.688477,-0.655685
-0.273483,0.144333,0.268265,-0.010345,-0.475845,-0.744659,-0.592926
-0.125107,0.329666,0.446259,0.127151,-0.389267,-0.693878,-0.528801
0.028404,0.617622,0.824417,0.491112,-0.136101,-0.589600,-0.549606
-0.058723,0.527290,0.774872,0.495659,-0.094551,-0.539719,-0.515884
-0.050797,0.513580,0.755333,0.482071,-0.094429,-0.530884,-0.506248
-0.048157,0.507309,0.743179,0.467018,-0.110405,-0.546791,-0.522087
-0.064907,0.483810,0.704201,0.410755,-0.175976,-0.606926,-0.565102
-0.089981,0.472614,0.702850,0.420135,-0.157913,-0.585152,-0.549416
-0.092049,0.442215,0.645355,0.350452,-0.219154,-0.626301,-0.563816
-0.075054,0.490307,0.710587,0.408241,-0.189255,-0.626972,-0.589893
-0.130211,0.397556,0.588417,0.287209,-0.276920,-0.667885,-0.610840
-0.187038,0.265148,0.391876,0.083796,-0.424610,-0.732998,-0.615606
-0.183764,0.237328,0.335201,0.026857,-0.456410,-0.727187,-0.571553
-0.099871,0.363613,0.491754,0.181150,-0.332699,-0.650397,-0.550060
-0.147820,0.237097,0.314754,0.013721,-0.432999,-0.649990,-0.410801
0.187599,0.788311,0.992798,0.653275,0.015976,-0.451447,-0.428207
0.045082,0.613655,0.845886,0.554382,-0.038254,-0.478989,-0.456642
-0.022316,0.479332,0.657967,0.364174,-0.178955,-0.542282,-0.443230
0.057320,0.605057,0.800049,0.485321,-0.102966,-0.519852,-0.460205
0.030609,0.605804,0.840698,0.550858,-0.045013,-0.493835,-0.472656
-0.010193,0.549591,0.780960,0.496414,-0.087357,-0.520279,-0.488235
-0.035522,0.489258,0.681030,0.378769,-0.190323,-0.587204,-0.514542
-0.029388,0.513840,0.711212,0.402771,-0.181229,-0.592896,-0.528046
-0.033035,0.538498,0.762955,0.457886,-0.144272,-0.594414,-0.599937
-0.227379,0.200401,0.340057,0.071167,-0.395470,-0.666382,-0.488434
0.063942,0.645439,0.853371,0.528999,-0.090347,-0.546791,-0.519493
-0.046074,0.524590,0.764763,0.481148,-0.109528,-0.560997,-0.568802
-0.182899,0.273720,0.434143,0.158463,-0.337379,-0.648956,-0.505440
0.028442,0.604324,0.816452,0.499176,-0.112152,-0.561630,-0.531326
-0.056892,0.512833,0.752075,0.471451,-0.117241,-0.560883,-0.536522
-0.073822,0.483292,0.711021,0.422897,-0.161488,-0.592072,-0.552818
-0.078289,0.486641,0.720169,0.434853,-0.150654,-0.587242,-0.557838
-0.091118,0.469009,0.702663,0.421381,-0.163059,-0.600538,-0.572992
-0.108112,0.450195,0.677164,0.384380,-0.212429,-0.656295,-0.626282
-0.170667,0.356009,0.544813,0.239623,-0.326487,-0.712575,-0.627255
-0.147111,0.360896,0.509718,0.175658,-0.391706,-0.758516,-0.672644
-0.239798,0.188154,0.280140,-0.045750,-0.541508,-0.803164,-0.597466
-0.050783,0.447948,0.537760,0.146200,-0.437119,-0.771879,-0.605420
-0.051717,0.507680,0.682008,0.349759,-0.231462,-0.615934,-0.513404
0.015025,0.607963,0.843831,0.544215,-0.065248,-0.521674,-0.500220
-0.032598,0.533298,0.767774,0.477531,-0.120679,-0.567902,-0.539274
-0.062584,0.511324,0.753743,0.472349,-0.117093,-0.559534,-0.530076
-0.060377,0.507581,0.746057,0.464664,-0.121846,-0.564311,-0.537806
-0.071032,0.491100,0.721853,0.430857,-0.167116,-0.614096,-0.583268
-0.105368,0.470723,0.715310,0.439001,-0.141492,-0.577015,-0.545582
-0.079784,0.480406,0.712166,0.429005,-0.155346,-0.591757,-0.561205
-0.094320,0.464991,0.694908,0.406017,-0.184982,-0.626030,-0.594200
-0.122143,0.445229,0.680206,0.397308,-0.185799,-0.619022,-0.588238
-0.146507,0.353706,0.516293,0.199780,-0.358994,-0.734875,-0.679482
-0.289520,0.112541,0.212082,-0.081886,-0.543083,-0.784172,-0.565903
0.024479,0.626068,0.831444,0.485016,-0.163010,-0.642010,-0.650719
-0.252998,0.217304,0.393234,0.135860,-0.343792,-0.642258,-0.491611
0.045433,0.620533,0.829933,0.510933,-0.104065,-0.554249,-0.523674
-0.047989,0.521996,0.756615,0.465542,-0.132515,-0.581535,-0.552734
-0.078800,0.493355,0.734039,0.453861,-0.128513,-0.562973,-0.528538
-0.059765,0.502392,0.734142,0.449997,-0.134361,-0.570782,-0.540237
-0.074348,0.484959,0.713886,0.424992,-0.166019,-0.607075,-0.575260
-0.103218,0.463158,0.695194,0.401566,-0.198032,-0.643692,-0.614479
-0.154774,0.375950,0.569736,0.270458,-0.289799,-0.671066,-0.580978
-0.081470,0.472084,0.669926,0.354137,-0.237137,-0.655010,-0.591427
-0.090836,0.489182,0.721058,0.418476,-0.190971,-0.643459,-0.612228
-0.133919,0.437695,0.674923,0.394257,-0.182735,-0.606968,-0.562389
-0.085518,0.480759,0.712696,0.426777,-0.161278,-0.599411,-0.568607
-0.101475,0.459061,0.688240,0.395687,-0.200893,-0.644535,-0.611366
-0.132126,0.442375,0.681480,0.393883,-0.203644,-0.649208,-0.617935
-0.138626,0.437897,0.682922,0.403137,-0.183723,-0.625542,-0.595467
-0.124161,0.443443,0.679619,0.394005,-0.196671,-0.639351,-0.608162
-0.133804,0.435844,0.670151,0.376831,-0.222466,-0.669777,-0.635353
-0.150963,0.430595,0.680603,0.405769,-0.174232,-0.609268,-0.578323
-0.111053,0.449623,0.681877,0.395294,-0.191460,-0.629272,-0.597168
-0.125816,0.437927,0.667358,0.371155,-0.228065,-0.672363,-0.635941
-0.152489,0.429108,0.674278,0.389763,-0.205688,-0.656021,-0.650002
-0.247452,0.208107,0.345016,0.040192,-0.473770,-0.783745,-0.633736
-0.103172,0.460651,0.666718,0.357128,-0.234844,-0.655357,-0.591465
-0.087635,0.501450,0.742306,0.445694,-0.160778,-0.615200,-0.585892
-0.104610,0.476784,0.727600,0.453556,-0.127625,-0.563831,-0.534054
-0.067944,0.491575,0.720715,0.431053,-0.157789,-0.595720,-0.560812
-0.086687,0.479803,0.709993,0.414536,-0.184927,-0.629475,-0.594280
-0.111075,0.468320,0.714228,0.436298,-0.145801,-0.579983,-0.547222
-0.079131,0.481377,0.712475,0.424754,-0.163139,-0.601108,-0.567212
-0.096040,0.467524,0.694815,0.398442,-0.200950,-0.644446,-0.608210
-0.123970,0.456453,0.700451,0.415748,-0.178918,-0.625548,-0.597302
-0.126840,0.436024,0.666533,0.384095,-0.192697,-0.613803,-0.566126
-0.086182,0.479236,0.705434,0.406999,-0.193460,-0.638016,-0.601853
-0.120617,0.456829,0.696901,0.408308,-0.189234,-0.634807,-0.602582
-0.124272,0.452229,0.694296,0.413539,-0.171358,-0.619051,-0.648500
-0.326019,0.051183,0.168097,-0.088152,-0.515877,-0.743328,-0.539879
0.009451,0.564505,0.744287,0.404737,-0.209118,-0.644484,-0.606049
-0.149906,0.386082,0.608521,0.345436,-0.195568,-0.580238,-0.505253
-0.008999,0.561825,0.788483,0.490490,-0.105633,-0.545906,-0.511375
-0.036652,0.529442,0.756302,0.456566,-0.145187,-0.589088,-0.552277
-0.067474,0.511536,0.754135,0.467056,-0.128998,-0.576027,-0.546234
-0.070343,0.502777,0.746368,0.469063,-0.112419,-0.546967,-0.515556
-0.049782,0.507454,0.731392,0.434624,-0.162231,-0.603226,-0.566467
-0.085625,0.488495,0.724297,0.433411,-0.164444,-0.610336,-0.577454
-0.097511,0.479614,0.724258,0.443115,-0.149002,-0.594093,-0.573112
-0.131332,0.372833,0.537376,0.217918,-0.347679,-0.718613,-0.603622
-0.063805,0.536514,0.768967,0.456215,-0.167229,-0.628708,-0.598564
-0.110603,0.478386,0.730873,0.451645,-0.142479,-0.593468,-0.572472
-0.108223,0.455322,0.693336,0.417351,-0.157936,-0.583405,-0.542992
-0.069275,0.491928,0.713943,0.412346,-0.189301,-0.632103,-0.593224
-0.107353,0.473717,0.715416,0.428436,-0.168480,-0.616375,-0.585476
-0.108479,0.467693,0.714314,0.436115,-0.152111,-0.595295,-0.569496
-0.102440,0.459976,0.689060,0.393486,-0.205109,-0.649773,-0.611759
-0.126736,0.453487,0.695335,0.406548,-0.193138,-0.640835,-0.608761
-0.127670,0.452564,0.699306,0.419273,-0.173695,-0.619617,-0.592628
-0.120480,0.449913,0.688854,0.405983,-0.180033,-0.615164,-0.579430
-0.105457,0.458929,0.688013,0.390488,-0.209066,-0.652725,-0.615669
-0.131594,0.447691,0.691538,0.407664,-0.187155,-0.632959,-0.602919
-0.128724,0.442722,0.681735,0.396977,-0.190905,-0.628858,-0.592989
-0.117906,0.449536,0.678721,0.382273,-0.218166,-0.661723,-0.623589
-0.137467,0.441892,0.684840,0.398121,-0.199516,-0.650064,-0.644250
-0.218470,0.301110,0.521956,0.266096,-0.263835,-0.642403,-0.565267
-0.071758,0.492450,0.712564,0.407123,-0.195395,-0.638084,-0.598120
-0.114093,0.461234,0.697252,0.404644,-0.194925,-0.639575,-0.605457
-0.123319,0.455022,0.699888,0.416044,-0.175817,-0.620645,-0.591591
-0.119352,0.450153,0.686266,0.401564,-0.185287,-0.619291,-0.581463
-0.106394,0.459082,0.686316,0.387932,-0.212473,-0.655994,-0.616852
-0.131685,0.449659,0.695547,0.411741,-0.181059,-0.627794,-0.599651
-0.125385,0.448084,0.694960,0.420921,-0.162201,-0.603256,-0.578278
-0.114964,0.442770,0.666243,0.369019,-0.227306,-0.664829,-0.621695
-0.133547,0.445866,0.685936,0.395390,-0.202133,-0.647686,-0.614460
-0.134182,0.444271,0.689251,0.409428,-0.179424,-0.622250,-0.594139
-0.125767,0.436981,0.665424,0.372147,-0.221241,-0.656834,-0.613743
-0.128567,0.446926,0.683109,0.389687,-0.209705,-0.654179,-0.617931
-0.134659,0.444809,0.689816,0.406116,-0.186581,-0.636143,-0.632282
-0.211369,0.304367,0.526283,0.276363,-0.247681,-0.622368,-0.547253
-0.061607,0.493830,0.702324,0.387325,-0.220757,-0.661140,-0.614006
-0.119942,0.466307,0.710218,0.423473,-0.173216,-0.619900,-0.590729
-0.114471,0.461946,0.709789,0.436707,-0.145472,-0.585594,-0.561647
-0.099356,0.455406,0.677887,0.378700,-0.217615,-0.654156,-0.610046
-0.121914,0.458460,0.697527,0.406961,-0.190582,-0.636156,-0.602957
-0.122702,0.454748,0.699707,0.419863,-0.169991,-0.612829,-0.584734
-0.113449,0.457066,0.702967,0.427959,-0.154171,-0.595219,-0.571213
-0.108862,0.446938,0.669470,0.369362,-0.230797,-0.672119,-0.629818
-0.138588,0.446810,0.693785,0.409103,-0.186516,-0.634090,-0.604826
-0.129448,0.448054,0.698926,0.426892,-0.156198,-0.599174,-0.576099
-0.113696,0.444111,0.667656,0.370503,-0.225749,-0.663202,-0.618045
-0.128870,0.452537,0.694581,0.405990,-0.190574,-0.636154,-0.603935
-0.125631,0.451840,0.699751,0.422832,-0.162170,-0.604111,-0.578056
-0.110745,0.454853,0.695882,0.419956,-0.164061,-0.605023,-0.578979
-0.115582,0.442231,0.667736,0.371550,-0.224723,-0.662196,-0.619012
-0.131792,0.449632,0.693645,0.409936,-0.182768,-0.626477,-0.596313
-0.121998,0.451519,0.697465,0.422505,-0.161530,-0.603490,-0.578433
-0.115039,0.441796,0.665354,0.367239,-0.228990,-0.665443,-0.620271
-0.130105,0.450331,0.692390,0.403814,-0.191758,-0.635377,-0.603170
-0.124877,0.451606,0.698538,0.423578,-0.159482,-0.601451,-0.575426
-0.112052,0.443788,0.664406,0.363378,-0.235737,-0.674073,-0.638576
-0.170690,0.385722,0.615706,0.336661,-0.234809,-0.656494,-0.636728
-0.224469,0.266091,0.467951,0.215749,-0.290042,-0.645663,-0.606337
-0.256732,0.101439,0.178003,-0.109440,-0.541703,-0.749233,-0.506514
0.092464,0.687914,0.879383,0.520142,-0.129841,-0.595158,-0.554184
-0.053539,0.544106,0.800270,0.520775,-0.072655,-0.522961,-0.500324
-0.033482,0.533592,0.776073,0.500603,-0.082008,-0.522560,-0.497101
-0.036247,0.517082,0.735199,0.432655,-0.165031,-0.601974,-0.556313
-0.066650,0.513275,0.753845,0.463783,-0.133263,-0.578362,-0.547623
-0.070801,0.504227,0.749702,0.473289,-0.110237,-0.551704,-0.528114
-0.070091,0.479462,0.705566,0.426575,-0.144867,-0.567505,-0.527214
-0.057526,0.497726,0.713844,0.409332,-0.190315,-0.628212,-0.584465
-0.096703,0.484276,0.729805,0.448563,-0.141701,-0.583977,-0.558258
-0.096169,0.459381,0.687515,0.405647,-0.171555,-0.596977,-0.556511
-0.083714,0.474625,0.693810,0.389400,-0.211113,-0.649864,-0.605995
-0.116142,0.465935,0.707661,0.421684,-0.172291,-0.616287,-0.585430
-0.111408,0.461819,0.705521,0.427361,-0.157894,-0.601063,-0.587944
-0.148098,0.389317,0.620003,0.362164,-0.184391,-0.588230,-0.541031
-0.074257,0.473227,0.682632,0.373421,-0.230877,-0.670441,-0.625420
-0.133450,0.452681,0.702333,0.424212,-0.165888,-0.611902,-0.586954
-0.118785,0.450595,0.696348,0.426080,-0.151356,-0.589705,-0.566932
-0.109711,0.440032,0.658516,0.359280,-0.236106,-0.670746,-0.624752
-0.135725,0.444560,0.687448,0.403599,-0.187289,-0.630174,-0.600170
-0.127966,0.442484,0.684416,0.407434,-0.175675,-0.614760,-0.592712
-0.153782,0.354404,0.533676,0.233694,-0.321400,-0.698521,-0.604322
-0.091946,0.486078,0.707190,0.395899,-0.215343,-0.662767,-0.623583
-0.134468,0.449812,0.697632,0.417694,-0.172253,-0.622995,-0.631052
-0.252220,0.188620,0.336344,0.062746,-0.418325,-0.709393,-0.548475
-0.005156,0.571289,0.770313,0.433222,-0.194799,-0.647135,-0.603056
-0.107138,0.483875,0.735435,0.456266,-0.133900,-0.581938,-0.569740
-0.128857,0.410559,0.640297,0.378584,-0.171812,-0.578484,-0.533112
-0.071081,0.469748,0.675489,0.369484,-0.223822,-0.648590,-0.593796
-0.098005,0.485070,0.725833,0.438897,-0.155055,-0.599030,-0.569132
-0.097039,0.473297,0.715111,0.438007,-0.146203,-0.586384,-0.567379
-0.129517,0.381516,0.568489,0.275152,-0.276291,-0.653709,-0.564693
-0.059411,0.510601,0.726698,0.414345,-0.194047,-0.637674,-0.595709
-0.108723,0.472465,0.717218,0.436191,-0.152884,-0.595928,-0.569996
-0.108665,0.446123,0.675467,0.397732,-0.173428,-0.596766,-0.560093
-0.114491,0.387608,0.546194,0.214968,-0.364243,-0.753538,-0.692875
-0.258638,0.229289,0.420734,0.170915,-0.317861,-0.649780,-0.588923
-0.218962,0.169139,0.280232,0.012339,-0.428891,-0.674621,-0.504918
-0.017354,0.469668,0.617210,0.308232,-0.229414,-0.578524,-0.461466
0.060843,0.635014,0.846422,0.527451,-0.086540,-0.533775,-0.496376
-0.013935,0.563717,0.807880,0.527229,-0.061481,-0.505161,-0.484749
-0.035740,0.496086,0.702671,0.415073,-0.148281,-0.551193,-0.489407
-0.005260,0.553570,0.767368,0.457615,-0.147232,-0.586376,-0.543884
-0.057362,0.522385,0.764729,0.481300,-0.110153,-0.553616,-0.528099
-0.063282,0.496910,0.731598,0.456219,-0.119450,-0.549217,-0.517944
-0.062077,0.479485,0.694736,0.406940,-0.166374,-0.585014,-0.538803
-0.063248,0.496841,0.718735,0.419937,-0.177952,-0.619965,-0.585190
-0.109238,0.456131,0.689125,0.406212,-0.173985,-0.603348,-0.565807
-0.103720,0.437170,0.645908,0.353619,-0.218283,-0.629656,-0.571356
-0.083813,0.483273,0.706242,0.403628,-0.196087,-0.641858,-0.634243
-0.222304,0.276726,0.482095,0.226532,-0.286498,-0.650268,-0.603392
-0.209196,0.232214,0.391237,0.133709,-0.340237,-0.637928,-0.494328
0.031825,0.599065,0.809474,0.495378,-0.114754,-0.564999,-0.538391
-0.068585,0.494597,0.723460,0.429615,-0.166298,-0.608307,-0.576461
-0.109272,0.439605,0.656255,0.367897,-0.204016,-0.614425,-0.555174
-0.065715,0.508151,0.745645,0.461326,-0.127106,-0.571475,-0.548808
-0.086812,0.469611,0.695687,0.404944,-0.183009,-0.617128,-0.576488
-0.098630,0.471559,0.710298,0.428193,-0.157063,-0.594374,-0.567640
-0.120165,0.401365,0.593855,0.296215,-0.267305,-0.659626,-0.587324
-0.114227,0.398510,0.554945,0.218657,-0.360689,-0.742310,-0.646694
-0.147560,0.409538,0.628479,0.343372,-0.221409,-0.631588,-0.609211
-0.220737,0.213053,0.352808,0.078150,-0.397139,-0.679550,-0.511038
0.036873,0.619814,0.832102,0.514008,-0.102043,-0.558155,-0.534431
-0.063578,0.501617,0.733452,0.443527,-0.146553,-0.582783,-0.546192
-0.069424,0.501635,0.743183,0.465813,-0.114759,-0.553295,-0.527781
-0.066872,0.489447,0.723228,0.445002,-0.133488,-0.568979,-0.542398
-0.082386,0.468164,0.688423,0.391916,-0.197842,-0.628862,-0.584171
-0.103275,0.468945,0.705791,0.421814,-0.164322,-0.602501,-0.571747
-0.102707,0.460697,0.697594,0.418552,-0.163666,-0.600895,-0.574081
-0.109924,0.450596,0.686592,0.408611,-0.173531,-0.611664,-0.585739
-0.122459,0.434258,0.659660,0.369228,-0.216457,-0.647350,-0.607410
-0.141964,0.401287,0.609432,0.315590,-0.255890,-0.662933,-0.609131
-0.152405,0.362679,0.544868,0.242897,-0.314171,-0.703011,-0.662422
-0.268578,0.165649,0.307800,0.031616,-0.446152,-0.739807,-0.633202
-0.242321,0.122566,0.182346,-0.123680,-0.562637,-0.763126,-0.512451
0.079765,0.652889,0.827122,0.476206,-0.143064,-0.573063,-0.509792
-0.005615,0.582827,0.827916,0.541345,-0.057144,-0.509535,-0.490920
-0.029042,0.531163,0.763905,0.479758,-0.102648,-0.534212,-0.496911
-0.025305,0.537702,0.770290,0.486967,-0.098531,-0.536089,-0.507656
-0.042882,0.517262,0.750925,0.469645,-0.115778,-0.554236,-0.527669
-0.063765,0.492593,0.717624,0.425842,-0.161191,-0.595378,-0.564572
-0.111111,0.427094,0.644889,0.368410,-0.188803,-0.590508,-0.531425
-0.049948,0.513076,0.741780,0.452658,-0.136627,-0.576955,-0.548331
-0.082385,0.477951,0.709856,0.422933,-0.167097,-0.609135,-0.582201
-0.125738,0.411538,0.614743,0.315999,-0.257408,-0.661477,-0.591053
-0.090519,0.491395,0.729054,0.440019,-0.155038,-0.602058,-0.580063
-0.119703,0.438033,0.672250,0.393485,-0.185529,-0.626414,-0.631538
-0.245895,0.224154,0.414487,0.165519,-0.323389,-0.654463,-0.565421
-0.120663,0.369858,0.549202,0.267841,-0.260991,-0.619915,-0.522344
-0.017380,0.551333,0.771997,0.469045,-0.131993,-0.579085,-0.549351
-0.079375,0.483001,0.711066,0.417411,-0.172455,-0.607494,-0.573625
-0.122985,0.393870,0.576844,0.275639,-0.279695,-0.655109,-0.559224
-0.045183,0.535459,0.766967,0.470856,-0.129264,-0.577400,-0.552606
-0.085572,0.478773,0.714649,0.430685,-0.158368,-0.601393,-0.573484
-0.103361,0.463071,0.700041,0.421069,-0.159129,-0.591427,-0.559727
-0.108310,0.416150,0.607633,0.305087,-0.262321,-0.664350,-0.629014
-0.245273,0.154532,0.242069,-0.071620,-0.548450,-0.796232,-0.573859
0.023524,0.632050,0.842345,0.501764,-0.135588,-0.604013,-0.607131
-0.206809,0.269967,0.455239,0.200274,-0.288722,-0.606216,-0.477360
0.041017,0.609342,0.820821,0.507785,-0.100322,-0.548563,-0.518995
-0.046259,0.521776,0.756420,0.466347,-0.130720,-0.582664,-0.570435
-0.132448,0.399216,0.622252,0.357807,-0.182598,-0.569603,-0.500839
-0.015636,0.545218,0.766882,0.471758,-0.120546,-0.559963,-0.528486
-0.059717,0.501461,0.732243,0.443230,-0.148878,-0.591999,-0.561258
-0.089308,0.477957,0.713797,0.429798,-0.153433,-0.585804,-0.554178
-0.104790,0.409849,0.588669,0.280416,-0.282875,-0.665199,-0.572252
-0.058191,0.524424,0.754961,0.453982,-0.149981,-0.600945,-0.575044
-0.102027,0.466295,0.700256,0.407559,-0.192096,-0.638784,-0.611571
-0.161663,0.351544,0.526028,0.217393,-0.335527,-0.704636,-0.638627
-0.241093,0.149918,0.219953,-0.102287,-0.571959,-0.808741,-0.605738
-0.078325,0.443307,0.611477,0.299501,-0.257717,-0.632074,-0.547838
-0.090265,0.390486,0.528898,0.210888,-0.319092,-0.640087,-0.485394
0.070301,0.667789,0.892532,0.577976,-0.039459,-0.496952,-0.472652
-0.002213,0.566467,0.805653,0.522022,-0.068668,-0.514305,-0.489975
-0.023407,0.537537,0.768074,0.473938,-0.123253,-0.569466,-0.535927
-0.059258,0.511703,0.748276,0.463036,-0.124352,-0.560852,-0.525505
-0.049980,0.518875,0.756283,0.469921,-0.122486,-0.566891,-0.539375
-0.070621,0.495422,0.726143,0.432186,-0.168720,-0.615677,-0.583851
-0.109840,0.454578,0.683701,0.398907,-0.175339,-0.592945,-0.542782
-0.067215,0.486053,0.702164,0.405453,-0.179626,-0.605042,-0.557728
-0.076191,0.491779,0.720505,0.421642,-0.181196,-0.629087,-0.596231
-0.116320,0.460791,0.703459,0.419390,-0.170742,-0.609951,-0.578259
-0.106340,0.456012,0.685034,0.396237,-0.190764,-0.623939,-0.584313
-0.106485,0.462700,0.696538,0.406652,-0.188266,-0.632215,-0.600334
-0.125295,0.444058,0.679044,0.387365,-0.211277,-0.657936,-0.624832
-0.143692,0.435614,0.681438,0.404408,-0.176796,-0.612038,-0.579346
-0.111320,0.450108,0.681141,0.394341,-0.194592,-0.632607,-0.600704
-0.128574,0.434967,0.663219,0.366825,-0.232582,-0.677067,-0.639851
-0.155613,0.424812,0.671749,0.394844,-0.187206,-0.622314,-0.589485
-0.121323,0.440239,0.673363,0.389610,-0.194344,-0.629379,-0.597466
-0.129219,0.430466,0.657829,0.363487,-0.232910,-0.675385,-0.640091
-0.158730,0.417870,0.658089,0.370621,-0.224831,-0.671249,-0.646690
-0.205276,0.294647,0.455971,0.143105,-0.402283,-0.749275,-0.625206
-0.119362,0.397507,0.540451,0.191772,-0.391052,-0.760490,-0.635231
-0.084251,0.524200,0.759834,0.447296,-0.177879,-0.641075,-0.613609
-0.129272,0.457108,0.708961,0.434967,-0.146156,-0.582306,-0.551491
-0.085327,0.475227,0.706367,0.418686,-0.168182,-0.606117,-0.572182
-0.100975,0.462624,0.691910,0.395554,-0.203812,-0.647293,-0.611031
-0.127747,0.451729,0.695763,0.410126,-0.184494,-0.631073,-0.601799
-0.126411,0.449142,0.694176,0.418320,-0.162704,-0.597771,-0.565880
-0.098656,0.461002,0.687355,0.393955,-0.201508,-0.643074,-0.606869
-0.127544,0.447029,0.685234,0.395771,-0.200684,-0.646149,-0.612839
-0.133453,0.444115,0.690170,0.414341,-0.165672,-0.599735,-0.567833
-0.100590,0.458107,0.686436,0.397926,-0.191719,-0.629463,-0.594368
-0.120049,0.447613,0.677990,0.383701,-0.215576,-0.659931,-0.623569
-0.140179,0.440380,0.685493,0.402878,-0.189724,-0.643093,-0.648865
-0.253120,0.227917,0.420345,0.160763,-0.346478,-0.684971,-0.568123
-0.047958,0.527039,0.741230,0.421131,-0.199821,-0.655895,-0.624302
-0.144665,0.432178,0.676540,0.399036,-0.184586,-0.626133,-0.623123
-0.219658,0.271955,0.478764,0.235370,-0.260721,-0.597945,-0.492545
0.009427,0.566384,0.770513,0.451177,-0.163162,-0.610734,-0.571705
-0.084703,0.497474,0.741251,0.454370,-0.143437,-0.592209,-0.564136
-0.088968,0.486364,0.731176,0.451180,-0.139805,-0.583769,-0.556793
-0.085646,0.481800,0.716841,0.429121,-0.164631,-0.606451,-0.572466
-0.094368,0.478010,0.712082,0.418518,-0.182976,-0.630510,-0.595348
-0.110224,0.473028,0.719830,0.436924,-0.156944,-0.605713,-0.579590
-0.114166,0.439800,0.661491,0.372269,-0.205383,-0.621483,-0.564934
-0.075226,0.496937,0.724934,0.421440,-0.185009,-0.632568,-0.596458
-0.109413,0.472809,0.718590,0.433697,-0.162136,-0.608952,-0.580891
-0.105732,0.468620,0.711483,0.433468,-0.148716,-0.583958,-0.550297
-0.081310,0.479111,0.706215,0.410629,-0.187008,-0.629742,-0.593731
-0.112644,0.463676,0.701653,0.411961,-0.185692,-0.631378,-0.598289
-0.118145,0.460171,0.705986,0.425037,-0.165909,-0.611790,-0.584751
-0.113537,0.455929,0.693954,0.409195,-0.178692,-0.614697,-0.579830
-0.104767,0.462654,0.691818,0.395344,-0.203167,-0.646770,-0.608685
-0.124565,0.455738,0.699615,0.414799,-0.179985,-0.624775,-0.595684
-0.120480,0.451965,0.691967,0.410141,-0.174839,-0.610895,-0.576080
-0.103994,0.458521,0.685753,0.387369,-0.212061,-0.654617,-0.616470
-0.130337,0.450987,0.693926,0.408175,-0.187529,-0.634209,-0.604059
-0.126827,0.449581,0.696440,0.418478,-0.168533,-0.611486,-0.584480
-0.117205,0.446409,0.677658,0.387163,-0.206402,-0.645102,-0.607040
-0.124899,0.449537,0.685652,0.393139,-0.205355,-0.648937,-0.613764
-0.131552,0.447840,0.692770,0.409968,-0.181836,-0.626607,-0.597496
-0.125200,0.445341,0.682479,0.397818,-0.188016,-0.623940,-0.586061
-0.110941,0.455561,0.683812,0.387416,-0.211020,-0.653569,-0.616392
-0.132196,0.447208,0.691175,0.406444,-0.187274,-0.632962,-0.602806
-0.127521,0.448912,0.696771,0.423706,-0.158453,-0.600505,-0.576517
-0.114183,0.441602,0.664120,0.363997,-0.237150,-0.679452,-0.637144
-0.145906,0.440477,0.686477,0.400831,-0.197698,-0.647176,-0.616865
-0.137520,0.442938,0.691856,0.414959,-0.172948,-0.617766,-0.591631
-0.122286,0.443377,0.676660,0.386225,-0.207280,-0.645920,-0.606823
-0.124633,0.449853,0.686017,0.393553,-0.205870,-0.650374,-0.614158
-0.131890,0.448532,0.693508,0.411728,-0.181017,-0.626721,-0.597557
-0.123256,0.452201,0.700069,0.427990,-0.153194,-0.595257,-0.572257
-0.110903,0.443911,0.665466,0.364390,-0.236726,-0.678021,-0.634714
-0.142489,0.442920,0.689908,0.404263,-0.193288,-0.647658,-0.649538
-0.241147,0.261208,0.477686,0.235083,-0.271941,-0.627810,-0.536974
-0.041614,0.516613,0.722983,0.402946,-0.208176,-0.650599,-0.603531
-0.107584,0.478578,0.721423,0.431668,-0.167029,-0.615703,-0.584600
-0.105451,0.471878,0.716715,0.437722,-0.150311,-0.592327,-0.565374
-0.096198,0.467340,0.697538,0.404043,-0.188591,-0.626371,-0.586424
-0.103395,0.469965,0.705011,0.411436,-0.187138,-0.631779,-0.595701
-0.113575,0.465729,0.709595,0.425735,-0.167120,-0.611958,-0.582914
-0.108736,0.465620,0.713373,0.440201,-0.142067,-0.583254,-0.560362
-0.099119,0.456560,0.677996,0.379726,-0.216658,-0.653265,-0.608248
-0.119213,0.461075,0.702011,0.413298,-0.183390,-0.628115,-0.596029
-0.117855,0.458508,0.705318,0.429262,-0.155863,-0.596948,-0.571024
-0.105798,0.451876,0.675287,0.376047,-0.220321,-0.657889,-0.612846
-0.123787,0.456529,0.695539,0.403940,-0.194627,-0.644144,-0.628521
-0.188141,0.345902,0.572282,0.309203,-0.235700,-0.637896,-0.617376
-0.226834,0.234394,0.418915,0.171999,-0.311945,-0.633221,-0.512012
-0.000233,0.560585,0.760727,0.432560,-0.185644,-0.631184,-0.585255
-0.089460,0.498499,0.743124,0.456106,-0.140862,-0.588800,-0.560881
-0.085865,0.489317,0.735933,0.461630,-0.120787,-0.562122,-0.537432
-0.076357,0.478172,0.698463,0.398083,-0.199419,-0.636162,-0.591280
-0.101406,0.478733,0.719521,0.429680,-0.167149,-0.612019,-0.580078
-0.102051,0.474167,0.720829,0.445601,-0.138706,-0.579960,-0.555183
-0.090118,0.474228,0.716944,0.444637,-0.132866,-0.571285,-0.548584
-0.091436,0.458229,0.675657,0.373421,-0.224941,-0.664484,-0.620420
-0.130377,0.454821,0.700623,0.417706,-0.176168,-0.622013,-0.595919
-0.135403,0.411749,0.629622,0.342482,-0.229198,-0.644256,-0.600347
-0.140733,0.395760,0.605028,0.312293,-0.260042,-0.665978,-0.595450
-0.093837,0.488173,0.722996,0.426268,-0.175431,-0.623173,-0.591145
-0.111077,0.467162,0.714855,0.439670,-0.145569,-0.589699,-0.570700
-0.119170,0.431769,0.669019,0.403024,-0.159431,-0.580983,-0.546450
-0.083438,0.466178,0.680628,0.374460,-0.225842,-0.665356,-0.621263
-0.130213,0.455006,0.702780,0.422794,-0.167198,-0.612130,-0.585132
-0.115909,0.453539,0.697405,0.421360,-0.160820,-0.600942,-0.575039
-0.111786,0.444910,0.666376,0.368142,-0.227230,-0.663810,-0.618763
-0.130675,0.450631,0.692577,0.406818,-0.185963,-0.629748,-0.598682
-0.124451,0.448985,0.692897,0.415922,-0.168156,-0.609179,-0.583193
-0.117903,0.438860,0.661369,0.361240,-0.236008,-0.672493,-0.626375
-0.136248,0.446106,0.688110,0.399483,-0.196140,-0.645670,-0.636896
-0.208183,0.313326,0.536079,0.281132,-0.247896,-0.636314,-0.616793
-0.260443,0.124920,0.230377,-0.046999,-0.493710,-0.731188,-0.522052
0.049511,0.632449,0.822272,0.471175,-0.169755,-0.628050,-0.584017
-0.084244,0.510588,0.764950,0.486600,-0.104712,-0.551936,-0.529172
-0.064154,0.500144,0.739877,0.462660,-0.118736,-0.557109,-0.529481
-0.067455,0.486065,0.705356,0.403006,-0.194495,-0.630261,-0.583436
-0.094568,0.486529,0.727286,0.439367,-0.154582,-0.598554,-0.566701
-0.091693,0.480553,0.723282,0.444154,-0.141087,-0.581313,-0.555517
-0.091396,0.469086,0.707973,0.434806,-0.139644,-0.572108,-0.543504
-0.083439,0.467163,0.683566,0.383240,-0.211276,-0.646034,-0.601138
-0.114178,0.465031,0.708803,0.426804,-0.162254,-0.603331,-0.578375
-0.123871,0.412438,0.620546,0.332518,-0.232227,-0.637482,-0.585815
-0.124376,0.408065,0.610385,0.309790,-0.266428,-0.683046,-0.656304
-0.247871,0.232065,0.423404,0.172502,-0.319299,-0.656170,-0.593381
-0.205881,0.214245,0.354135,0.091326,-0.372221,-0.659605,-0.552662
-0.153643,0.236873,0.327887,0.035208,-0.419842,-0.659737,-0.450073
0.122978,0.705425,0.893772,0.539253,-0.106060,-0.568703,-0.528988
-0.030575,0.565834,0.823704,0.547840,-0.043945,-0.494576,-0.479103
-0.025223,0.523148,0.751003,0.473740,-0.095016,-0.515984,-0.475021
-0.006630,0.545380,0.760239,0.453484,-0.146439,-0.583626,-0.540176
-0.051727,0.526993,0.769295,0.485832,-0.105659,-0.549164,-0.521736
-0.053070,0.513863,0.755226,0.479630,-0.099197,-0.536972,-0.512665
-0.052956,0.504128,0.740616,0.465069,-0.113697,-0.551418,-0.528027
-0.070198,0.479160,0.698235,0.401535,-0.192326,-0.628387,-0.587715
-0.106899,0.467201,0.705910,0.423779,-0.163460,-0.603710,-0.582817
-0.146008,0.361050,0.545065,0.252707,-0.292879,-0.663515,-0.567778
-0.058765,0.512991,0.727886,0.412388,-0.198143,-0.642913,-0.602078
-0.113283,0.468721,0.713309,0.431142,-0.160038,-0.608099,-0.604712
-0.192083,0.308602,0.512677,0.255827,-0.262389,-0.622513,-0.532964
-0.038880,0.523941,0.744629,0.448540,-0.148623,-0.593826,-0.569054
-0.103016,0.457416,0.686488,0.395786,-0.194079,-0.631067,-0.592289
-0.114323,0.458906,0.700659,0.420567,-0.163673,-0.602903,-0.578070
-0.122713,0.417372,0.630196,0.340981,-0.229824,-0.642059,-0.585594
-0.101818,0.462517,0.684711,0.383293,-0.213284,-0.650085,-0.608189
-0.125179,0.450123,0.689045,0.405174,-0.181831,-0.621845,-0.593880
-0.134438,0.409691,0.624577,0.337402,-0.232357,-0.644535,-0.593868
-0.136345,0.371708,0.531315,0.200123,-0.378067,-0.761475,-0.680328
-0.208214,0.315285,0.513641,0.236473,-0.297958,-0.672195,-0.630806
-0.261574,0.123859,0.217670,-0.067341,-0.511848,-0.738354,-0.516388
0.060078,0.638100,0.827938,0.488571,-0.130970,-0.574913,-0.529366
-0.040794,0.536098,0.769749,0.476734,-0.118364,-0.560549,-0.531813
-0.068689,0.487871,0.720917,0.445866,-0.124592,-0.548222,-0.508915
-0.039225,0.521885,0.753572,0.470335,-0.114100,-0.553530,-0.525972
-0.063042,0.490398,0.711563,0.414974,-0.176821,-0.608887,-0.565237
-0.082445,0.490675,0.727432,0.440435,-0.150650,-0.591782,-0.567860
-0.126101,0.378048,0.550390,0.243534,-0.307627,-0.674021,-0.568216
-0.048252,0.534353,0.764877,0.467791,-0.131342,-0.579475,-0.554680
-0.087643,0.472797,0.702854,0.412149,-0.176744,-0.611797,-0.577940
-0.120478,0.406069,0.597668,0.297192,-0.265234,-0.654514,-0.586040
-0.129431,0.365021,0.519941,0.204618,-0.342230,-0.706299,-0.638227
-0.222046,0.237242,0.402262,0.140909,-0.341711,-0.649950,-0.543167
-0.102316,0.356009,0.496618,0.200321,-0.311074,-0.634158,-0.514742
-0.031105,0.484253,0.661824,0.361111,-0.190817,-0.567754,-0.477296
0.029400,0.603731,0.831905,0.534431,-0.066069,-0.516546,-0.493103
-0.028395,0.531685,0.759420,0.465429,-0.128681,-0.569885,-0.533342
-0.053694,0.522171,0.767502,0.489967,-0.094677,-0.537249,-0.513783
-0.051977,0.510111,0.747652,0.470217,-0.112373,-0.550955,-0.526463
-0.065592,0.489712,0.713701,0.421864,-0.167177,-0.601400,-0.561840
-0.082125,0.489901,0.729479,0.450159,-0.133320,-0.571802,-0.544279
-0.081378,0.477894,0.713627,0.434404,-0.147022,-0.584445,-0.556847
-0.093870,0.464503,0.697393,0.415357,-0.169831,-0.608048,-0.579281
-0.112212,0.449241,0.680305,0.393529,-0.193420,-0.627521,-0.592717
-0.119666,0.443810,0.676878,0.394045,-0.189978,-0.625084,-0.592255
-0.121159,0.445263,0.683203,0.402266,-0.183784,-0.623831,-0.596874
-0.131596,0.428085,0.655441,0.365002,-0.222649,-0.656464,-0.624302
-0.161674,0.391479,0.624092,0.352535,-0.211521,-0.626839,-0.581234
-0.108227,0.452274,0.682396,0.397614,-0.187359,-0.625362,-0.595402
-0.131058,0.425747,0.650253,0.355034,-0.234413,-0.667084,-0.624016
-0.140823,0.434662,0.675728,0.395927,-0.188011,-0.625969,-0.596939
-0.130585,0.431137,0.667358,0.388618,-0.192314,-0.628273,-0.599213
-0.133804,0.426010,0.660332,0.376785,-0.209885,-0.648598,-0.619331
-0.152740,0.404343,0.630096,0.342957,-0.236534,-0.659332,-0.615273
-0.157471,0.361610,0.542892,0.234154,-0.330597,-0.714355,-0.624771
-0.127708,0.417564,0.610146,0.295990,-0.286827,-0.691429,-0.615669
-0.108864,0.471451,0.700699,0.398445,-0.202866,-0.644356,-0.614929
-0.169655,0.335060,0.505028,0.200714,-0.344986,-0.702065,-0.586044
-0.057915,0.530838,0.761589,0.461800,-0.141960,-0.593704,-0.568577
-0.100235,0.465412,0.702576,0.417942,-0.173729,-0.621300,-0.615471
-0.200420,0.296806,0.491600,0.224575,-0.293949,-0.643635,-0.537880
-0.028709,0.540264,0.759239,0.454609,-0.145153,-0.589031,-0.556107
-0.083950,0.483521,0.719564,0.433811,-0.157015,-0.599844,-0.570765
-0.101437,0.464209,0.697470,0.412870,-0.169973,-0.600010,-0.561184
-0.087080,0.479387,0.713459,0.429663,-0.155319,-0.591381,-0.560482
-0.093255,0.469329,0.705414,0.423613,-0.160368,-0.598366,-0.569383
-0.103078,0.457617,0.685973,0.392610,-0.203798,-0.647268,-0.614911
-0.142327,0.414831,0.636760,0.346800,-0.232556,-0.650337,-0.599360
-0.135673,0.381418,0.553886,0.238367,-0.326261,-0.705995,-0.623170
-0.159172,0.330887,0.476577,0.155044,-0.390139,-0.729112,-0.592223
-0.066846,0.474251,0.636311,0.295818,-0.288679,-0.670530,-0.559536
-0.022713,0.579525,0.819733,0.522465,-0.082718,-0.535873,-0.513130
-0.046181,0.519047,0.757748,0.475601,-0.111660,-0.552917,-0.525215
-0.058235,0.504101,0.736027,0.446194,-0.143795,-0.580910,-0.544224
-0.068333,0.496967,0.726955,0.437157,-0.151817,-0.586960,-0.548309
-0.070480,0.499680,0.738388,0.454292,-0.134888,-0.577072,-0.548332
-0.079346,0.484009,0.714996,0.422279,-0.176422,-0.622169,-0.588165
-0.108093,0.469170,0.713951,0.437828,-0.143456,-0.576836,-0.544250
-0.076332,0.484970,0.717842,0.434807,-0.148453,-0.584755,-0.553116
-0.086143,0.474243,0.705215,0.416397,-0.174538,-0.615517,-0.583626
-0.110531,0.457870,0.694839,0.412937,-0.168209,-0.600471,-0.564823
-0.093872,0.468494,0.701439,0.417500,-0.166645,-0.602848,-0.575996
-0.117661,0.435143,0.664471,0.384766,-0.192245,-0.621380,-0.582634
-0.110561,0.452919,0.681110,0.384651,-0.215797,-0.661320,-0.626106
-0.142883,0.438492,0.687344,0.412334,-0.168821,-0.604996,-0.573229
-0.106117,0.455378,0.689411,0.407530,-0.175550,-0.611675,-0.580837
-0.113668,0.446909,0.674173,0.379728,-0.217749,-0.661299,-0.626089
-0.143841,0.433636,0.677648,0.399797,-0.182217,-0.615334,-0.581512
-0.112364,0.451149,0.684254,0.402430,-0.180592,-0.615684,-0.583819
-0.116611,0.444006,0.675217,0.386636,-0.204055,-0.643814,-0.611686
-0.137376,0.431256,0.665529,0.374125,-0.223270,-0.668690,-0.637286
-0.173455,0.368198,0.573795,0.281333,-0.280962,-0.672063,-0.598554
-0.127188,0.380908,0.535675,0.204571,-0.364750,-0.734482,-0.617328
-0.078299,0.519297,0.751005,0.437515,-0.183725,-0.644968,-0.621432
-0.165400,0.359735,0.544082,0.240336,-0.314580,-0.681763,-0.573810
-0.047811,0.540775,0.772341,0.471403,-0.133499,-0.583443,-0.556534
-0.085451,0.480954,0.714965,0.423292,-0.174374,-0.621048,-0.587963
-0.108803,0.467561,0.710465,0.424678,-0.171065,-0.617786,-0.587679
-0.110493,0.464893,0.709758,0.430796,-0.156232,-0.597250,-0.567353
-0.097215,0.469233,0.706217,0.420422,-0.171420,-0.615253,-0.585215
-0.111025,0.458461,0.694550,0.403966,-0.194573,-0.641133,-0.606955
-0.125732,0.455607,0.703445,0.428406,-0.151805,-0.587046,-0.555332
-0.089254,0.471214,0.702274,0.416470,-0.171475,-0.609494,-0.576624
-0.105491,0.458036,0.687246,0.391798,-0.208628,-0.653150,-0.616950
-0.132746,0.448620,0.695507,0.414643,-0.173288,-0.615200,-0.602788
-0.190984,0.274706,0.417742,0.108237,-0.420137,-0.745381,-0.595863
-0.041370,0.556894,0.779493,0.455997,-0.173208,-0.636485,-0.605201
-0.117079,0.471094,0.720818,0.435926,-0.161861,-0.612562,-0.584446
-0.106302,0.471006,0.717775,0.442654,-0.137642,-0.571991,-0.540375
-0.073418,0.484989,0.714005,0.423244,-0.166685,-0.605694,-0.570875
-0.096834,0.470549,0.700647,0.406078,-0.193480,-0.638121,-0.602039
-0.118933,0.460365,0.706181,0.428160,-0.154028,-0.588299,-0.555624
-0.087616,0.473787,0.703821,0.416022,-0.171946,-0.609987,-0.577139
-0.105051,0.459422,0.687615,0.391161,-0.208310,-0.652861,-0.615715
-0.131549,0.449779,0.694674,0.409884,-0.184866,-0.631580,-0.602439
-0.127184,0.447266,0.692183,0.415229,-0.165900,-0.600096,-0.568322
-0.100228,0.459309,0.685542,0.389098,-0.208410,-0.650038,-0.612926
-0.130748,0.446657,0.686689,0.398059,-0.199519,-0.645126,-0.612933
-0.133676,0.442788,0.685795,0.405972,-0.179951,-0.631590,-0.684478
-0.417444,-0.113722,-0.048109,-0.298517,-0.666710,-0.806831,-0.514886
0.106502,0.703645,0.884096,0.511983,-0.149777,-0.623831,-0.586625
-0.083851,0.518837,0.780005,0.502539,-0.094738,-0.550802,-0.531914
-0.064878,0.503372,0.742140,0.458105,-0.131021,-0.572170,-0.539476
-0.064617,0.503571,0.735439,0.438713,-0.162991,-0.609756,-0.574814
-0.089905,0.493126,0.738728,0.453651,-0.142361,-0.591312,-0.563416
-0.088425,0.486736,0.731373,0.455112,-0.126308,-0.561779,-0.530296
-0.063477,0.495770,0.720737,0.424980,-0.172821,-0.614750,-0.578918
-0.098015,0.477150,0.714954,0.425091,-0.172741,-0.619576,-0.587627
-0.107639,0.469543,0.715214,0.433140,-0.157946,-0.603962,-0.576088
-0.105021,0.463324,0.699259,0.410471,-0.184334,-0.628170,-0.594227
-0.115192,0.458120,0.694096,0.401443,-0.199142,-0.646753,-0.612640
-0.128551,0.454653,0.702385,0.419428,-0.174486,-0.622324,-0.594299
-0.121128,0.452233,0.695095,0.415125,-0.168014,-0.604201,-0.571470
-0.100475,0.460960,0.685169,0.386717,-0.213754,-0.657343,-0.618266
-0.131210,0.450051,0.693905,0.407107,-0.189635,-0.636366,-0.606266
-0.130060,0.445333,0.690209,0.413212,-0.168934,-0.603160,-0.570439
-0.102385,0.457115,0.683311,0.386829,-0.209736,-0.651409,-0.614340
-0.133183,0.443213,0.682245,0.392626,-0.203981,-0.650576,-0.617409
-0.138161,0.440245,0.686155,0.405302,-0.185549,-0.630350,-0.602243
-0.130943,0.437634,0.675760,0.392075,-0.193764,-0.628719,-0.592808
-0.119633,0.444939,0.673233,0.374931,-0.224419,-0.667870,-0.629631
-0.143406,0.438011,0.683975,0.400246,-0.193451,-0.639122,-0.610897
-0.136551,0.434071,0.673244,0.389622,-0.197132,-0.632988,-0.596996
-0.121792,0.443821,0.672169,0.373917,-0.226357,-0.669746,-0.631447
-0.144180,0.437286,0.681347,0.394756,-0.200798,-0.647331,-0.617031
-0.138676,0.438850,0.685841,0.408989,-0.178875,-0.621693,-0.595531
-0.128113,0.435642,0.667038,0.375710,-0.216724,-0.655281,-0.616100
-0.132847,0.441715,0.677959,0.385574,-0.211819,-0.656261,-0.620956
-0.138618,0.440899,0.685955,0.403278,-0.188400,-0.633045,-0.603806
-0.130409,0.439274,0.677513,0.392967,-0.192753,-0.628559,-0.591545
-0.116299,0.448372,0.676765,0.378555,-0.221676,-0.664047,-0.624741
-0.138432,0.443066,0.688129,0.403511,-0.190094,-0.635674,-0.606384
-0.130978,0.444595,0.692581,0.419643,-0.162392,-0.604317,-0.579227
-0.116779,0.440094,0.664669,0.366589,-0.229610,-0.667011,-0.622776
-0.134514,0.446968,0.690060,0.403484,-0.192055,-0.638577,-0.607288
-0.130882,0.444710,0.689781,0.412006,-0.174824,-0.617592,-0.589428
-0.121002,0.442772,0.672230,0.378986,-0.216328,-0.654804,-0.613594
-0.129303,0.447262,0.683533,0.391174,-0.207165,-0.651573,-0.616238
-0.132889,0.447628,0.692698,0.411011,-0.181643,-0.628233,-0.606781
-0.149887,0.405397,0.644026,0.378424,-0.185591,-0.606731,-0.565926
-0.095722,0.462002,0.679600,0.374601,-0.230404,-0.672621,-0.629255
-0.135994,0.452394,0.700378,0.414742,-0.182802,-0.631306,-0.601986
-0.124601,0.454888,0.704799,0.430836,-0.154166,-0.597085,-0.572001
-0.107607,0.452172,0.677670,0.380498,-0.215776,-0.654228,-0.611039
-0.121862,0.458569,0.699646,0.409119,-0.189364,-0.634892,-0.601646
-0.120371,0.458091,0.704052,0.424223,-0.164639,-0.608449,-0.580341
-0.109043,0.462460,0.707385,0.432389,-0.150709,-0.592717,-0.568684
-0.105332,0.451460,0.675952,0.377783,-0.219477,-0.657930,-0.614741
-0.125564,0.456821,0.700811,0.414147,-0.181485,-0.627120,-0.596910
-0.119621,0.457820,0.705700,0.431678,-0.152407,-0.594416,-0.569407
-0.106065,0.450718,0.674224,0.375079,-0.222173,-0.658663,-0.613528
-0.123402,0.457972,0.700960,0.412325,-0.183306,-0.628939,-0.597752
-0.119492,0.457933,0.705797,0.429808,-0.154274,-0.596281,-0.570293
-0.105980,0.451765,0.675247,0.376080,-0.221195,-0.658686,-0.613565
-0.123451,0.457909,0.697952,0.406401,-0.192118,-0.637682,-0.603497
-0.122265,0.456154,0.702072,0.422201,-0.166700,-0.609575,-0.581516
-0.110266,0.460213,0.704124,0.429100,-0.154024,-0.595083,-0.570108
-0.106800,0.450926,0.674391,0.377157,-0.219177,-0.655735,-0.611645
-0.123529,0.456827,0.698807,0.411129,-0.184532,-0.629219,-0.597092
-0.120832,0.455587,0.703434,0.429379,-0.154739,-0.595804,-0.572790
-0.120213,0.415165,0.614536,0.304180,-0.283659,-0.696167,-0.624334
-0.112633,0.478397,0.719233,0.423578,-0.180964,-0.631519,-0.600327
-0.120108,0.459257,0.708069,0.431063,-0.155979,-0.604824,-0.612953
-0.234200,0.207539,0.356148,0.079519,-0.407486,-0.703461,-0.545450
0.000843,0.580238,0.783157,0.447975,-0.181091,-0.634464,-0.592388
-0.096508,0.495449,0.746960,0.466766,-0.125393,-0.572475,-0.547619
-0.079544,0.489735,0.733433,0.459164,-0.123215,-0.563534,-0.537838
-0.075771,0.477795,0.698105,0.397743,-0.198765,-0.635498,-0.589630
-0.100731,0.479420,0.720215,0.431358,-0.164494,-0.609375,-0.577442
-0.100403,0.475811,0.721497,0.446274,-0.139000,-0.581219,-0.555439
-0.090359,0.474979,0.717701,0.446377,-0.130150,-0.567608,-0.544930
-0.087803,0.460865,0.678280,0.376026,-0.222347,-0.661907,-0.617859
-0.127831,0.456379,0.705101,0.425079,-0.165924,-0.610882,-0.584888
-0.118614,0.444984,0.681103,0.403244,-0.173897,-0.604141,-0.569424
-0.100368,0.457190,0.677557,0.375303,-0.224054,-0.661654,-0.617617
-0.129553,0.450752,0.693659,0.407877,-0.184929,-0.634598,-0.638659
-0.240242,0.248323,0.453093,0.207682,-0.293333,-0.648125,-0.607002
-0.251711,0.119907,0.212723,-0.066437,-0.504169,-0.727867,-0.506052
0.075142,0.660782,0.849373,0.494122,-0.150928,-0.613308,-0.571373
-0.070751,0.526875,0.785954,0.512276,-0.078320,-0.527763,-0.510136
-0.049229,0.515873,0.759331,0.488728,-0.087090,-0.524826,-0.501453
-0.046577,0.500828,0.715038,0.413509,-0.183178,-0.617165,-0.571507
-0.082821,0.496143,0.738689,0.453518,-0.138691,-0.580936,-0.551281
-0.080410,0.488716,0.731277,0.455891,-0.127598,-0.568043,-0.547348
-0.107815,0.399010,0.568142,0.245403,-0.332233,-0.716072,-0.612896
-0.079906,0.520493,0.760841,0.458836,-0.151024,-0.604900,-0.577980
-0.100048,0.477051,0.724590,0.448277,-0.138083,-0.584301,-0.582998
-0.175367,0.310598,0.496181,0.228821,-0.284178,-0.630341,-0.525003
-0.020159,0.540625,0.744644,0.420321,-0.193098,-0.637798,-0.592991
-0.100260,0.485641,0.733112,0.452822,-0.137478,-0.582718,-0.557983
-0.091007,0.476210,0.718840,0.445474,-0.133081,-0.570591,-0.546010
-0.087978,0.460611,0.676972,0.374654,-0.222811,-0.657561,-0.610702
-0.119842,0.461279,0.704017,0.420017,-0.172000,-0.614053,-0.584203
-0.112155,0.456186,0.697002,0.416959,-0.168207,-0.608356,-0.580525
-0.113409,0.452975,0.696735,0.426445,-0.151987,-0.590349,-0.567587
-0.111355,0.438387,0.657845,0.361526,-0.229013,-0.661783,-0.616869
-0.132816,0.443516,0.684437,0.401573,-0.188339,-0.630260,-0.601254
-0.134918,0.427765,0.665909,0.391033,-0.183147,-0.613388,-0.581596
-0.117390,0.434391,0.650990,0.348911,-0.247337,-0.681854,-0.635735
-0.146584,0.434803,0.678783,0.396996,-0.193802,-0.639526,-0.635773
-0.231564,0.238323,0.404079,0.122948,-0.386108,-0.710762,-0.581177
-0.064991,0.485554,0.675529,0.354877,-0.236332,-0.653168,-0.589535
-0.091824,0.484367,0.712448,0.410019,-0.194401,-0.640926,-0.604763
-0.121571,0.457813,0.703712,0.422844,-0.166069,-0.608955,-0.581882
-0.111614,0.457897,0.701824,0.429745,-0.149483,-0.587658,-0.563736
-0.103424,0.448406,0.668953,0.372742,-0.219654,-0.653282,-0.608246
-0.122120,0.455284,0.697273,0.414482,-0.175354,-0.618179,-0.593979
-0.148033,0.369061,0.556179,0.259083,-0.295105,-0.673290,-0.586002
-0.093174,0.451805,0.647015,0.338390,-0.243832,-0.653709,-0.587090
-0.090324,0.485901,0.715969,0.416489,-0.185009,-0.628643,-0.595474
-0.128925,0.416389,0.628540,0.335728,-0.234737,-0.641754,-0.592808
-0.155544,0.320717,0.464455,0.149776,-0.384705,-0.724792,-0.617332
-0.141617,0.371769,0.555212,0.264240,-0.278019,-0.652201,-0.604897
-0.222971,0.184795,0.301702,0.022964,-0.434873,-0.696080,-0.558312
-0.142421,0.238443,0.303293,-0.009447,-0.464838,-0.683578,-0.442211
0.159327,0.757298,0.948326,0.587662,-0.063740,-0.530476,-0.489937
0.008312,0.603569,0.858341,0.579411,-0.013474,-0.463242,-0.443993
0.019485,0.584198,0.828239,0.559181,-0.016098,-0.454285,-0.433327
0.019150,0.570999,0.804253,0.529396,-0.046738,-0.483826,-0.461761
-0.008194,0.537918,0.755714,0.459694,-0.129593,-0.561134,-0.518929
-0.040504,0.529259,0.765617,0.483101,-0.103554,-0.542252,-0.513969
-0.048378,0.512589,0.747063,0.467560,-0.115120,-0.553795,-0.527443
-0.066673,0.486572,0.706566,0.408821,-0.184120,-0.616341,-0.572845
-0.090202,0.481789,0.716461,0.428368,-0.161846,-0.600159,-0.570515
-0.121128,0.395458,0.578167,0.275723,-0.282795,-0.663315,-0.572483
-0.060524,0.521965,0.756287,0.463936,-0.134407,-0.586643,-0.577629
-0.140873,0.388596,0.603596,0.325335,-0.234615,-0.642933,-0.620667
-0.235228,0.193602,0.328445,0.050877,-0.425337,-0.704754,-0.531319
0.021473,0.606321,0.818552,0.497469,-0.120562,-0.576679,-0.551004
-0.079193,0.486954,0.717779,0.425881,-0.165174,-0.601393,-0.561856
-0.083144,0.487889,0.725510,0.443272,-0.142120,-0.579566,-0.550039
-0.084176,0.478033,0.713746,0.434503,-0.147920,-0.586330,-0.558733
-0.095758,0.464568,0.701346,0.422184,-0.160156,-0.600435,-0.573712
-0.111601,0.444941,0.672115,0.383440,-0.201485,-0.632599,-0.592884
-0.115944,0.453341,0.691183,0.410151,-0.173065,-0.610306,-0.581547
-0.117416,0.443081,0.679054,0.400078,-0.181099,-0.619247,-0.591389
-0.128143,0.426590,0.651001,0.357635,-0.231930,-0.665688,-0.633469
-0.179573,0.354191,0.564667,0.283875,-0.270767,-0.663071,-0.591728
-0.100052,0.469177,0.700134,0.409348,-0.181587,-0.623543,-0.595543
-0.129234,0.434402,0.669579,0.387856,-0.199944,-0.645630,-0.646713
-0.250229,0.221771,0.396461,0.123207,-0.386833,-0.722229,-0.614029
-0.129761,0.393066,0.575119,0.271049,-0.290047,-0.672150,-0.582886
-0.071503,0.511398,0.746124,0.451248,-0.149597,-0.600395,-0.576286
-0.107979,0.456657,0.689896,0.402344,-0.185371,-0.619263,-0.580338
-0.103210,0.468208,0.708168,0.429222,-0.153877,-0.591003,-0.563110
-0.098862,0.462723,0.697815,0.418945,-0.163109,-0.600182,-0.572227
-0.107918,0.451775,0.683044,0.397453,-0.193207,-0.634888,-0.603699
-0.131287,0.438393,0.677605,0.395973,-0.190758,-0.628555,-0.598381
-0.133835,0.420250,0.643036,0.356850,-0.220718,-0.647469,-0.624908
-0.215752,0.237564,0.372246,0.064232,-0.451912,-0.769920,-0.644470
-0.179253,0.284672,0.405453,0.083660,-0.433445,-0.735806,-0.580212
-0.067554,0.444340,0.590160,0.257999,-0.302612,-0.658840,-0.531246
0.011278,0.609394,0.843557,0.539320,-0.072765,-0.531791,-0.510957
-0.042971,0.522310,0.754225,0.465354,-0.122707,-0.557919,-0.519346
-0.041593,0.528483,0.767101,0.485847,-0.097601,-0.536057,-0.508515
-0.043647,0.516592,0.751324,0.472080,-0.110348,-0.548771,-0.521191
-0.058239,0.500105,0.731009,0.443090,-0.147928,-0.589973,-0.560120
-0.089046,0.480276,0.718157,0.439106,-0.142149,-0.575497,-0.541908
-0.073000,0.487343,0.720228,0.437206,-0.146032,-0.581345,-0.550680
-0.084663,0.475742,0.706739,0.419895,-0.169081,-0.609098,-0.578207
-0.107082,0.457413,0.690512,0.404778,-0.179192,-0.611316,-0.580417
-0.136626,0.369538,0.542900,0.234127,-0.322837,-0.703769,-0.652404
-0.265472,0.130662,0.221400,-0.080325,-0.543344,-0.783304,-0.576618
-0.020168,0.540966,0.727757,0.399057,-0.204044,-0.636568,-0.622662
-0.249416,0.157570,0.270779,-0.005764,-0.450676,-0.680519,-0.459919
0.123970,0.718136,0.921021,0.582859,-0.049187,-0.511391,-0.482964
-0.004524,0.571098,0.813263,0.528671,-0.064919,-0.513435,-0.489998
-0.023346,0.541588,0.778038,0.496590,-0.084122,-0.516945,-0.482841
-0.015388,0.544479,0.773964,0.488533,-0.096115,-0.531860,-0.501633
-0.036064,0.522926,0.752510,0.464256,-0.126122,-0.566559,-0.535110
-0.065399,0.498672,0.727432,0.432510,-0.168373,-0.615311,-0.585411
-0.126015,0.404404,0.596909,0.291473,-0.276848,-0.665123,-0.577103
-0.072807,0.489395,0.696785,0.387520,-0.204132,-0.626282,-0.565979
-0.069611,0.511101,0.745613,0.447601,-0.161236,-0.615078,-0.588120
-0.120884,0.431942,0.650555,0.361214,-0.207767,-0.612343,-0.547310
-0.054077,0.518646,0.750122,0.458862,-0.134495,-0.576904,-0.548389
-0.080597,0.481564,0.714302,0.425278,-0.166840,-0.609966,-0.579231
-0.105328,0.462898,0.696760,0.403969,-0.194803,-0.641594,-0.609598
-0.128582,0.451574,0.697264,0.418142,-0.169039,-0.612162,-0.583371
-0.113349,0.454936,0.693746,0.411714,-0.176399,-0.618489,-0.590628
-0.121526,0.443897,0.674988,0.381405,-0.219125,-0.665699,-0.631534
-0.147388,0.434896,0.684650,0.409558,-0.172653,-0.608897,-0.579151
-0.111113,0.450325,0.684301,0.400414,-0.183678,-0.620806,-0.589981
-0.121847,0.438709,0.665953,0.371490,-0.226978,-0.670532,-0.635326
-0.153080,0.426346,0.670341,0.392475,-0.190533,-0.625607,-0.600559
-0.165497,0.325191,0.480297,0.164185,-0.387348,-0.746284,-0.647728
-0.185719,0.284798,0.405270,0.072433,-0.465382,-0.782398,-0.614952
-0.042694,0.567310,0.793732,0.468163,-0.167007,-0.636192,-0.607834
-0.120659,0.470482,0.727055,0.455784,-0.125580,-0.563919,-0.537231
-0.073208,0.485222,0.715237,0.429371,-0.157661,-0.595753,-0.562958
-0.091900,0.470573,0.698738,0.402252,-0.198231,-0.642803,-0.606663
-0.122513,0.457817,0.703678,0.426678,-0.156448,-0.591652,-0.559898
-0.091824,0.470619,0.703636,0.419773,-0.165276,-0.601402,-0.570560
-0.102417,0.458145,0.686375,0.390930,-0.206566,-0.650131,-0.613968
-0.133701,0.443760,0.684826,0.398197,-0.198372,-0.645912,-0.615635
-0.137299,0.440208,0.687176,0.413235,-0.166866,-0.601017,-0.570175
-0.103981,0.454651,0.681938,0.391426,-0.199230,-0.637978,-0.601917
-0.126644,0.441967,0.674263,0.380898,-0.218441,-0.663834,-0.635334
-0.183167,0.329350,0.502174,0.192875,-0.358746,-0.719727,-0.619293
-0.152496,0.316895,0.423553,0.075073,-0.469456,-0.784328,-0.608906
-0.028744,0.586166,0.812561,0.483051,-0.156021,-0.627125,-0.599689
-0.110504,0.481657,0.737282,0.458233,-0.136696,-0.586521,-0.562426
-0.090221,0.482176,0.725056,0.444122,-0.142906,-0.584904,-0.555004
-0.083887,0.482550,0.715616,0.421057,-0.178495,-0.625084,-0.591913
-0.108762,0.471558,0.715451,0.428689,-0.168997,-0.617643,-0.587490
-0.109282,0.469069,0.717849,0.443740,-0.136527,-0.571826,-0.542125
-0.076090,0.482380,0.709506,0.418825,-0.171999,-0.611895,-0.576977
-0.100885,0.467555,0.700655,0.406130,-0.193385,-0.638958,-0.603803
-0.121611,0.458734,0.704608,0.421764,-0.171061,-0.617822,-0.590683
-0.116437,0.455058,0.695094,0.410372,-0.182359,-0.625119,-0.593037
-0.117800,0.453702,0.687884,0.394434,-0.206944,-0.654360,-0.619076
-0.133826,0.449552,0.697457,0.413696,-0.181990,-0.635489,-0.626744
-0.194155,0.335098,0.558687,0.300657,-0.235336,-0.616984,-0.543882
-0.054373,0.506846,0.723020,0.413672,-0.193694,-0.641188,-0.603053
-0.116933,0.465352,0.708265,0.420532,-0.178114,-0.625759,-0.595587
-0.117360,0.460034,0.705914,0.429911,-0.151255,-0.585488,-0.553754
-0.085702,0.474768,0.703876,0.413208,-0.177603,-0.616508,-0.582561
-0.107430,0.460058,0.692216,0.396760,-0.201724,-0.646273,-0.610104
-0.126906,0.453461,0.698381,0.415569,-0.177224,-0.623952,-0.595803
-0.121531,0.449990,0.691029,0.411207,-0.173738,-0.610738,-0.576858
-0.104723,0.457843,0.685124,0.386788,-0.212592,-0.656077,-0.616897
-0.131692,0.449688,0.693660,0.407955,-0.187703,-0.633362,-0.604152
-0.126875,0.447625,0.690639,0.411799,-0.171198,-0.605291,-0.571461
-0.101330,0.459250,0.686516,0.390118,-0.208319,-0.649893,-0.612727
-0.130495,0.446963,0.687048,0.397493,-0.200024,-0.645571,-0.612341
-0.132057,0.445423,0.691391,0.410594,-0.180201,-0.623971,-0.595822
-0.124480,0.445115,0.682293,0.397671,-0.190076,-0.626919,-0.590929
-0.115724,0.450861,0.681150,0.384819,-0.213552,-0.656036,-0.617817
-0.133565,0.446871,0.691861,0.408142,-0.185548,-0.631211,-0.602005
-0.126685,0.444899,0.686001,0.405266,-0.178631,-0.614590,-0.579679
-0.108475,0.454145,0.679528,0.380289,-0.219986,-0.661426,-0.622172
-0.134940,0.446495,0.691499,0.405840,-0.189771,-0.636360,-0.606118
-0.129771,0.447714,0.694662,0.417766,-0.168189,-0.611071,-0.584973
-0.118596,0.444127,0.672542,0.377286,-0.221972,-0.665334,-0.627007
-0.139717,0.441778,0.685864,0.397344,-0.201101,-0.649520,-0.617183
-0.135829,0.445642,0.694587,0.415763,-0.175031,-0.620755,-0.599423
-0.157298,0.350150,0.520879,0.207549,-0.351975,-0.718836,-0.603723
-0.069647,0.523038,0.750857,0.437419,-0.182792,-0.640086,-0.607755
-0.120550,0.466717,0.716518,0.435611,-0.158228,-0.606971,-0.585704
-0.124112,0.436798,0.679043,0.410185,-0.160969,-0.588209,-0.552475
-0.083391,0.474197,0.695566,0.392347,-0.210896,-0.654301,-0.613091
-0.120991,0.465265,0.712114,0.426327,-0.171368,-0.621000,-0.591824
-0.113605,0.464754,0.713545,0.436518,-0.150545,-0.595507,-0.569517
-0.101295,0.462273,0.693480,0.400984,-0.193590,-0.632313,-0.593302
-0.109243,0.467091,0.705082,0.415403,-0.183216,-0.627903,-0.594803
-0.114649,0.462700,0.706583,0.424694,-0.167187,-0.612034,-0.583000
-0.109808,0.459667,0.695745,0.410032,-0.178797,-0.615738,-0.579847
-0.102789,0.464655,0.694815,0.398354,-0.202101,-0.645674,-0.608536
-0.123404,0.457903,0.702778,0.418943,-0.175840,-0.621611,-0.592512
-0.117302,0.459055,0.706839,0.433697,-0.149517,-0.596521,-0.599901
-0.195932,0.296173,0.489796,0.217709,-0.314623,-0.683842,-0.609158
-0.148342,0.371763,0.568703,0.283291,-0.268114,-0.658192,-0.611990
-0.190144,0.296242,0.487122,0.227943,-0.277924,-0.629715,-0.582691
-0.231323,0.119801,0.179615,-0.123447,-0.561420,-0.758980,-0.495636
0.122795,0.733612,0.930542,0.570839,-0.085472,-0.559990,-0.527168
-0.029716,0.567688,0.825569,0.546783,-0.047890,-0.500412,-0.480949
-0.014328,0.554474,0.799644,0.526833,-0.054115,-0.495964,-0.474716
-0.016090,0.535027,0.754860,0.454018,-0.143951,-0.581169,-0.537735
-0.050285,0.528419,0.767784,0.477501,-0.119781,-0.566078,-0.535553
-0.059921,0.514900,0.760170,0.483551,-0.101158,-0.542816,-0.519417
-0.056709,0.498466,0.720375,0.420609,-0.178238,-0.616310,-0.573738
-0.086143,0.492706,0.731239,0.440140,-0.157944,-0.605026,-0.573326
-0.094566,0.482368,0.727798,0.448418,-0.140007,-0.584366,-0.557777
-0.089943,0.478119,0.720619,0.445160,-0.137413,-0.579884,-0.556313
-0.095367,0.460011,0.682125,0.382576,-0.218010,-0.660728,-0.628605
-0.158203,0.403633,0.639961,0.363293,-0.212658,-0.644650,-0.639004
-0.241711,0.239883,0.440674,0.198158,-0.296080,-0.643181,-0.594437
-0.213039,0.209827,0.353411,0.083521,-0.393877,-0.683264,-0.520685
0.027206,0.609152,0.817528,0.487745,-0.138905,-0.596725,-0.561995
-0.073393,0.514273,0.768368,0.494638,-0.092098,-0.539673,-0.520187
-0.060371,0.500723,0.740211,0.465681,-0.114029,-0.552685,-0.528269
-0.069424,0.481920,0.701009,0.398458,-0.203146,-0.643953,-0.602122
-0.112339,0.471621,0.719122,0.436910,-0.156267,-0.603378,-0.576589
-0.105622,0.465554,0.711130,0.435801,-0.147626,-0.590938,-0.566244
-0.104190,0.452292,0.675500,0.376060,-0.220508,-0.658274,-0.614405
-0.126507,0.454611,0.695393,0.406527,-0.190310,-0.635181,-0.604218
-0.127153,0.449087,0.695782,0.418629,-0.166599,-0.612671,-0.610237
-0.194653,0.311897,0.524712,0.269680,-0.255524,-0.629406,-0.553493
-0.068031,0.486248,0.693600,0.379417,-0.228828,-0.670349,-0.625317
-0.132359,0.453773,0.702454,0.422390,-0.167683,-0.612686,-0.587715
-0.120506,0.446953,0.687866,0.410858,-0.171303,-0.610428,-0.583534
-0.119301,0.436417,0.657890,0.358688,-0.237640,-0.674187,-0.629112
-0.140991,0.439377,0.681366,0.395653,-0.197083,-0.639847,-0.608742
-0.134468,0.437057,0.681038,0.403145,-0.181839,-0.622772,-0.598656
-0.151817,0.367134,0.547310,0.228691,-0.351707,-0.744133,-0.649467
-0.122948,0.474953,0.715767,0.415199,-0.193222,-0.646652,-0.616348
-0.137009,0.443436,0.693329,0.419342,-0.164703,-0.607651,-0.584541
-0.126991,0.422112,0.648743,0.370285,-0.198654,-0.616867,-0.574135
-0.102013,0.452721,0.669319,0.365280,-0.233887,-0.673256,-0.634872
-0.159248,0.406784,0.644348,0.367920,-0.207794,-0.640518,-0.638535
-0.254639,0.201965,0.374092,0.117836,-0.366570,-0.686340,-0.598785
-0.191635,0.219650,0.313660,-0.004364,-0.499176,-0.768684,-0.565887
0.022835,0.632538,0.849869,0.518208,-0.117142,-0.582611,-0.553509
-0.068531,0.517498,0.770947,0.498528,-0.086910,-0.531246,-0.511482
-0.050415,0.511917,0.755558,0.487099,-0.087582,-0.524185,-0.502621
-0.050510,0.494154,0.709553,0.409204,-0.185337,-0.618170,-0.573326
-0.086422,0.492729,0.734486,0.452440,-0.136669,-0.578777,-0.551918
-0.083813,0.483547,0.725338,0.452118,-0.126293,-0.563662,-0.539919
-0.081741,0.467966,0.685436,0.384214,-0.211189,-0.644873,-0.598913
-0.109924,0.469343,0.711218,0.426363,-0.164549,-0.606485,-0.576521
-0.104361,0.464090,0.705013,0.428007,-0.154154,-0.592302,-0.568352
-0.124613,0.395170,0.587881,0.294371,-0.264084,-0.653336,-0.574091
-0.075562,0.493624,0.711832,0.400597,-0.209614,-0.657972,-0.626549
-0.155867,0.410152,0.650627,0.379042,-0.191879,-0.622791,-0.617058
-0.216750,0.269777,0.474477,0.233877,-0.262375,-0.605617,-0.509109
-0.016922,0.533273,0.730707,0.406696,-0.203479,-0.643990,-0.595028
-0.100135,0.485957,0.732639,0.449614,-0.141442,-0.585477,-0.559549
-0.090413,0.476992,0.720783,0.446615,-0.131759,-0.569088,-0.544330
-0.083192,0.474333,0.711265,0.434208,-0.147026,-0.587188,-0.563280
-0.102005,0.453705,0.679077,0.387640,-0.200999,-0.634819,-0.593878
-0.112791,0.461576,0.702504,0.422570,-0.163466,-0.604476,-0.577501
-0.113184,0.448472,0.685595,0.410683,-0.165491,-0.598683,-0.567868
-0.104631,0.448142,0.668650,0.370442,-0.221974,-0.655626,-0.611586
-0.125473,0.450946,0.691956,0.408199,-0.182599,-0.624419,-0.596291
-0.138640,0.402741,0.614900,0.328935,-0.235720,-0.639908,-0.578395
-0.092550,0.469925,0.685397,0.376336,-0.228787,-0.668195,-0.622042
-0.130905,0.453424,0.699340,0.418490,-0.171382,-0.614239,-0.586163
-0.115871,0.452682,0.695662,0.422647,-0.154579,-0.590770,-0.564879
-0.103593,0.454082,0.690190,0.414272,-0.164853,-0.600970,-0.574029
-0.113653,0.440192,0.663717,0.370453,-0.217065,-0.647817,-0.604811
-0.124606,0.446935,0.684088,0.399441,-0.188332,-0.628130,-0.600926
-0.152006,0.367057,0.555153,0.258048,-0.298100,-0.679204,-0.590904
-0.084376,0.487852,0.704195,0.391111,-0.217024,-0.660393,-0.617190
-0.127025,0.456341,0.702278,0.421451,-0.167424,-0.610271,-0.583160
-0.117733,0.441118,0.675463,0.399753,-0.173304,-0.598523,-0.564691
-0.114090,0.409561,0.604150,0.307613,-0.257747,-0.653842,-0.580402
-0.084693,0.485604,0.708823,0.407435,-0.191067,-0.630755,-0.596605
-0.137872,0.388958,0.578888,0.277737,-0.282424,-0.666529,-0.580229
-0.087402,0.457578,0.652786,0.343183,-0.237082,-0.644044,-0.573560
-0.074922,0.499253,0.723382,0.419965,-0.180551,-0.621257,-0.581284
-0.097251,0.478081,0.718006,0.433172,-0.155767,-0.596727,-0.565796
-0.094633,0.473806,0.716669,0.442556,-0.136736,-0.573999,-0.548199
-0.087004,0.471556,0.707560,0.430561,-0.148663,-0.585855,-0.559006
-0.097746,0.455996,0.679415,0.384092,-0.208399,-0.646032,-0.604963
-0.121794,0.457567,0.704420,0.428404,-0.155703,-0.595781,-0.570812
-0.106531,0.457041,0.697039,0.423019,-0.156178,-0.594320,-0.568411
-0.108082,0.446693,0.671139,0.380737,-0.206873,-0.637720,-0.596764
-0.122496,0.438280,0.664766,0.379318,-0.199478,-0.622568,-0.582716
-0.129078,0.387819,0.567907,0.260914,-0.302105,-0.688063,-0.618242
-0.172014,0.304346,0.445255,0.130709,-0.400713,-0.740696,-0.657541
-0.259617,0.129831,0.210039,-0.096260,-0.554047,-0.786861,-0.607277
-0.155804,0.237858,0.292931,-0.038284,-0.504169,-0.720600,-0.467178
0.152168,0.769737,0.982140,0.641670,-0.000473,-0.475616,-0.456116
0.018349,0.591026,0.830254,0.542755,-0.048836,-0.487564,-0.454430
0.019875,0.588470,0.829529,0.551659,-0.030411,-0.468475,-0.443481
0.015915,0.571686,0.805908,0.528107,-0.050964,-0.488007,-0.462997
-0.006485,0.541550,0.757355,0.458389,-0.131866,-0.563400,-0.520203
-0.037857,0.533829,0.771118,0.486588,-0.101089,-0.539810,-0.512543
-0.056732,0.481827,0.691193,0.399521,-0.173744,-0.585487,-0.529518
-0.044289,0.525383,0.759689,0.472214,-0.119347,-0.563889,-0.541389
-0.086403,0.453308,0.659904,0.359627,-0.218239,-0.628685,-0.570442
-0.106392,0.401283,0.562469,0.241623,-0.318512,-0.687935,-0.602715
-0.156845,0.302544,0.423714,0.103287,-0.417358,-0.731041,-0.607170
-0.150360,0.311089,0.440155,0.132431,-0.376610,-0.686607,-0.567886
-0.125946,0.316856,0.439171,0.143303,-0.345200,-0.626060,-0.448212
0.110901,0.699066,0.911636,0.588928,-0.031708,-0.490417,-0.466347
0.004837,0.574257,0.815147,0.534180,-0.054848,-0.500786,-0.483597
-0.043640,0.469452,0.649666,0.343758,-0.219170,-0.600166,-0.511780
-0.023727,0.502846,0.672966,0.347290,-0.229370,-0.617134,-0.522751
-0.003372,0.584511,0.819283,0.522484,-0.082222,-0.534912,-0.513664
-0.049171,0.511673,0.741142,0.450836,-0.136703,-0.570412,-0.536209
-0.083290,0.434837,0.617119,0.310333,-0.252487,-0.635323,-0.548744
-0.057606,0.481796,0.667564,0.351536,-0.230217,-0.632790,-0.556007
-0.051132,0.530197,0.764339,0.466930,-0.138378,-0.594585,-0.585598
-0.168402,0.305559,0.454830,0.148569,-0.377573,-0.703543,-0.557678
-0.010717,0.581055,0.804053,0.490714,-0.122571,-0.576918,-0.550467
-0.079837,0.489046,0.727465,0.444065,-0.145407,-0.588850,-0.562334
-0.095545,0.467582,0.700299,0.416139,-0.167250,-0.598799,-0.562450
-0.091778,0.470312,0.702978,0.417793,-0.167591,-0.604046,-0.573532
-0.106689,0.454540,0.689285,0.408112,-0.177197,-0.616505,-0.589798
-0.124767,0.434662,0.662758,0.368149,-0.228500,-0.673195,-0.641060
-0.169670,0.387276,0.608032,0.317886,-0.260666,-0.677658,-0.621002
-0.130203,0.447929,0.687706,0.402733,-0.189278,-0.633263,-0.607285
-0.140045,0.424507,0.660599,0.375885,-0.215858,-0.659584,-0.633339
-0.176575,0.359039,0.561600,0.266129,-0.298172,-0.691254,-0.618729
-0.146378,0.365616,0.525223,0.199905,-0.366623,-0.740417,-0.656586
-0.209152,0.242996,0.348221,0.013947,-0.509644,-0.805740,-0.618530
-0.034500,0.579346,0.803726,0.476120,-0.157150,-0.629349,-0.634247
-0.229813,0.250046,0.429596,0.160172,-0.344116,-0.667969,-0.534668
-0.004051,0.577370,0.795982,0.482201,-0.130547,-0.583382,-0.553474
-0.077469,0.493805,0.728745,0.436028,-0.164627,-0.613289,-0.583145
-0.105927,0.465584,0.703682,0.424843,-0.152290,-0.579597,-0.539047
-0.066170,0.497124,0.728050,0.442108,-0.144020,-0.580246,-0.549507
-0.082443,0.477051,0.706161,0.415497,-0.178238,-0.620041,-0.587013
-0.112785,0.457703,0.695770,0.413010,-0.168999,-0.602104,-0.568283
-0.108894,0.430298,0.636375,0.340469,-0.233055,-0.642120,-0.579590
-0.088829,0.482430,0.713432,0.419762,-0.176956,-0.621719,-0.592598
-0.120293,0.446350,0.678650,0.385292,-0.214043,-0.659431,-0.629951
-0.170959,0.358086,0.549232,0.247345,-0.312561,-0.699341,-0.651825
-0.264793,0.132416,0.220306,-0.087158,-0.554901,-0.798553,-0.604317
-0.075821,0.453712,0.625809,0.308929,-0.260956,-0.647865,-0.566299
-0.076218,0.476784,0.693611,0.408352,-0.155613,-0.558151,-0.491116
0.000191,0.570019,0.799595,0.506447,-0.085857,-0.527237,-0.497705
-0.028915,0.532278,0.763069,0.473083,-0.119013,-0.562130,-0.531389
-0.058466,0.508781,0.741669,0.448881,-0.148918,-0.593776,-0.560848
-0.080871,0.496299,0.740973,0.464747,-0.116644,-0.551106,-0.520581
-0.054708,0.502622,0.730567,0.442648,-0.146419,-0.583601,-0.550881
-0.079901,0.483471,0.711546,0.413994,-0.185591,-0.630259,-0.596162
-0.123809,0.433116,0.652859,0.363661,-0.208108,-0.616421,-0.556069
-0.066495,0.504555,0.735353,0.443424,-0.148640,-0.590744,-0.559972
-0.090919,0.471521,0.699652,0.405086,-0.193493,-0.637162,-0.602073
-0.120925,0.456434,0.698373,0.410653,-0.185048,-0.631726,-0.601574
-0.124341,0.452069,0.695998,0.416111,-0.170855,-0.612786,-0.582814
-0.112599,0.454901,0.690979,0.405265,-0.186495,-0.630244,-0.599144
-0.124877,0.445664,0.681827,0.390338,-0.208118,-0.654593,-0.620330
-0.138043,0.442399,0.690326,0.416352,-0.164752,-0.598924,-0.568102
-0.100953,0.458625,0.688806,0.400177,-0.189585,-0.627451,-0.594425
-0.121181,0.445415,0.675716,0.380375,-0.218969,-0.664370,-0.628061
-0.143749,0.437725,0.683746,0.403002,-0.183832,-0.623680,-0.590666
-0.118410,0.448183,0.682386,0.395794,-0.192930,-0.630741,-0.596685
-0.122419,0.444212,0.674549,0.379242,-0.220066,-0.664454,-0.628120
-0.143782,0.435766,0.678900,0.392366,-0.204109,-0.651552,-0.625084
-0.172981,0.348261,0.531681,0.228973,-0.325890,-0.695948,-0.597677
-0.107635,0.410173,0.561863,0.221849,-0.359235,-0.734762,-0.617491
-0.074440,0.529093,0.765706,0.454145,-0.167140,-0.628430,-0.600060
-0.115804,0.469516,0.720318,0.445284,-0.137853,-0.574042,-0.542295
-0.074231,0.486249,0.716342,0.427624,-0.160281,-0.598260,-0.563400
-0.090297,0.474203,0.703399,0.406957,-0.193480,-0.638014,-0.601830
-0.117642,0.462728,0.707649,0.423861,-0.170878,-0.618558,-0.589400
-0.113153,0.460324,0.705253,0.428307,-0.153792,-0.587975,-0.555212
-0.088095,0.471451,0.697689,0.401249,-0.196257,-0.637884,-0.600775
-0.118599,0.457823,0.697859,0.409227,-0.187374,-0.633970,-0.601782
-0.122532,0.453924,0.699852,0.422920,-0.157211,-0.591396,-0.558636
-0.091520,0.468023,0.696215,0.405617,-0.185125,-0.623959,-0.588964
-0.112795,0.455723,0.686949,0.392523,-0.205915,-0.651396,-0.615171
-0.131918,0.448503,0.694456,0.411690,-0.181055,-0.635550,-0.654156
-0.306282,0.086313,0.190153,-0.097607,-0.550695,-0.782766,-0.556543
0.036839,0.636515,0.837063,0.485847,-0.162037,-0.632107,-0.595833
-0.097889,0.500992,0.758392,0.479149,-0.117931,-0.575756,-0.579113
-0.164383,0.346191,0.562992,0.310928,-0.207436,-0.571617,-0.486103
0.004959,0.560867,0.768845,0.453320,-0.157242,-0.604000,-0.564171
-0.076370,0.505615,0.748222,0.461166,-0.136826,-0.585777,-0.556900
-0.081924,0.493225,0.736877,0.455727,-0.134445,-0.578583,-0.550812
-0.080818,0.486458,0.721329,0.431480,-0.164375,-0.607300,-0.573441
-0.094482,0.478745,0.714630,0.420914,-0.179749,-0.626472,-0.592453
-0.108459,0.473663,0.721306,0.439232,-0.155762,-0.603706,-0.575775
-0.102707,0.470551,0.712326,0.431282,-0.152924,-0.589195,-0.555573
-0.084679,0.476662,0.702724,0.404152,-0.196438,-0.640148,-0.602173
-0.116207,0.464947,0.708691,0.422756,-0.173130,-0.620968,-0.590992
-0.114910,0.462311,0.708996,0.431835,-0.155361,-0.599472,-0.573620
-0.106510,0.455959,0.684124,0.388615,-0.210896,-0.655483,-0.618374
-0.132294,0.449959,0.692837,0.404099,-0.195541,-0.643192,-0.612049
-0.130901,0.450363,0.697151,0.417168,-0.174776,-0.620665,-0.593636
-0.121452,0.448977,0.687958,0.404142,-0.184757,-0.622744,-0.587887
-0.111855,0.454576,0.684710,0.388226,-0.211275,-0.654879,-0.616793
-0.131695,0.449577,0.694420,0.409576,-0.184250,-0.631024,-0.601944
-0.126749,0.445688,0.685682,0.404826,-0.180167,-0.616236,-0.581433
-0.109360,0.453146,0.679391,0.381006,-0.220375,-0.662910,-0.623766
-0.136642,0.444687,0.688609,0.401879,-0.194794,-0.641457,-0.611288
-0.133060,0.443360,0.690231,0.413259,-0.173747,-0.617671,-0.590651
-0.123358,0.440272,0.670564,0.378143,-0.215375,-0.655004,-0.614933
-0.131775,0.443670,0.681762,0.390232,-0.208263,-0.652826,-0.617643
-0.136400,0.442032,0.686991,0.405193,-0.186592,-0.631342,-0.604164
-0.137688,0.417322,0.637123,0.344078,-0.238335,-0.658167,-0.601410
-0.110510,0.463816,0.692005,0.391640,-0.213659,-0.660078,-0.622829
-0.136606,0.445782,0.692707,0.408951,-0.184774,-0.631449,-0.602268
-0.126976,0.447514,0.695398,0.421383,-0.161716,-0.602749,-0.577747
-0.114412,0.442368,0.665871,0.367699,-0.228584,-0.665092,-0.621927
-0.132774,0.447636,0.687717,0.398159,-0.199364,-0.644915,-0.611689
-0.132387,0.446075,0.692039,0.413191,-0.174698,-0.617542,-0.590429
-0.122066,0.441645,0.672018,0.378700,-0.215708,-0.654264,-0.614105
-0.129885,0.446611,0.683792,0.391359,-0.206079,-0.651546,-0.616283
-0.133984,0.445494,0.690510,0.407793,-0.183926,-0.628613,-0.599417
-0.125084,0.449429,0.696362,0.423355,-0.158745,-0.599764,-0.576704
-0.114315,0.441526,0.663124,0.362089,-0.238987,-0.680239,-0.636890
-0.145601,0.440836,0.688841,0.403229,-0.194290,-0.649605,-0.651443
-0.241058,0.264248,0.481697,0.237127,-0.274776,-0.644268,-0.608921
-0.228104,0.205914,0.358591,0.093805,-0.387326,-0.684319,-0.529277
0.013102,0.594471,0.803252,0.474850,-0.149453,-0.605923,-0.568875
-0.078955,0.509043,0.760539,0.483256,-0.106997,-0.555124,-0.532280
-0.065227,0.502063,0.745737,0.473402,-0.108044,-0.548418,-0.525705
-0.065620,0.486954,0.707258,0.406891,-0.193531,-0.634144,-0.592121
-0.102150,0.481997,0.727726,0.442781,-0.153105,-0.600948,-0.572931
-0.096840,0.479408,0.729034,0.454786,-0.129528,-0.572742,-0.548933
-0.086782,0.469795,0.693094,0.393740,-0.202744,-0.640430,-0.596483
-0.107534,0.473644,0.715460,0.426640,-0.170155,-0.616943,-0.584948
-0.107845,0.469410,0.716127,0.440952,-0.144276,-0.586443,-0.561594
-0.096457,0.461128,0.683472,0.385128,-0.213284,-0.649950,-0.605967
-0.116005,0.464228,0.703154,0.412447,-0.186214,-0.631920,-0.598848
-0.117748,0.460539,0.705353,0.425362,-0.162683,-0.606663,-0.578722
-0.107590,0.461796,0.706575,0.431437,-0.150827,-0.592985,-0.569101
-0.106873,0.448807,0.672196,0.373913,-0.221508,-0.657162,-0.613152
-0.125114,0.454188,0.695124,0.407387,-0.187354,-0.632104,-0.600041
-0.122869,0.452505,0.700291,0.425199,-0.158968,-0.600081,-0.576138
-0.112873,0.442859,0.664347,0.364180,-0.233105,-0.669627,-0.623546
-0.132479,0.448851,0.690819,0.402153,-0.194485,-0.640137,-0.607990
-0.128778,0.447639,0.694506,0.418506,-0.166561,-0.608564,-0.581595
-0.115332,0.450207,0.692154,0.417138,-0.163047,-0.601190,-0.575279
-0.113972,0.439819,0.661339,0.362181,-0.233129,-0.669645,-0.624537
-0.136385,0.444985,0.686995,0.402276,-0.189473,-0.632235,-0.602108
-0.127831,0.444675,0.688644,0.411726,-0.173273,-0.614233,-0.588181
-0.124779,0.431091,0.654671,0.357555,-0.237682,-0.672174,-0.626036
-0.136864,0.443565,0.684643,0.396070,-0.199497,-0.643110,-0.610897
-0.132595,0.443897,0.690840,0.414915,-0.168123,-0.609093,-0.584028
-0.118677,0.446936,0.690910,0.420834,-0.154459,-0.590685,-0.566782
-0.110395,0.438519,0.655207,0.355169,-0.238083,-0.671583,-0.625437
-0.137236,0.443209,0.686255,0.403540,-0.186228,-0.627024,-0.597879
-0.126528,0.442101,0.684179,0.408319,-0.173676,-0.611656,-0.584610
-0.121201,0.433701,0.654369,0.355343,-0.240810,-0.675232,-0.629025
-0.139782,0.440716,0.682838,0.397255,-0.194374,-0.637016,-0.605793
-0.130424,0.441204,0.684307,0.406528,-0.178341,-0.619175,-0.595924
-0.151901,0.364264,0.553394,0.258291,-0.294899,-0.674044,-0.585760
-0.080225,0.491018,0.706387,0.391359,-0.223585,-0.672724,-0.633284
-0.148794,0.424065,0.659597,0.373350,-0.209169,-0.641808,-0.628990
-0.235334,0.200659,0.329906,0.037025,-0.451428,-0.734181,-0.555258
0.007859,0.596105,0.799983,0.460863,-0.173082,-0.631290,-0.590101
-0.093144,0.500852,0.754387,0.476195,-0.113981,-0.560080,-0.536199
-0.069096,0.496291,0.736128,0.458038,-0.124222,-0.562473,-0.534725
-0.068672,0.496651,0.739353,0.468008,-0.112453,-0.553806,-0.534016
-0.078777,0.472902,0.694275,0.399851,-0.190773,-0.624607,-0.581730
-0.097750,0.478506,0.720325,0.437366,-0.151669,-0.592724,-0.565794
-0.103477,0.448381,0.674822,0.394209,-0.176868,-0.596222,-0.551693
-0.077801,0.478689,0.697018,0.392742,-0.206669,-0.644325,-0.599371
-0.110401,0.469824,0.714603,0.433598,-0.155451,-0.598475,-0.569588
-0.100449,0.466961,0.710760,0.437574,-0.139822,-0.576181,-0.552416
-0.103979,0.425341,0.618706,0.307283,-0.280638,-0.696157,-0.640003
-0.165319,0.386108,0.611155,0.335030,-0.224758,-0.636822,-0.619244
-0.224781,0.242287,0.428684,0.180698,-0.306261,-0.637362,-0.564949
-0.161083,0.272324,0.412666,0.138584,-0.342007,-0.634560,-0.480988
0.054070,0.622318,0.818096,0.482662,-0.141769,-0.591534,-0.547844
-0.055252,0.530506,0.778805,0.497375,-0.093082,-0.539467,-0.515869
-0.049053,0.517033,0.761452,0.490837,-0.084999,-0.522758,-0.500374
-0.046486,0.498970,0.712219,0.409737,-0.184959,-0.618927,-0.571297
-0.082611,0.497330,0.739868,0.455662,-0.134609,-0.577869,-0.549217
-0.080318,0.486855,0.729435,0.455044,-0.123554,-0.560131,-0.535603
-0.075672,0.482613,0.717361,0.441071,-0.138424,-0.575893,-0.550293
-0.090271,0.462242,0.685421,0.392784,-0.196068,-0.628143,-0.586452
-0.106575,0.465614,0.704380,0.422310,-0.163895,-0.604092,-0.587055
-0.154068,0.354088,0.545052,0.260555,-0.282124,-0.656719,-0.567833
-0.066587,0.499428,0.712542,0.398211,-0.209208,-0.656752,-0.642101
-0.213425,0.301214,0.516184,0.258411,-0.266579,-0.644156,-0.611938
-0.244960,0.153859,0.270693,-0.002253,-0.453369,-0.703032,-0.506950
0.057535,0.642248,0.850431,0.523380,-0.098614,-0.557688,-0.532991
-0.061174,0.505951,0.738720,0.447769,-0.146259,-0.588356,-0.557575
-0.096327,0.442753,0.649696,0.355627,-0.213154,-0.614597,-0.548416
-0.072601,0.460403,0.648628,0.339918,-0.233601,-0.631927,-0.552887
-0.047728,0.529976,0.754665,0.449846,-0.154015,-0.597065,-0.560392
-0.078659,0.497320,0.738865,0.457582,-0.129795,-0.571161,-0.547476
-0.096188,0.434977,0.637007,0.344908,-0.218990,-0.618525,-0.554358
-0.081512,0.446598,0.632904,0.324249,-0.247262,-0.642618,-0.565516
-0.069112,0.489177,0.694636,0.379560,-0.221758,-0.654466,-0.616326
-0.176099,0.309940,0.465322,0.160231,-0.368662,-0.699309,-0.558082
-0.011809,0.583188,0.813288,0.507960,-0.104226,-0.562368,-0.541633
-0.074716,0.489511,0.722341,0.434379,-0.153752,-0.590006,-0.553436
-0.076688,0.493376,0.731987,0.451707,-0.131746,-0.569226,-0.540711
-0.075851,0.484385,0.719118,0.439881,-0.141560,-0.579975,-0.552384
-0.090392,0.463098,0.684316,0.388761,-0.202981,-0.634993,-0.591283
-0.108430,0.464756,0.703537,0.417569,-0.172490,-0.613581,-0.586683
-0.131233,0.403088,0.609224,0.317293,-0.247410,-0.648716,-0.580439
-0.086918,0.486095,0.722748,0.435646,-0.155542,-0.600681,-0.576824
-0.114616,0.442993,0.670250,0.379707,-0.208046,-0.641964,-0.604050
-0.139629,0.401623,0.607796,0.314922,-0.252670,-0.655857,-0.594330
-0.129951,0.381966,0.549301,0.231632,-0.332195,-0.714069,-0.651917
-0.243553,0.167957,0.251461,-0.075012,-0.563534,-0.822899,-0.646179
-0.166286,0.275070,0.367626,0.038383,-0.460709,-0.731541,-0.548618
-0.022556,0.489916,0.632401,0.298880,-0.261135,-0.615799,-0.489594
0.050573,0.646347,0.879160,0.575534,-0.036929,-0.497310,-0.478801
-0.014101,0.548897,0.782453,0.495202,-0.092235,-0.527808,-0.492528
-0.019018,0.545872,0.781303,0.499819,-0.082882,-0.518648,-0.489420
-0.025812,0.534151,0.767630,0.487143,-0.095545,-0.534224,-0.508856
-0.048096,0.505144,0.728060,0.434181,-0.154932,-0.587273,-0.548780
-0.082823,0.459946,0.669565,0.375216,-0.195800,-0.604344,-0.546176
-0.073418,0.460464,0.654441,0.349477,-0.224240,-0.626668,-0.556577
-0.063212,0.503780,0.726652,0.428824,-0.167130,-0.606249,-0.570564
-0.094689,0.472558,0.704476,0.416591,-0.172439,-0.609580,-0.573886
-0.101908,0.459525,0.689590,0.403778,-0.178314,-0.609555,-0.570946
-0.095102,0.473089,0.711802,0.430649,-0.157572,-0.600748,-0.575920
-0.110802,0.448719,0.676891,0.386274,-0.202528,-0.642368,-0.633759
-0.233530,0.234369,0.404989,0.136492,-0.361019,-0.679131,-0.545990
-0.019451,0.555016,0.771614,0.460724,-0.147198,-0.597202,-0.569374
-0.097378,0.469929,0.706791,0.419899,-0.174007,-0.619884,-0.591869
-0.119686,0.451721,0.692642,0.411732,-0.174294,-0.613342,-0.582466
-0.112331,0.455090,0.694992,0.416000,-0.168125,-0.607243,-0.580341
-0.114147,0.448391,0.684437,0.400646,-0.187252,-0.629131,-0.602036
-0.147362,0.388142,0.589596,0.292049,-0.276260,-0.673321,-0.603767
-0.133385,0.376663,0.535316,0.209045,-0.356468,-0.724380,-0.616165
-0.115292,0.409344,0.568779,0.234482,-0.341915,-0.717686,-0.605537
-0.069519,0.527042,0.756752,0.448116,-0.163433,-0.612148,-0.581089
-0.118580,0.416870,0.615334,0.317753,-0.247665,-0.639915,-0.559734
-0.057350,0.521507,0.754181,0.462154,-0.133915,-0.579990,-0.554131
-0.087994,0.475464,0.709484,0.423683,-0.168167,-0.613964,-0.597588
-0.154510,0.383175,0.609249,0.342934,-0.205177,-0.600796,-0.539585
-0.058929,0.501331,0.725346,0.432556,-0.156456,-0.594555,-0.561768
-0.092670,0.469814,0.701893,0.415146,-0.173733,-0.614628,-0.582657
-0.112411,0.453167,0.685387,0.400734,-0.182163,-0.613224,-0.574436
-0.100368,0.464111,0.697197,0.412418,-0.172550,-0.608601,-0.576710
-0.108498,0.454090,0.689201,0.408394,-0.176556,-0.614532,-0.585526
-0.119198,0.441525,0.669910,0.376575,-0.219799,-0.663231,-0.628883
-0.147488,0.431095,0.678158,0.402355,-0.177631,-0.611671,-0.582668
-0.130013,0.399582,0.597130,0.299622,-0.269630,-0.669579,-0.600929
-0.121685,0.415699,0.603390,0.286343,-0.297379,-0.702877,-0.631908
-0.160126,0.342529,0.487026,0.152592,-0.404400,-0.749210,-0.606384
-0.050709,0.555565,0.790981,0.485069,-0.126720,-0.582508,-0.559441
-0.089231,0.480213,0.720165,0.439262,-0.148712,-0.589691,-0.561712
-0.094450,0.468168,0.698429,0.404022,-0.194399,-0.639864,-0.603626
-0.120363,0.460068,0.706028,0.426197,-0.162664,-0.604525,-0.575460
-0.103216,0.466295,0.707292,0.427426,-0.158542,-0.599485,-0.571469
-0.103192,0.459456,0.690726,0.397318,-0.201088,-0.646538,-0.613213
-0.136739,0.431107,0.665576,0.384133,-0.190697,-0.610836,-0.563177
-0.084228,0.483133,0.716139,0.430307,-0.156691,-0.595727,-0.565820
-0.097623,0.464946,0.697111,0.409473,-0.181264,-0.623025,-0.591908
-0.117625,0.450977,0.685216,0.393776,-0.203657,-0.649118,-0.614828
-0.134469,0.444064,0.688144,0.408407,-0.178408,-0.618235,-0.586179
-0.113897,0.454675,0.693767,0.410064,-0.180682,-0.623427,-0.593285
-0.120945,0.447685,0.681953,0.388589,-0.210750,-0.658098,-0.623724
-0.139373,0.443115,0.694044,0.419140,-0.161911,-0.597983,-0.567092
-0.099874,0.462702,0.696829,0.414063,-0.170870,-0.607857,-0.576895
-0.107652,0.454001,0.682333,0.386992,-0.211375,-0.655808,-0.619522
-0.136207,0.443301,0.689325,0.412490,-0.169497,-0.603564,-0.570686
-0.101500,0.461075,0.695200,0.412434,-0.169571,-0.605611,-0.573709
-0.106465,0.455161,0.686394,0.397833,-0.192840,-0.633559,-0.601407
-0.128051,0.440610,0.674911,0.383532,-0.213838,-0.659236,-0.626834
-0.159087,0.390351,0.604634,0.314917,-0.251501,-0.651574,-0.585982
-0.113673,0.409027,0.584119,0.264359,-0.308380,-0.695178,-0.599824
-0.079467,0.509392,0.740255,0.431791,-0.184469,-0.640776,-0.610397
-0.125128,0.459248,0.709114,0.432178,-0.150888,-0.587982,-0.556152
-0.086052,0.477425,0.712440,0.428602,-0.156422,-0.593500,-0.562630
-0.093481,0.468079,0.696314,0.401852,-0.196623,-0.640188,-0.604998
-0.122770,0.455658,0.698656,0.411987,-0.184628,-0.632212,-0.601002
-0.122723,0.454725,0.702610,0.427620,-0.151566,-0.585793,-0.555023
-0.088909,0.470619,0.698795,0.409161,-0.180630,-0.620476,-0.586483
-0.111305,0.456230,0.689411,0.395943,-0.202518,-0.647053,-0.610863
-0.128620,0.451775,0.698673,0.421730,-0.159386,-0.593575,-0.561790
-0.094666,0.465862,0.696983,0.409286,-0.178579,-0.615541,-0.581625
-0.110430,0.454136,0.683401,0.387032,-0.212357,-0.655848,-0.619602
-0.135353,0.446056,0.691036,0.407305,-0.186396,-0.633045,-0.608723
-0.152891,0.377905,0.572741,0.269615,-0.299335,-0.692148,-0.606659
-0.091194,0.495750,0.728622,0.423130,-0.191162,-0.647472,-0.615143
-0.129890,0.455444,0.704308,0.420521,-0.176170,-0.625782,-0.597561
-0.120289,0.458111,0.705963,0.431919,-0.148285,-0.583519,-0.551804
-0.084743,0.475719,0.703846,0.414158,-0.177639,-0.617516,-0.582584
-0.106472,0.461987,0.695103,0.401573,-0.197929,-0.642513,-0.607357
-0.124184,0.456158,0.702026,0.420155,-0.172684,-0.619457,-0.591354
-0.118103,0.453381,0.692429,0.406727,-0.185993,-0.628746,-0.596657
-0.119457,0.453014,0.689133,0.394672,-0.205757,-0.653206,-0.617958
-0.132740,0.450603,0.698475,0.415657,-0.180073,-0.628733,-0.599567
-0.123312,0.452129,0.699005,0.422035,-0.159109,-0.594297,-0.562532
-0.094448,0.466057,0.691294,0.394838,-0.203657,-0.645290,-0.607206
-0.124065,0.454292,0.695267,0.406593,-0.191031,-0.637659,-0.605503
-0.125307,0.452085,0.696987,0.419041,-0.163073,-0.602150,-0.589859
-0.174273,0.311764,0.485697,0.194101,-0.339977,-0.694323,-0.579508
-0.053543,0.529150,0.749996,0.434532,-0.184757,-0.640162,-0.604980
-0.116905,0.469271,0.719944,0.438923,-0.155027,-0.603882,-0.577845
-0.105669,0.464752,0.705673,0.424757,-0.159321,-0.595465,-0.560740
-0.088745,0.473680,0.699841,0.400394,-0.200090,-0.642715,-0.603664
-0.116636,0.463619,0.707451,0.421606,-0.173218,-0.620005,-0.589960
-0.114790,0.459576,0.702454,0.424452,-0.157715,-0.590986,-0.557322
-0.089310,0.470144,0.694342,0.396854,-0.200712,-0.641422,-0.603401
-0.120325,0.456017,0.695969,0.406282,-0.191368,-0.637047,-0.604927
-0.125742,0.452600,0.698444,0.417524,-0.172417,-0.617296,-0.589271
-0.118052,0.449468,0.685565,0.400847,-0.186995,-0.622955,-0.587068
-0.110990,0.456462,0.686630,0.390179,-0.208312,-0.651891,-0.613782
-0.130616,0.449720,0.693634,0.409825,-0.183954,-0.629706,-0.599611
-0.125365,0.446132,0.687147,0.405350,-0.179599,-0.615625,-0.580780
-0.108664,0.453883,0.680170,0.381826,-0.218538,-0.662020,-0.621859
-0.135682,0.446661,0.692565,0.407798,-0.185954,-0.632654,-0.604476
-0.129198,0.446251,0.692160,0.415209,-0.171774,-0.614700,-0.588644
-0.121331,0.441342,0.669709,0.372453,-0.227811,-0.671191,-0.631905
-0.143663,0.439751,0.683786,0.395217,-0.204254,-0.651735,-0.620422
-0.139107,0.442327,0.690260,0.411410,-0.179409,-0.625156,-0.597990
-0.125668,0.443922,0.682072,0.399389,-0.188391,-0.625265,-0.589306
-0.114134,0.452421,0.681702,0.385347,-0.214024,-0.657495,-0.619282
-0.134056,0.447344,0.692312,0.408571,-0.185139,-0.630821,-0.601637
-0.126339,0.449131,0.697989,0.424938,-0.158186,-0.600216,-0.576206
-0.113852,0.442930,0.665459,0.365349,-0.235788,-0.678080,-0.635761
-0.144514,0.441879,0.688866,0.402243,-0.195301,-0.643803,-0.614479
-0.135136,0.444344,0.693270,0.416378,-0.170546,-0.615368,-0.589235
-0.120871,0.443821,0.676140,0.384752,-0.208721,-0.648306,-0.609169
-0.125961,0.449533,0.686695,0.395222,-0.203220,-0.647730,-0.612497
-0.130226,0.449223,0.695187,0.412432,-0.179327,-0.624052,-0.594896
-0.122557,0.448029,0.685209,0.400589,-0.188133,-0.624968,-0.587990
-0.112785,0.454777,0.684078,0.386770,-0.212570,-0.656015,-0.617771
-0.131540,0.450855,0.695831,0.412100,-0.182579,-0.628246,-0.599045
-0.123730,0.452730,0.700617,0.427578,-0.154554,-0.596582,-0.572569
-0.110212,0.446571,0.670080,0.372889,-0.223400,-0.660892,-0.616749
-0.128580,0.451832,0.691912,0.402353,-0.194195,-0.639755,-0.606543
-0.127253,0.450220,0.696178,0.417324,-0.170568,-0.613420,-0.585337
-0.116015,0.446693,0.676071,0.382744,-0.212649,-0.651205,-0.610074
-0.124889,0.451587,0.688746,0.396292,-0.202146,-0.646650,-0.610435
-0.128170,0.451274,0.696257,0.413506,-0.178249,-0.623948,-0.596733
-0.129246,0.437507,0.681636,0.409760,-0.167313,-0.601395,-0.571460
-0.105189,0.451566,0.674067,0.374903,-0.222367,-0.659853,-0.614728
-0.125586,0.455788,0.697800,0.410151,-0.185478,-0.630133,-0.597976
-0.120709,0.454756,0.701656,0.425686,-0.158373,-0.599381,-0.572404
-0.108086,0.449665,0.672175,0.373998,-0.223270,-0.659779,-0.615637
-0.126494,0.453905,0.693974,0.403426,-0.194100,-0.638680,-0.604494
-0.125216,0.452244,0.698189,0.418346,-0.168575,-0.610463,-0.582403
-0.112128,0.456408,0.699371,0.422431,-0.160637,-0.600661,-0.574662
-0.110337,0.446444,0.668972,0.368858,-0.232281,-0.673599,-0.630316
-0.140068,0.446311,0.693283,0.408598,-0.186049,-0.632660,-0.603417
-0.127084,0.449411,0.699284,0.425285,-0.157799,-0.600770,-0.576714
-0.113336,0.444459,0.667992,0.369851,-0.226404,-0.663860,-0.618705
-0.128556,0.452840,0.694873,0.407247,-0.189337,-0.634937,-0.605669
-0.134193,0.436513,0.679676,0.404890,-0.174088,-0.615916,-0.620023
-0.226538,0.256162,0.460000,0.218549,-0.275614,-0.617761,-0.519190
-0.023004,0.529202,0.727652,0.401719,-0.215243,-0.660523,-0.613357
-0.116332,0.475780,0.726477,0.444500,-0.149423,-0.598249,-0.572185
-0.099982,0.472416,0.718225,0.443127,-0.141048,-0.583151,-0.558235
-0.094011,0.464621,0.688004,0.390688,-0.205730,-0.642374,-0.598372
-0.110342,0.469925,0.710838,0.423079,-0.173643,-0.618404,-0.586353
-0.108219,0.468105,0.715855,0.441702,-0.141539,-0.583689,-0.558823
-0.097576,0.458107,0.678568,0.378357,-0.219950,-0.655533,-0.609499
-0.118483,0.463772,0.704700,0.415003,-0.182659,-0.628351,-0.595268
-0.116110,0.461231,0.708035,0.430992,-0.154133,-0.596195,-0.569286
-0.103085,0.463367,0.705242,0.430151,-0.149134,-0.587362,-0.561539
-0.100321,0.453381,0.672855,0.372646,-0.222729,-0.659313,-0.613297
-0.124247,0.456059,0.698965,0.414156,-0.178661,-0.621507,-0.591464
-0.118247,0.454182,0.699050,0.422044,-0.162066,-0.603123,-0.582052
-0.143117,0.359214,0.521942,0.196777,-0.375447,-0.750008,-0.635682
-0.094570,0.509974,0.749546,0.444824,-0.168706,-0.626217,-0.597033
-0.116854,0.464427,0.716110,0.442926,-0.140329,-0.583473,-0.559590
-0.096389,0.468067,0.711867,0.441615,-0.133854,-0.570258,-0.547512
-0.091298,0.456468,0.673966,0.374728,-0.219685,-0.653363,-0.607397
-0.119376,0.459910,0.702782,0.419892,-0.169072,-0.611031,-0.582064
-0.110890,0.456583,0.698492,0.423439,-0.157761,-0.594958,-0.569088
-0.106844,0.446898,0.666414,0.366246,-0.230064,-0.665621,-0.619560
-0.130467,0.449883,0.692834,0.407094,-0.185669,-0.628459,-0.600313
-0.138740,0.405553,0.617666,0.326771,-0.245696,-0.657624,-0.619403
-0.198624,0.258381,0.393791,0.089429,-0.419199,-0.724877,-0.565739
-0.013438,0.572884,0.779742,0.443577,-0.188413,-0.647611,-0.609354
-0.114323,0.480697,0.737204,0.461959,-0.127249,-0.576291,-0.554348
-0.088186,0.479201,0.723951,0.453662,-0.123797,-0.560224,-0.536525
-0.078390,0.472252,0.689669,0.389372,-0.205117,-0.639850,-0.593953
-0.106003,0.474187,0.717953,0.434969,-0.154089,-0.596144,-0.567274
-0.098153,0.469238,0.709111,0.431062,-0.152131,-0.590327,-0.567401
-0.125652,0.387276,0.572220,0.274920,-0.279473,-0.658840,-0.570775
-0.064482,0.507509,0.724591,0.411262,-0.201028,-0.649492,-0.611341
-0.122273,0.463908,0.713613,0.434562,-0.156460,-0.602412,-0.578381
-0.116005,0.439822,0.670196,0.393480,-0.176666,-0.598025,-0.556460
-0.085504,0.470032,0.688392,0.384146,-0.214254,-0.654814,-0.623478
-0.163623,0.385808,0.615709,0.345371,-0.212590,-0.626751,-0.618090
-0.252969,0.151824,0.269695,-0.009059,-0.468860,-0.727125,-0.550305
-0.039080,0.459672,0.582705,0.224058,-0.355957,-0.715778,-0.578066
-0.016718,0.597124,0.838083,0.530815,-0.086226,-0.547230,-0.524448
-0.050621,0.525330,0.771721,0.495239,-0.088364,-0.529903,-0.505417
-0.042603,0.520485,0.761948,0.489368,-0.088413,-0.526138,-0.503731
-0.048836,0.499569,0.716717,0.419079,-0.172779,-0.604908,-0.561321
-0.076641,0.497375,0.736973,0.451809,-0.139412,-0.580681,-0.554943
-0.101624,0.431561,0.636566,0.346436,-0.215508,-0.614082,-0.548965
-0.075184,0.453857,0.630341,0.301212,-0.290585,-0.694313,-0.605968
-0.081818,0.516663,0.760967,0.468746,-0.133379,-0.585453,-0.560656
-0.091661,0.476578,0.719242,0.445911,-0.131630,-0.565208,-0.538685
-0.081659,0.466908,0.691059,0.408178,-0.168081,-0.594522,-0.556042
-0.086187,0.471188,0.693322,0.396722,-0.196058,-0.634958,-0.610769
-0.166787,0.364963,0.586137,0.317899,-0.231141,-0.631578,-0.598575
-0.187853,0.285553,0.463577,0.196546,-0.308311,-0.641519,-0.526274
-0.015517,0.545264,0.746351,0.420097,-0.194256,-0.637931,-0.592106
-0.099344,0.485612,0.730193,0.446062,-0.146089,-0.591208,-0.563423
-0.093424,0.475813,0.719467,0.447116,-0.131410,-0.568891,-0.544282
-0.085246,0.472150,0.707002,0.430814,-0.147606,-0.584002,-0.558317
-0.099188,0.453420,0.675715,0.380257,-0.212368,-0.649158,-0.610180
-0.128109,0.448215,0.692059,0.414040,-0.170097,-0.610203,-0.587212
-0.143444,0.372465,0.558413,0.258200,-0.302002,-0.687126,-0.599873
-0.091454,0.485577,0.708633,0.401226,-0.204216,-0.647850,-0.613701
-0.153011,0.372826,0.556896,0.248962,-0.316936,-0.698910,-0.608540
-0.125347,0.387634,0.542351,0.213154,-0.349396,-0.712421,-0.591557
-0.052757,0.545582,0.785835,0.488617,-0.116505,-0.573505,-0.555546
-0.092350,0.468189,0.698345,0.407742,-0.184959,-0.624760,-0.586819
-0.106750,0.470512,0.717239,0.442074,-0.140221,-0.581432,-0.557587
-0.094425,0.467064,0.704994,0.428925,-0.151329,-0.589542,-0.563702
-0.101490,0.453194,0.678528,0.387054,-0.199669,-0.632568,-0.591690
-0.112621,0.458771,0.697727,0.417793,-0.166286,-0.603405,-0.573551
-0.107361,0.454197,0.691227,0.412312,-0.168804,-0.605919,-0.578987
-0.115692,0.438118,0.659657,0.364426,-0.226021,-0.657719,-0.612717
-0.128582,0.445877,0.684944,0.400242,-0.187584,-0.625484,-0.595425
-0.132931,0.415203,0.635029,0.349819,-0.222878,-0.638943,-0.594082
-0.140362,0.370758,0.543175,0.232487,-0.330280,-0.714035,-0.643002
-0.182869,0.335587,0.531872,0.250702,-0.291611,-0.672676,-0.632195
-0.247257,0.169357,0.295033,0.020100,-0.439823,-0.700169,-0.510765
0.050034,0.635002,0.843437,0.518591,-0.102194,-0.559092,-0.532242
-0.059267,0.508032,0.739994,0.448242,-0.142672,-0.578754,-0.540063
-0.062190,0.508008,0.746750,0.466598,-0.117708,-0.555058,-0.525440
-0.060466,0.500857,0.734713,0.455580,-0.126737,-0.564069,-0.536384
-0.072348,0.488048,0.723916,0.443850,-0.139391,-0.578612,-0.551821
-0.088668,0.468902,0.696115,0.406498,-0.179363,-0.611409,-0.570668
-0.093689,0.475628,0.714479,0.434439,-0.148773,-0.586989,-0.558223
-0.094089,0.467383,0.702369,0.424360,-0.157815,-0.595001,-0.567167
-0.104932,0.450755,0.674150,0.381732,-0.205925,-0.636818,-0.595906
-0.123637,0.429299,0.648020,0.358785,-0.216925,-0.633048,-0.585315
-0.130701,0.377397,0.545837,0.231212,-0.330576,-0.713355,-0.667726
-0.300147,0.060215,0.114542,-0.197855,-0.640182,-0.845952,-0.644440
-0.187836,0.196268,0.237968,-0.101609,-0.567952,-0.781903,-0.552378
-0.022127,0.456408,0.559406,0.212166,-0.325294,-0.634171,-0.456726
0.121506,0.733509,0.963829,0.646004,0.018486,-0.450966,-0.434616
0.033806,0.602432,0.838623,0.552025,-0.036728,-0.474586,-0.440605
0.032585,0.600082,0.840042,0.562057,-0.020111,-0.459267,-0.435364
0.022964,0.578667,0.812798,0.533920,-0.045219,-0.482346,-0.458374
-0.000961,0.552856,0.781227,0.493721,-0.095924,-0.538567,-0.511261
-0.043701,0.520180,0.753639,0.468246,-0.120270,-0.559837,-0.527534
-0.056000,0.511833,0.750175,0.469635,-0.117012,-0.557663,-0.531311
-0.065666,0.496323,0.729858,0.444550,-0.145836,-0.589203,-0.560661
-0.090897,0.475189,0.710831,0.428596,-0.152893,-0.585487,-0.550179
-0.080544,0.481506,0.714119,0.428886,-0.155571,-0.593067,-0.561630
-0.094852,0.467289,0.701958,0.418755,-0.166611,-0.605984,-0.577385
-0.111458,0.448860,0.675873,0.381174,-0.217527,-0.663271,-0.628279
-0.146246,0.433945,0.679670,0.399612,-0.188495,-0.630579,-0.601734
-0.130678,0.438635,0.679441,0.400367,-0.183837,-0.624006,-0.596194
-0.130069,0.432405,0.666435,0.379671,-0.213122,-0.656918,-0.627811
-0.158445,0.401384,0.629869,0.346409,-0.228462,-0.647659,-0.598087
-0.117233,0.449089,0.682045,0.395195,-0.191830,-0.628937,-0.599064
-0.130898,0.431648,0.664772,0.379063,-0.209755,-0.649612,-0.618561
-0.148243,0.416443,0.649727,0.363205,-0.219582,-0.650528,-0.616501
-0.170586,0.332809,0.497574,0.182236,-0.375359,-0.741287,-0.637939
-0.147743,0.360458,0.501663,0.161034,-0.407959,-0.766617,-0.635551
-0.084686,0.518776,0.751411,0.435913,-0.189270,-0.658325,-0.660110
-0.245758,0.250786,0.444901,0.183075,-0.321503,-0.654427,-0.534027
-0.016197,0.554512,0.770325,0.460609,-0.143219,-0.589172,-0.557327
-0.084290,0.483078,0.718048,0.431229,-0.161636,-0.605499,-0.576477
-0.104263,0.463257,0.701309,0.420479,-0.160583,-0.592766,-0.556061
-0.086014,0.475449,0.706528,0.422684,-0.161362,-0.595512,-0.563705
-0.096550,0.464989,0.696129,0.410408,-0.177452,-0.616371,-0.585358
-0.116066,0.447586,0.677902,0.383553,-0.215790,-0.660202,-0.624878
-0.142517,0.438980,0.686974,0.411118,-0.169907,-0.604965,-0.573074
-0.106819,0.454811,0.687019,0.404305,-0.179596,-0.615555,-0.583580
-0.115280,0.445442,0.671867,0.376595,-0.221695,-0.664108,-0.627762
-0.145370,0.433228,0.679321,0.402565,-0.179344,-0.613335,-0.584282
-0.136467,0.379547,0.563644,0.258667,-0.305275,-0.698990,-0.653450
-0.251785,0.176521,0.295227,-0.003212,-0.490330,-0.765896,-0.576916
-0.002853,0.596241,0.808910,0.473621,-0.164341,-0.631416,-0.599991
-0.108799,0.483395,0.738071,0.461018,-0.129005,-0.574951,-0.548965
-0.079771,0.487688,0.727627,0.444756,-0.144194,-0.586140,-0.556189
-0.085999,0.480497,0.712646,0.419130,-0.180363,-0.626894,-0.591713
-0.109497,0.471847,0.719685,0.444643,-0.137525,-0.573730,-0.541998
-0.074926,0.487500,0.721475,0.438555,-0.145558,-0.581737,-0.551931
-0.085790,0.473763,0.701963,0.407465,-0.190069,-0.633680,-0.598535
-0.117332,0.460081,0.701097,0.413439,-0.183178,-0.629789,-0.599569
-0.121293,0.456150,0.701103,0.421251,-0.165679,-0.606599,-0.577581
-0.106357,0.461165,0.697264,0.411569,-0.180172,-0.623905,-0.593764
-0.118497,0.452058,0.688233,0.396756,-0.201689,-0.649131,-0.618756
-0.152042,0.393442,0.602829,0.310214,-0.256144,-0.663970,-0.648050
-0.294286,0.089494,0.191436,-0.086488,-0.528853,-0.761044,-0.559360
-0.021542,0.518206,0.691616,0.363340,-0.229572,-0.640280,-0.582293
-0.118500,0.417252,0.632614,0.364471,-0.172764,-0.548817,-0.466274
0.029644,0.596230,0.816727,0.516537,-0.081776,-0.524216,-0.492817
-0.021194,0.542801,0.773437,0.480370,-0.117714,-0.563835,-0.533134
-0.056351,0.517654,0.757233,0.469124,-0.126976,-0.574059,-0.544312
-0.067490,0.507523,0.752014,0.475609,-0.104988,-0.539642,-0.509308
-0.044601,0.512543,0.739334,0.447334,-0.144798,-0.584038,-0.550430
-0.075645,0.491501,0.723312,0.428490,-0.171326,-0.616226,-0.581383
-0.099510,0.478569,0.723175,0.445900,-0.136528,-0.572006,-0.540535
-0.073730,0.484535,0.712433,0.422516,-0.165604,-0.601837,-0.566227
-0.092377,0.471886,0.700848,0.403198,-0.197460,-0.643188,-0.607208
-0.123226,0.456944,0.701668,0.416706,-0.178215,-0.626076,-0.597095
-0.121998,0.452290,0.697052,0.419937,-0.161350,-0.596676,-0.565048
-0.098080,0.461323,0.687420,0.389866,-0.207766,-0.650494,-0.613495
-0.131428,0.446842,0.686758,0.398987,-0.197741,-0.644459,-0.613365
-0.134220,0.442131,0.687956,0.411902,-0.168334,-0.602621,-0.570937
-0.103909,0.455549,0.683658,0.393955,-0.196873,-0.635791,-0.601855
-0.126731,0.441729,0.672900,0.378420,-0.220067,-0.663643,-0.628458
-0.145257,0.435116,0.680045,0.397244,-0.195535,-0.642245,-0.613100
-0.139792,0.431753,0.671844,0.387177,-0.203541,-0.646257,-0.614128
-0.137865,0.432705,0.665966,0.371605,-0.228716,-0.675085,-0.638758
-0.153448,0.429991,0.677961,0.394266,-0.200375,-0.648930,-0.624540
-0.171568,0.355419,0.547462,0.246456,-0.313557,-0.694580,-0.599361
-0.084023,0.498886,0.724834,0.414433,-0.200817,-0.654167,-0.620857
-0.135609,0.447769,0.692741,0.407055,-0.189564,-0.637150,-0.606918
-0.128628,0.448826,0.693794,0.412979,-0.177830,-0.623573,-0.595421
-0.123100,0.446487,0.683655,0.395119,-0.198460,-0.641079,-0.606903
-0.127636,0.445908,0.682114,0.389690,-0.209686,-0.656101,-0.621777
-0.137478,0.445938,0.692902,0.411140,-0.181587,-0.629227,-0.601006
-0.127636,0.444942,0.687035,0.406300,-0.178570,-0.613544,-0.578629
-0.106449,0.457142,0.682507,0.384224,-0.216076,-0.658520,-0.619286
-0.133049,0.448376,0.692394,0.406734,-0.188877,-0.635468,-0.605228
-0.128883,0.446646,0.690681,0.413828,-0.167202,-0.601295,-0.568443
-0.100262,0.458387,0.683743,0.386427,-0.210968,-0.652481,-0.614281
-0.131023,0.446474,0.686600,0.398062,-0.198450,-0.644953,-0.612671
-0.132349,0.445169,0.690199,0.409447,-0.181301,-0.626980,-0.607557
-0.153648,0.394772,0.621717,0.342590,-0.226032,-0.640015,-0.584297
-0.098339,0.470112,0.696388,0.394123,-0.210127,-0.655508,-0.616255
-0.129023,0.453386,0.699356,0.415628,-0.178070,-0.624718,-0.595514
-0.121174,0.450417,0.690546,0.408846,-0.176006,-0.610960,-0.576029
-0.102852,0.459768,0.686127,0.387852,-0.212442,-0.654881,-0.615641
-0.129400,0.452028,0.696049,0.410391,-0.185219,-0.631807,-0.601567
-0.124246,0.452251,0.699197,0.423274,-0.163671,-0.606558,-0.580465
-0.113117,0.448613,0.677997,0.385653,-0.207791,-0.645393,-0.605269
-0.122061,0.454410,0.691563,0.400079,-0.197398,-0.641928,-0.607692
-0.126410,0.452057,0.696073,0.414317,-0.176453,-0.620198,-0.592025
-0.118706,0.449917,0.687108,0.403474,-0.184271,-0.620137,-0.583179
-0.107994,0.457595,0.686896,0.389584,-0.208783,-0.652239,-0.614008
-0.128768,0.451669,0.696660,0.412941,-0.179773,-0.626422,-0.597218
-0.121901,0.453585,0.701483,0.428455,-0.154643,-0.595675,-0.571652
-0.109286,0.447508,0.671025,0.370915,-0.230222,-0.672515,-0.631174
-0.139920,0.446478,0.694446,0.409772,-0.186819,-0.638284,-0.625570
-0.180259,0.362574,0.594732,0.332492,-0.220372,-0.632412,-0.620672
-0.231992,0.229345,0.407139,0.148676,-0.344753,-0.666632,-0.536252
-0.010498,0.564169,0.774128,0.450802,-0.170422,-0.622860,-0.583769
-0.092796,0.495268,0.744881,0.462803,-0.132198,-0.581120,-0.555151
-0.083050,0.490227,0.738853,0.466549,-0.114868,-0.557167,-0.535381
-0.075237,0.479347,0.699696,0.399368,-0.201984,-0.643520,-0.601437
-0.110424,0.475731,0.722477,0.436584,-0.160240,-0.609009,-0.579956
-0.103817,0.475414,0.726040,0.454739,-0.128613,-0.571846,-0.550011
-0.088837,0.467747,0.691051,0.393661,-0.202831,-0.640530,-0.596592
-0.108631,0.471573,0.711445,0.420696,-0.178005,-0.623753,-0.591702
-0.111614,0.466648,0.712410,0.433357,-0.155712,-0.598751,-0.571835
-0.102695,0.461784,0.692917,0.399368,-0.195267,-0.634052,-0.595104
-0.112083,0.463223,0.699219,0.406590,-0.193001,-0.637672,-0.601627
-0.119526,0.459751,0.704567,0.421650,-0.171246,-0.617104,-0.588089
-0.113941,0.461365,0.708103,0.434906,-0.149342,-0.591511,-0.567638
-0.105423,0.450247,0.674599,0.376293,-0.220125,-0.657745,-0.613729
-0.124710,0.456541,0.697454,0.408720,-0.187988,-0.633711,-0.601633
-0.123470,0.453863,0.701633,0.426531,-0.158627,-0.599745,-0.573851
-0.109632,0.448021,0.671412,0.373131,-0.223266,-0.660860,-0.616820
-0.128754,0.451555,0.691536,0.401877,-0.195745,-0.641395,-0.609245
-0.129056,0.449307,0.695173,0.415251,-0.172725,-0.616633,-0.588622
-0.118394,0.451074,0.694960,0.419913,-0.163233,-0.604311,-0.579355
-0.116063,0.441649,0.666076,0.368822,-0.226555,-0.663141,-0.619076
-0.131962,0.447405,0.688405,0.401709,-0.193952,-0.637661,-0.606518
-0.129278,0.447138,0.694005,0.418004,-0.167063,-0.612973,-0.608429
-0.186842,0.323696,0.526788,0.247479,-0.300803,-0.682899,-0.597535
-0.089033,0.490035,0.719014,0.415520,-0.190930,-0.638493,-0.604332
-0.121173,0.460131,0.708908,0.433822,-0.152295,-0.595340,-0.570382
-0.105136,0.459393,0.700336,0.425303,-0.154901,-0.592087,-0.566207
-0.103954,0.449797,0.670297,0.370128,-0.230091,-0.670497,-0.628263
-0.138079,0.447260,0.695154,0.412359,-0.180415,-0.626148,-0.597989
-0.124684,0.448810,0.694733,0.419750,-0.164308,-0.606289,-0.581252
-0.115926,0.441849,0.667315,0.369136,-0.227158,-0.663674,-0.619541
-0.130405,0.450963,0.693947,0.408238,-0.186445,-0.631138,-0.600973
-0.125679,0.449786,0.696686,0.421693,-0.161398,-0.602421,-0.577412
-0.112114,0.452467,0.697371,0.427237,-0.148111,-0.584394,-0.562502
-0.106155,0.441744,0.657423,0.355410,-0.243706,-0.686920,-0.665049
-0.222376,0.309061,0.533840,0.275040,-0.262688,-0.655817,-0.635099
-0.270727,0.133329,0.255354,-0.016352,-0.471121,-0.725377,-0.530911
0.034904,0.618009,0.812883,0.464839,-0.173066,-0.630315,-0.586222
-0.086389,0.509479,0.763890,0.483637,-0.110537,-0.558643,-0.535776
-0.067723,0.501533,0.744227,0.467989,-0.114389,-0.553738,-0.529028
-0.071848,0.471989,0.679733,0.372782,-0.219507,-0.644247,-0.584541
-0.083885,0.502054,0.741747,0.449842,-0.150990,-0.598848,-0.567921
-0.089922,0.486265,0.733873,0.457626,-0.126715,-0.568983,-0.544235
-0.080177,0.485125,0.728783,0.458387,-0.117224,-0.554750,-0.532143
-0.077042,0.470592,0.686983,0.386646,-0.208858,-0.642645,-0.596785
-0.108871,0.470306,0.713070,0.430069,-0.160957,-0.603008,-0.574135
-0.103054,0.465302,0.707108,0.431952,-0.149353,-0.586653,-0.560886
-0.099724,0.452946,0.671398,0.369199,-0.228148,-0.663755,-0.616768
-0.126758,0.455477,0.698341,0.412515,-0.181311,-0.625154,-0.594148
-0.119974,0.452425,0.696288,0.419263,-0.163889,-0.606925,-0.593675
-0.156629,0.378013,0.608887,0.351233,-0.193184,-0.594905,-0.545602
-0.077722,0.469883,0.679407,0.372267,-0.227046,-0.661673,-0.615668
-0.125654,0.456584,0.701405,0.421423,-0.167589,-0.610573,-0.583598
-0.116352,0.451138,0.694040,0.422901,-0.153442,-0.589735,-0.565899
-0.107625,0.441207,0.657812,0.356713,-0.237586,-0.672127,-0.625059
-0.135942,0.444431,0.687405,0.404619,-0.185215,-0.627058,-0.596996
-0.125713,0.443823,0.684851,0.407948,-0.175081,-0.613111,-0.587088
-0.126644,0.426296,0.654785,0.377182,-0.194818,-0.618986,-0.580204
-0.112000,0.443743,0.663288,0.362173,-0.237028,-0.675447,-0.633198
-0.145927,0.436523,0.683514,0.403732,-0.186058,-0.632736,-0.620163
-0.193550,0.302441,0.481354,0.193718,-0.338390,-0.691757,-0.581837
-0.063648,0.509384,0.721640,0.401575,-0.214457,-0.661743,-0.618519
-0.126375,0.461880,0.711683,0.431755,-0.157206,-0.602093,-0.577005
-0.110653,0.452044,0.690195,0.415327,-0.160805,-0.592003,-0.560190
-0.094988,0.466566,0.703585,0.426613,-0.153557,-0.591686,-0.565765
-0.104448,0.449352,0.671856,0.377577,-0.214853,-0.652428,-0.612274
-0.129034,0.449421,0.694401,0.414577,-0.173300,-0.616135,-0.590965
-0.130388,0.422682,0.650324,0.370907,-0.199961,-0.620077,-0.575325
-0.101208,0.457464,0.678932,0.378744,-0.217588,-0.654144,-0.611031
-0.124857,0.453575,0.695601,0.412851,-0.176950,-0.619736,-0.590612
-0.126118,0.430834,0.661346,0.383793,-0.189137,-0.611296,-0.576382
-0.138382,0.348375,0.488838,0.151382,-0.416414,-0.775839,-0.652369
-0.118797,0.467537,0.697862,0.404492,-0.184111,-0.621803,-0.618881
-0.237962,0.201038,0.353771,0.089041,-0.383246,-0.672451,-0.527273
-0.025918,0.495275,0.667885,0.354442,-0.214005,-0.601447,-0.515533
-0.009428,0.565298,0.785082,0.476374,-0.129393,-0.574335,-0.535633
-0.053848,0.523159,0.765713,0.482502,-0.106792,-0.549088,-0.521439
-0.053535,0.513622,0.756184,0.484699,-0.093952,-0.532539,-0.510010
-0.054012,0.494507,0.709816,0.410358,-0.183304,-0.616241,-0.569546
-0.081787,0.496262,0.735943,0.449890,-0.142216,-0.585335,-0.557522
-0.095310,0.452538,0.673050,0.388519,-0.180584,-0.594070,-0.542755
-0.063114,0.501999,0.735703,0.452515,-0.133820,-0.573177,-0.547501
-0.084476,0.471989,0.697132,0.406441,-0.180489,-0.613590,-0.572918
-0.095028,0.475189,0.714931,0.434799,-0.147530,-0.584869,-0.557186
-0.093151,0.467247,0.703121,0.424038,-0.156269,-0.592583,-0.564861
-0.103714,0.449917,0.671278,0.374889,-0.216702,-0.657349,-0.652466
-0.251045,0.232685,0.430714,0.180580,-0.318274,-0.664087,-0.599415
-0.187588,0.274220,0.446611,0.189627,-0.298437,-0.618914,-0.496918
0.013689,0.577248,0.789869,0.481874,-0.122208,-0.568411,-0.540728
-0.071810,0.490494,0.718487,0.427689,-0.162277,-0.597418,-0.557791
-0.079966,0.491167,0.730835,0.452581,-0.129843,-0.567278,-0.539698
-0.076738,0.482590,0.718378,0.442139,-0.136333,-0.571806,-0.546185
-0.086143,0.464436,0.685698,0.392141,-0.195669,-0.626716,-0.583028
-0.103127,0.467134,0.704967,0.423921,-0.160287,-0.597534,-0.570738
-0.116364,0.418838,0.625847,0.333801,-0.236879,-0.644108,-0.586584
-0.112504,0.425623,0.623811,0.320095,-0.257264,-0.664272,-0.595783
-0.098143,0.477000,0.705022,0.403510,-0.199996,-0.644641,-0.610518
-0.140091,0.412975,0.631826,0.343701,-0.228954,-0.641072,-0.582533
-0.093777,0.481352,0.721077,0.437019,-0.152127,-0.597199,-0.573273
-0.110024,0.448619,0.675921,0.385421,-0.202290,-0.636167,-0.594303
-0.114258,0.459080,0.699963,0.421938,-0.160252,-0.598431,-0.570601
-0.106417,0.454130,0.690155,0.412199,-0.168943,-0.605104,-0.577230
-0.113977,0.445648,0.677832,0.395096,-0.189806,-0.627735,-0.596725
-0.127434,0.436226,0.668499,0.381947,-0.204777,-0.639629,-0.602642
-0.127422,0.441132,0.680210,0.399422,-0.186478,-0.625397,-0.596348
-0.128021,0.436634,0.674778,0.395023,-0.188881,-0.628750,-0.600639
-0.134220,0.425617,0.655083,0.366726,-0.217880,-0.649651,-0.608631
-0.136257,0.423626,0.651180,0.364841,-0.212887,-0.637844,-0.599838
-0.150955,0.356350,0.526936,0.215416,-0.344269,-0.718124,-0.618732
-0.114880,0.431267,0.612980,0.284157,-0.308311,-0.719540,-0.674755
-0.260162,0.187794,0.324989,0.040966,-0.440670,-0.719597,-0.540791
0.021229,0.612295,0.829706,0.509850,-0.109898,-0.566742,-0.541788
-0.068741,0.503515,0.748203,0.470034,-0.116211,-0.559391,-0.537500
-0.078229,0.474516,0.698899,0.412339,-0.164635,-0.586901,-0.541356
-0.068410,0.486165,0.705524,0.413984,-0.167925,-0.594105,-0.548529
-0.070669,0.497565,0.733385,0.448387,-0.139741,-0.580875,-0.554026
-0.088862,0.470701,0.698910,0.408329,-0.178489,-0.610507,-0.570714
-0.097604,0.463973,0.692227,0.406573,-0.173409,-0.600607,-0.558970
-0.085011,0.480336,0.716229,0.434234,-0.149939,-0.589106,-0.562260
-0.098073,0.462475,0.695569,0.409827,-0.180984,-0.622818,-0.596656
-0.142909,0.387772,0.586399,0.288983,-0.273338,-0.661538,-0.585156
-0.109968,0.404842,0.566257,0.240761,-0.327893,-0.708688,-0.641562
-0.229249,0.185194,0.271605,-0.051018,-0.538655,-0.792266,-0.579574
-0.026940,0.480614,0.578186,0.188450,-0.400879,-0.752344,-0.625877
-0.145975,0.325657,0.447231,0.130127,-0.377460,-0.663559,-0.475266
0.102005,0.707199,0.928818,0.605316,-0.021973,-0.487282,-0.466812
0.004707,0.576408,0.815659,0.527206,-0.071190,-0.521530,-0.495026
-0.024353,0.540657,0.774261,0.489983,-0.095482,-0.529106,-0.490913
-0.013542,0.556152,0.795364,0.512741,-0.075974,-0.519646,-0.494354
-0.028786,0.533127,0.766579,0.479233,-0.114159,-0.560516,-0.533958
-0.072014,0.476540,0.691887,0.401260,-0.169975,-0.579720,-0.521774
-0.046303,0.497093,0.698547,0.394142,-0.185860,-0.596481,-0.533531
-0.042358,0.528313,0.756783,0.459610,-0.138634,-0.583923,-0.552406
-0.077728,0.491249,0.723907,0.430893,-0.170052,-0.619003,-0.588181
-0.116135,0.443405,0.668678,0.379089,-0.201859,-0.624146,-0.570801
-0.081337,0.496437,0.735859,0.450523,-0.143803,-0.590096,-0.565434
-0.096569,0.467632,0.700443,0.407581,-0.192238,-0.644947,-0.637371
-0.219608,0.275421,0.465111,0.195969,-0.315865,-0.654034,-0.536861
-0.019314,0.554054,0.771521,0.464422,-0.140722,-0.587976,-0.558401
-0.086628,0.481434,0.717089,0.429976,-0.164152,-0.609273,-0.581489
-0.109533,0.458714,0.696508,0.415424,-0.166867,-0.599285,-0.563796
-0.093975,0.468249,0.701049,0.415992,-0.168281,-0.604617,-0.573008
-0.105079,0.456250,0.688165,0.403210,-0.185846,-0.625938,-0.596098
-0.126009,0.438438,0.668564,0.375002,-0.224531,-0.670115,-0.641804
-0.187874,0.329327,0.507767,0.200123,-0.353760,-0.718941,-0.615833
-0.132717,0.362610,0.490082,0.140724,-0.425190,-0.771027,-0.624329
-0.061890,0.547184,0.778545,0.457867,-0.172451,-0.640736,-0.613438
-0.128288,0.459873,0.711540,0.436386,-0.146870,-0.585129,-0.555428
-0.086460,0.476868,0.712715,0.432629,-0.149651,-0.585968,-0.556297
-0.091267,0.467190,0.696255,0.407497,-0.183372,-0.623310,-0.591362
-0.118214,0.450245,0.683369,0.391796,-0.204796,-0.650391,-0.617218
-0.137962,0.440460,0.687355,0.411385,-0.168770,-0.602974,-0.571213
-0.105080,0.454468,0.683647,0.395973,-0.192841,-0.630737,-0.596771
-0.124550,0.440063,0.669373,0.373047,-0.227264,-0.671677,-0.635361
-0.151039,0.430443,0.678429,0.401588,-0.179428,-0.614494,-0.583572
-0.115341,0.446281,0.679466,0.395775,-0.188126,-0.623108,-0.591133
-0.123817,0.435936,0.663353,0.367119,-0.230179,-0.672577,-0.636223
-0.152840,0.424789,0.667000,0.380524,-0.215881,-0.663261,-0.638680
-0.193329,0.312439,0.480530,0.166542,-0.389709,-0.756264,-0.672081
-0.238968,0.191216,0.280518,-0.052910,-0.557106,-0.824203,-0.608261
-0.002594,0.619019,0.841309,0.502853,-0.145096,-0.621078,-0.597511
-0.114109,0.464504,0.706715,0.429024,-0.145023,-0.567322,-0.519855
-0.041107,0.525074,0.754951,0.463081,-0.130878,-0.572910,-0.541092
-0.069050,0.497318,0.727390,0.430836,-0.169720,-0.615349,-0.579277
-0.096180,0.484081,0.729870,0.449865,-0.138197,-0.578291,-0.546503
-0.075472,0.489904,0.722893,0.436068,-0.153870,-0.591911,-0.558088
-0.085039,0.480385,0.709517,0.413988,-0.186522,-0.631128,-0.595993
-0.112848,0.467465,0.710378,0.422645,-0.174048,-0.621713,-0.591561
-0.114330,0.463053,0.709897,0.434849,-0.145370,-0.579645,-0.548927
-0.082861,0.475641,0.703776,0.414097,-0.175735,-0.614646,-0.579729
-0.105590,0.461891,0.693067,0.399564,-0.198936,-0.643502,-0.608326
-0.126113,0.451324,0.696273,0.418370,-0.163698,-0.600778,-0.587485
-0.176765,0.293707,0.446362,0.145409,-0.383288,-0.717647,-0.582046
-0.042321,0.546191,0.764012,0.440667,-0.185457,-0.645679,-0.611365
-0.122195,0.467995,0.719718,0.438759,-0.157083,-0.606835,-0.580709
-0.107468,0.464984,0.709872,0.432885,-0.148279,-0.582511,-0.549800
-0.082733,0.476760,0.701971,0.405487,-0.192061,-0.634710,-0.597634
-0.115494,0.461869,0.702837,0.415130,-0.181536,-0.628195,-0.597047
-0.118827,0.457583,0.702487,0.426495,-0.153682,-0.587914,-0.555200
-0.088130,0.470390,0.698544,0.408884,-0.181904,-0.619808,-0.584870
-0.110709,0.456794,0.687992,0.393537,-0.204930,-0.649463,-0.613275
-0.131037,0.449357,0.694305,0.411520,-0.181245,-0.627944,-0.603672
-0.147890,0.384807,0.582503,0.283189,-0.282967,-0.673987,-0.589655
-0.081200,0.497820,0.721868,0.411534,-0.201692,-0.653038,-0.617741
-0.129549,0.456744,0.704607,0.421778,-0.172984,-0.621664,-0.593496
-0.119206,0.454286,0.698253,0.422308,-0.158797,-0.592970,-0.560199
-0.092094,0.467453,0.692717,0.395312,-0.203148,-0.645721,-0.608570
-0.125376,0.452056,0.693093,0.403503,-0.193073,-0.638664,-0.606457
-0.127187,0.451241,0.697171,0.416335,-0.175476,-0.620254,-0.592127
-0.119831,0.448756,0.684934,0.396391,-0.197194,-0.640797,-0.606620
-0.127351,0.447170,0.684347,0.391910,-0.208463,-0.654884,-0.620567
-0.135298,0.447123,0.695056,0.413276,-0.180446,-0.628094,-0.599880
-0.125544,0.447996,0.691035,0.412219,-0.171731,-0.607744,-0.573863
-0.102705,0.459870,0.687159,0.390784,-0.208607,-0.652102,-0.614887
-0.129676,0.450733,0.693742,0.408061,-0.187574,-0.634187,-0.602992
-0.125702,0.451741,0.698647,0.421708,-0.165266,-0.608182,-0.582119
-0.114799,0.447881,0.677229,0.380943,-0.218359,-0.661765,-0.623482
-0.137213,0.445223,0.688288,0.399733,-0.198748,-0.646226,-0.613934
-0.132625,0.447824,0.695757,0.415930,-0.175858,-0.621590,-0.594408
-0.121095,0.449477,0.687621,0.404932,-0.182853,-0.619736,-0.584762
-0.109590,0.456964,0.686243,0.389888,-0.210461,-0.652953,-0.614742
-0.128544,0.452842,0.697795,0.414039,-0.180665,-0.626356,-0.597179
-0.122866,0.450650,0.690736,0.408993,-0.175903,-0.611876,-0.576979
-0.103836,0.459728,0.686045,0.387731,-0.213582,-0.656052,-0.616842
-0.130631,0.451745,0.695726,0.410031,-0.185616,-0.632243,-0.602038
-0.124753,0.452684,0.699586,0.423618,-0.162394,-0.605333,-0.580270
-0.112965,0.448723,0.679042,0.385671,-0.207815,-0.646435,-0.606342
-0.122189,0.454242,0.692332,0.402754,-0.193812,-0.639394,-0.605223
-0.125960,0.451484,0.696439,0.414637,-0.176178,-0.620946,-0.591832
-0.119534,0.449054,0.684257,0.396700,-0.192977,-0.629780,-0.591796
-0.113639,0.455872,0.687105,0.390733,-0.209634,-0.655072,-0.629546
-0.168612,0.384819,0.618685,0.346415,-0.219319,-0.642159,-0.630377
-0.230911,0.248926,0.447977,0.202759,-0.292202,-0.628304,-0.520811
-0.015783,0.544205,0.746458,0.421360,-0.193800,-0.639252,-0.592258
-0.097363,0.490686,0.735401,0.446518,-0.153271,-0.602051,-0.572033
-0.093958,0.482302,0.728031,0.449921,-0.137238,-0.580345,-0.552517
-0.085411,0.477055,0.705208,0.411640,-0.183018,-0.620853,-0.580963
-0.097988,0.477272,0.713219,0.420536,-0.178131,-0.622864,-0.587856
-0.106792,0.471458,0.715256,0.432304,-0.159653,-0.604580,-0.575623
-0.102509,0.471771,0.718468,0.445225,-0.137112,-0.578369,-0.555550
-0.094376,0.460255,0.681629,0.380367,-0.219955,-0.661446,-0.618332
-0.128254,0.457954,0.703777,0.418930,-0.177834,-0.625565,-0.596458
-0.120258,0.458054,0.706797,0.433630,-0.149607,-0.591753,-0.567858
-0.104643,0.452991,0.677341,0.379030,-0.217394,-0.655020,-0.611010
-0.121998,0.458271,0.699186,0.409475,-0.188198,-0.633900,-0.601805
-0.122644,0.454697,0.700525,0.420565,-0.167448,-0.610418,-0.582455
-0.112274,0.457144,0.700981,0.424908,-0.158279,-0.598422,-0.573517
-0.111253,0.445440,0.668857,0.369624,-0.229667,-0.671105,-0.628920
-0.139759,0.445542,0.692424,0.408626,-0.187096,-0.633795,-0.605615
-0.129359,0.447060,0.696858,0.424738,-0.158437,-0.601497,-0.578507
-0.115209,0.441532,0.664997,0.366789,-0.229532,-0.667052,-0.621961
-0.132851,0.448492,0.690474,0.401821,-0.193827,-0.639474,-0.607323
-0.129084,0.448322,0.695193,0.420173,-0.164899,-0.606908,-0.580922
-0.116609,0.442115,0.664615,0.364475,-0.233761,-0.671225,-0.626077
-0.134957,0.447401,0.687460,0.396902,-0.201610,-0.647164,-0.612967
-0.131722,0.446710,0.692643,0.412789,-0.177073,-0.626755,-0.635713
-0.263633,0.161730,0.294121,0.012173,-0.467399,-0.745254,-0.565380
-0.002298,0.585915,0.789762,0.450613,-0.183360,-0.640616,-0.599460
-0.102534,0.489479,0.740075,0.456043,-0.140893,-0.589779,-0.562797
-0.088710,0.485553,0.733209,0.458961,-0.123398,-0.564679,-0.540907
-0.078794,0.475792,0.696139,0.394837,-0.203577,-0.640246,-0.594316
-0.103401,0.477772,0.719581,0.429776,-0.167017,-0.612827,-0.580842
-0.102771,0.473489,0.719220,0.443067,-0.142156,-0.583341,-0.557517
-0.091416,0.472981,0.714771,0.440573,-0.138805,-0.577130,-0.552380
-0.093202,0.459453,0.679843,0.380540,-0.214916,-0.650604,-0.606630
-0.118629,0.460636,0.703487,0.418623,-0.174250,-0.617150,-0.587163
-0.114002,0.457395,0.700262,0.423228,-0.161888,-0.602964,-0.581913
-0.146903,0.345679,0.495820,0.162094,-0.410797,-0.792848,-0.740625
-0.349901,0.071489,0.214605,-0.034243,-0.470267,-0.724503,-0.595449
-0.199904,0.160808,0.219372,-0.083958,-0.522202,-0.735661,-0.553505
-0.129765,0.214931,0.231251,-0.105152,-0.541004,-0.712059,-0.416592
0.223892,0.838966,1.027390,0.651443,-0.019997,-0.502686,-0.470154
0.030907,0.634811,0.899117,0.625717,0.032455,-0.420624,-0.405640
0.053604,0.617043,0.859810,0.588516,0.010040,-0.430328,-0.409592
0.043625,0.589386,0.802933,0.498779,-0.099564,-0.536163,-0.492126
-0.005066,0.574219,0.815140,0.528336,-0.065506,-0.511337,-0.485229
-0.015945,0.552582,0.792587,0.513672,-0.071350,-0.513336,-0.491241
-0.037643,0.505585,0.725403,0.445061,-0.123802,-0.539993,-0.495270
-0.024124,0.528664,0.741364,0.432472,-0.173470,-0.617592,-0.577103
-0.091583,0.486198,0.725616,0.442238,-0.146240,-0.584793,-0.558311
-0.119881,0.373161,0.532539,0.220657,-0.325714,-0.680527,-0.559341
-0.029015,0.554085,0.766541,0.439835,-0.185715,-0.650246,-0.663177
-0.283306,0.182003,0.377411,0.146175,-0.320278,-0.634964,-0.564842
-0.196449,0.176426,0.263638,-0.022053,-0.467243,-0.705170,-0.537498
-0.085144,0.328911,0.410034,0.086060,-0.402939,-0.664757,-0.460213
0.120461,0.715347,0.916016,0.568817,-0.073143,-0.538338,-0.503105
-0.011093,0.577995,0.830559,0.552376,-0.039757,-0.488785,-0.469772
-0.011406,0.544334,0.778515,0.502625,-0.070625,-0.500935,-0.470211
-0.010983,0.536831,0.749477,0.444447,-0.153767,-0.590244,-0.546082
-0.059860,0.517635,0.758724,0.474060,-0.117647,-0.561356,-0.537060
-0.081264,0.461203,0.677355,0.392410,-0.174173,-0.584189,-0.539201
-0.098056,0.379113,0.505188,0.156402,-0.412855,-0.764937,-0.621501
-0.057406,0.557211,0.796990,0.488562,-0.129626,-0.591757,-0.572039
-0.114916,0.423988,0.631737,0.339443,-0.227575,-0.628246,-0.564228
-0.096413,0.420856,0.593494,0.282043,-0.280510,-0.660149,-0.565521
-0.052723,0.522778,0.741386,0.428589,-0.183178,-0.630146,-0.592472
-0.107784,0.472099,0.715561,0.433258,-0.157082,-0.600403,-0.573769
-0.105881,0.461266,0.704803,0.432335,-0.145325,-0.582916,-0.559402
-0.104370,0.442223,0.656609,0.354286,-0.241226,-0.675011,-0.628174
-0.139282,0.440872,0.683624,0.400620,-0.189430,-0.632462,-0.603577
-0.135414,0.432983,0.674835,0.401688,-0.176651,-0.612961,-0.590103
-0.143555,0.385864,0.592026,0.302078,-0.264572,-0.669754,-0.609207
-0.123352,0.440109,0.661453,0.361145,-0.235306,-0.671982,-0.631912
-0.149719,0.423782,0.663879,0.382126,-0.202759,-0.640671,-0.615509
-0.169586,0.348465,0.537506,0.241348,-0.316788,-0.702789,-0.619339
-0.116638,0.453766,0.670242,0.359268,-0.247757,-0.696869,-0.694489
-0.303360,0.146744,0.301682,0.028427,-0.457199,-0.762527,-0.664566
-0.276382,0.085831,0.140045,-0.169540,-0.607132,-0.801392,-0.538666
0.075256,0.678680,0.880005,0.535416,-0.102005,-0.565628,-0.537628
-0.057648,0.516586,0.753479,0.463669,-0.133133,-0.577011,-0.547012
-0.079697,0.476120,0.701599,0.416122,-0.157822,-0.578064,-0.529533
-0.049728,0.518471,0.755234,0.472145,-0.115074,-0.557259,-0.532440
-0.070259,0.485367,0.708694,0.415222,-0.174454,-0.607353,-0.565506
-0.084496,0.487831,0.726730,0.443817,-0.142250,-0.581345,-0.552475
-0.085304,0.479179,0.719093,0.444992,-0.133316,-0.570587,-0.545761
-0.086510,0.470116,0.704216,0.427277,-0.152863,-0.589989,-0.565025
-0.104652,0.449181,0.672699,0.379425,-0.212006,-0.646645,-0.607483
-0.138901,0.409409,0.623543,0.333679,-0.236794,-0.644798,-0.586082
-0.114731,0.420692,0.615227,0.312767,-0.259430,-0.665230,-0.615082
-0.163925,0.356377,0.558395,0.277039,-0.271317,-0.660332,-0.624794
-0.232063,0.203987,0.349899,0.079384,-0.395706,-0.684761,-0.547241
-0.067142,0.424206,0.573112,0.258659,-0.287338,-0.639828,-0.520252
0.007488,0.587051,0.800880,0.480408,-0.135061,-0.582779,-0.541946
-0.054140,0.525902,0.769511,0.486366,-0.103838,-0.547034,-0.521257
-0.061067,0.488681,0.713022,0.431300,-0.139906,-0.558414,-0.513056
-0.038346,0.523832,0.757554,0.474379,-0.110969,-0.550331,-0.526612
-0.071389,0.470507,0.681211,0.383053,-0.200526,-0.620543,-0.571787
-0.115186,0.388043,0.546776,0.227413,-0.326372,-0.684622,-0.571724
-0.078909,0.426994,0.562979,0.220098,-0.347225,-0.702282,-0.577431
-0.070818,0.438019,0.563232,0.201866,-0.374004,-0.724834,-0.580162
-0.038284,0.519157,0.694477,0.359303,-0.228725,-0.621895,-0.531891
-0.039307,0.484924,0.648819,0.319908,-0.251167,-0.625580,-0.518936
-0.004013,0.556015,0.755379,0.440109,-0.151649,-0.569031,-0.507904
-0.022453,0.529854,0.732315,0.421089,-0.166649,-0.580048,-0.518883
-0.049019,0.467339,0.633217,0.313103,-0.249252,-0.618935,-0.509560
0.016861,0.607811,0.840729,0.542099,-0.062477,-0.516022,-0.496597
-0.040741,0.500793,0.708206,0.408737,-0.174194,-0.588684,-0.534462
-0.076355,0.422501,0.572983,0.248383,-0.306702,-0.660370,-0.540016
-0.031029,0.496758,0.654411,0.318344,-0.260803,-0.640282,-0.535736
-0.015068,0.556519,0.768303,0.454597,-0.147324,-0.580643,-0.536285
-0.073303,0.446007,0.619690,0.303413,-0.259048,-0.631767,-0.533211
-0.052658,0.439140,0.564072,0.215118,-0.346497,-0.690041,-0.553780
-0.054420,0.423782,0.515717,0.142876,-0.418976,-0.736374,-0.554665
0.028793,0.634254,0.843468,0.509628,-0.114204,-0.557526,-0.512337
-0.042679,0.486176,0.670288,0.361404,-0.199600,-0.578705,-0.483536
0.030746,0.612595,0.844315,0.547424,-0.053482,-0.503387,-0.482307
-0.018959,0.542694,0.777847,0.494133,-0.095657,-0.540398,-0.522995
-0.094528,0.388626,0.535278,0.211769,-0.341248,-0.691895,-0.562675
-0.032204,0.532494,0.726715,0.404404,-0.192368,-0.609833,-0.542923
-0.039047,0.546173,0.785149,0.492531,-0.110001,-0.562477,-0.544914
-0.102623,0.405952,0.578773,0.267502,-0.289993,-0.658752,-0.557251
-0.067924,0.440392,0.585594,0.245979,-0.322990,-0.684563,-0.564217
-0.043518,0.509544,0.694195,0.367290,-0.223289,-0.630703,-0.551884
-0.040104,0.546112,0.778255,0.473984,-0.139107,-0.597160,-0.575359
-0.120071,0.407246,0.597656,0.292095,-0.273415,-0.657936,-0.573029
-0.099159,0.394810,0.525810,0.182880,-0.378626,-0.724987,-0.590536
-0.085154,0.407816,0.513407,0.144325,-0.428440,-0.775208,-0.676308
-0.264732,0.119686,0.185148,-0.121111,-0.555412,-0.742502,-0.472691
0.129688,0.691391,0.836727,0.461075,-0.164143,-0.578548,-0.489082
0.040070,0.642509,0.886810,0.589684,-0.020248,-0.482029,-0.464912
-0.000614,0.563938,0.797077,0.512341,-0.072609,-0.506699,-0.477760
-0.041790,0.446850,0.596973,0.273956,-0.280529,-0.636547,-0.514610
0.017426,0.600262,0.821243,0.510780,-0.096725,-0.544373,-0.513241
-0.037003,0.532549,0.766741,0.473286,-0.128107,-0.578480,-0.559809
-0.132046,0.340660,0.471108,0.143262,-0.392550,-0.714425,-0.563527
-0.046733,0.457536,0.575294,0.211422,-0.364980,-0.713407,-0.569286
-0.030887,0.523107,0.694034,0.349623,-0.251461,-0.654636,-0.561842
-0.032311,0.569538,0.811313,0.516577,-0.086092,-0.535783,-0.516444
-0.083140,0.402860,0.552329,0.231601,-0.319633,-0.679261,-0.605814
-0.210682,0.168180,0.227150,-0.098242,-0.562248,-0.778770,-0.524446
0.096776,0.713286,0.917809,0.561731,-0.097820,-0.585317,-0.596596
-0.211196,0.221498,0.347471,0.057204,-0.415969,-0.674797,-0.474128
0.089039,0.651932,0.824820,0.475496,-0.139263,-0.564795,-0.496119
0.011456,0.597403,0.831228,0.528613,-0.084795,-0.543174,-0.516817
-0.040427,0.536111,0.780154,0.501344,-0.081637,-0.517680,-0.490681
-0.037094,0.494389,0.695745,0.399065,-0.172310,-0.579260,-0.516588
-0.027651,0.539831,0.765139,0.466785,-0.135551,-0.583935,-0.555473
-0.082855,0.485069,0.718632,0.426517,-0.172565,-0.619667,-0.597748
-0.168713,0.302330,0.431133,0.101665,-0.433792,-0.751404,-0.599213
-0.091866,0.384491,0.468742,0.086334,-0.483017,-0.802963,-0.615959
-0.017487,0.611664,0.844345,0.513252,-0.130325,-0.608826,-0.594582
-0.148735,0.356537,0.519249,0.204811,-0.339211,-0.682899,-0.553619
-0.039688,0.489082,0.644783,0.301895,-0.283020,-0.665291,-0.556656
-0.022179,0.574806,0.805893,0.493744,-0.128136,-0.590996,-0.566139
-0.085373,0.495514,0.741913,0.456657,-0.140518,-0.589638,-0.562889
-0.089035,0.484993,0.727539,0.447258,-0.141090,-0.582436,-0.554817
-0.085960,0.479210,0.713951,0.425934,-0.168114,-0.613152,-0.583328
-0.110336,0.459923,0.694817,0.402077,-0.196640,-0.644363,-0.615234
-0.152687,0.389641,0.594925,0.300201,-0.265312,-0.658630,-0.582443
-0.088890,0.465599,0.671204,0.362137,-0.230293,-0.654198,-0.598557
-0.104843,0.471298,0.702255,0.400711,-0.206711,-0.658173,-0.624954
-0.140762,0.441559,0.688431,0.406570,-0.188202,-0.636902,-0.621429
-0.208557,0.233780,0.333176,-0.012711,-0.544907,-0.841675,-0.651245
-0.080612,0.488724,0.657288,0.298813,-0.320099,-0.734100,-0.639328
-0.098053,0.518372,0.771667,0.474686,-0.141922,-0.607376,-0.588989
-0.125374,0.425827,0.644783,0.358704,-0.208015,-0.610344,-0.544067
-0.050575,0.520447,0.748283,0.449509,-0.152260,-0.598129,-0.567169
-0.092079,0.477318,0.711372,0.417786,-0.181770,-0.628372,-0.594231
-0.113052,0.465317,0.711189,0.433220,-0.147942,-0.583153,-0.551399
-0.084312,0.475197,0.704338,0.415649,-0.173195,-0.611137,-0.578178
-0.106964,0.457619,0.685921,0.390556,-0.209793,-0.654236,-0.617958
-0.135628,0.444862,0.688919,0.404282,-0.190323,-0.636887,-0.614426
-0.173141,0.327621,0.491722,0.178673,-0.370804,-0.724777,-0.600807
-0.063805,0.527870,0.751755,0.433441,-0.188667,-0.646866,-0.614456
-0.128143,0.456284,0.703278,0.417633,-0.179916,-0.627457,-0.599129
-0.122726,0.452850,0.696938,0.419159,-0.164742,-0.599724,-0.577530
-0.162865,0.280266,0.379456,0.032372,-0.505875,-0.810623,-0.626137
-0.036987,0.581947,0.809395,0.479954,-0.159050,-0.630085,-0.603558
-0.115269,0.476978,0.732689,0.455681,-0.138203,-0.587971,-0.565769
-0.102276,0.453678,0.679291,0.392975,-0.184731,-0.604790,-0.554123
-0.070244,0.498096,0.722305,0.419941,-0.185389,-0.631844,-0.594633
-0.107475,0.473881,0.719780,0.435003,-0.160715,-0.608393,-0.583138
-0.128338,0.402405,0.599140,0.300823,-0.262393,-0.649529,-0.562326
-0.053961,0.523990,0.746973,0.437534,-0.174809,-0.626261,-0.592050
-0.106890,0.474441,0.717385,0.430657,-0.166993,-0.614630,-0.584453
-0.106221,0.470199,0.716089,0.435211,-0.154691,-0.599535,-0.581241
-0.159707,0.304878,0.427283,0.088546,-0.458050,-0.783765,-0.618106
-0.041756,0.575235,0.806623,0.482065,-0.153080,-0.624197,-0.596779
-0.107607,0.485516,0.743069,0.466908,-0.127117,-0.578976,-0.563732
-0.134480,0.349468,0.494957,0.171272,-0.374092,-0.712273,-0.567768
-0.012383,0.588711,0.814110,0.491432,-0.136971,-0.601410,-0.572262
-0.085281,0.502731,0.753265,0.472107,-0.123947,-0.573906,-0.547997
-0.073990,0.500183,0.746773,0.469521,-0.116798,-0.561028,-0.536278
-0.070259,0.491127,0.719177,0.421608,-0.178978,-0.623657,-0.585670
-0.099693,0.482445,0.727158,0.440231,-0.157616,-0.607399,-0.577408
-0.099350,0.478844,0.725517,0.445412,-0.145683,-0.591705,-0.568718
-0.119102,0.404556,0.592308,0.285095,-0.283020,-0.670135,-0.578018
-0.059898,0.526733,0.754417,0.444756,-0.170746,-0.625320,-0.591278
-0.104332,0.480721,0.729309,0.447189,-0.146866,-0.594856,-0.569916
-0.102730,0.455902,0.681244,0.390755,-0.192070,-0.616219,-0.565697
-0.080002,0.491104,0.719040,0.418411,-0.187149,-0.633827,-0.596840
-0.110886,0.471237,0.716919,0.431923,-0.163033,-0.610931,-0.581985
-0.106934,0.468292,0.714958,0.437767,-0.148476,-0.591644,-0.565842
-0.100723,0.460739,0.689857,0.396271,-0.198402,-0.636253,-0.596367
-0.113403,0.462822,0.699738,0.408989,-0.188736,-0.633514,-0.599522
-0.120441,0.456825,0.700623,0.417675,-0.173298,-0.618221,-0.589264
-0.117123,0.452290,0.688305,0.401554,-0.187325,-0.624313,-0.587490
-0.111462,0.455936,0.686058,0.389557,-0.210934,-0.653568,-0.615498
-0.131390,0.449875,0.693737,0.409874,-0.183960,-0.629765,-0.600700
-0.125519,0.448856,0.696629,0.422503,-0.160707,-0.601849,-0.576956
-0.114704,0.441978,0.665382,0.368093,-0.228294,-0.665882,-0.621834
-0.133759,0.446562,0.686552,0.396904,-0.200705,-0.646343,-0.613205
-0.133987,0.443415,0.689304,0.410383,-0.176600,-0.619525,-0.592490
-0.124207,0.439429,0.668749,0.374390,-0.221049,-0.659650,-0.619536
-0.134383,0.443040,0.680163,0.388649,-0.209831,-0.654376,-0.619178
-0.136941,0.442475,0.688408,0.407577,-0.183251,-0.628031,-0.598928
-0.127617,0.444878,0.690788,0.416770,-0.166331,-0.608341,-0.584308
-0.120953,0.435845,0.658391,0.358297,-0.241845,-0.683149,-0.639852
-0.148611,0.436800,0.683790,0.399125,-0.197454,-0.645000,-0.615706
-0.138345,0.440147,0.690048,0.416079,-0.167953,-0.610883,-0.585809
-0.121422,0.437376,0.661902,0.364748,-0.231506,-0.668961,-0.624780
-0.135594,0.445823,0.686903,0.397357,-0.199176,-0.644723,-0.612471
-0.133155,0.444344,0.690329,0.411503,-0.176363,-0.619185,-0.594980
-0.146101,0.378779,0.573614,0.277326,-0.285831,-0.675833,-0.593422
-0.087845,0.488324,0.709548,0.396419,-0.218599,-0.668789,-0.629414
-0.137178,0.452145,0.703011,0.421206,-0.173519,-0.622161,-0.595910
-0.130355,0.427648,0.656272,0.374897,-0.200841,-0.622853,-0.576074
-0.095064,0.470435,0.692807,0.389607,-0.213617,-0.654074,-0.609942
-0.119831,0.463479,0.706431,0.419714,-0.176948,-0.622627,-0.591486
-0.113275,0.462150,0.709008,0.432996,-0.152084,-0.596056,-0.585688
-0.154428,0.367644,0.574346,0.289815,-0.269504,-0.664495,-0.588006
-0.084393,0.495690,0.725675,0.423175,-0.182290,-0.629855,-0.594722
-0.110600,0.469703,0.716510,0.436542,-0.153437,-0.597380,-0.572333
-0.109929,0.443971,0.669504,0.385065,-0.190783,-0.612904,-0.567209
-0.087276,0.476177,0.699451,0.397144,-0.204220,-0.644789,-0.601744
-0.113689,0.467583,0.710468,0.423683,-0.171093,-0.615881,-0.584835
-0.108669,0.466679,0.712482,0.437380,-0.145823,-0.587936,-0.567915
-0.130024,0.373226,0.534910,0.208708,-0.364548,-0.741106,-0.626810
-0.085728,0.519762,0.759293,0.454529,-0.160021,-0.618542,-0.595245
-0.129688,0.430269,0.661808,0.384295,-0.187616,-0.613653,-0.609924
-0.249693,0.144400,0.245804,-0.043400,-0.500854,-0.741169,-0.526051
0.057304,0.649967,0.846497,0.496181,-0.147884,-0.610268,-0.570286
-0.071602,0.524105,0.780308,0.501823,-0.091576,-0.539890,-0.518211
-0.052319,0.514801,0.757328,0.481895,-0.100662,-0.540192,-0.515663
-0.053780,0.499603,0.719719,0.419174,-0.177528,-0.614449,-0.569756
-0.082024,0.498924,0.740509,0.453407,-0.141685,-0.586792,-0.559975
-0.095818,0.456894,0.680267,0.394661,-0.180389,-0.598797,-0.556255
-0.114609,0.371853,0.516899,0.197655,-0.346245,-0.690788,-0.558445
-0.019028,0.567223,0.781830,0.454315,-0.173988,-0.632462,-0.596420
-0.102615,0.490219,0.745533,0.470078,-0.120312,-0.568573,-0.546837
-0.085762,0.471703,0.702713,0.424675,-0.149719,-0.577244,-0.538860
-0.069107,0.487186,0.705318,0.399868,-0.200703,-0.646347,-0.631767
-0.206097,0.304588,0.516617,0.258862,-0.263184,-0.635891,-0.598850
-0.225140,0.185230,0.311550,0.038235,-0.424976,-0.701275,-0.585297
-0.198803,0.151962,0.198723,-0.108490,-0.538860,-0.725960,-0.459091
0.155998,0.756653,0.942535,0.572861,-0.089424,-0.564980,-0.528297
-0.027023,0.576118,0.839684,0.567513,-0.024521,-0.477364,-0.466034
-0.026024,0.495903,0.694633,0.405121,-0.153297,-0.546440,-0.473015
0.019730,0.584145,0.797607,0.483620,-0.127380,-0.572632,-0.531303
-0.043007,0.540451,0.787437,0.506660,-0.084129,-0.528885,-0.510513
-0.072319,0.435135,0.610741,0.305153,-0.252563,-0.629379,-0.540733
-0.073921,0.399391,0.502106,0.132126,-0.438591,-0.771614,-0.598549
-0.009003,0.621063,0.861488,0.544899,-0.085289,-0.555412,-0.534828
-0.058296,0.523270,0.774246,0.500351,-0.086540,-0.535255,-0.535446
-0.135170,0.330803,0.488770,0.201851,-0.310005,-0.639420,-0.520409
-0.018616,0.524494,0.715885,0.397606,-0.197124,-0.624279,-0.603107
-0.204109,0.250851,0.410603,0.143047,-0.341808,-0.653240,-0.567200
-0.196701,0.151886,0.202351,-0.103149,-0.533772,-0.726009,-0.481808
0.067852,0.558773,0.648643,0.257126,-0.333984,-0.681366,-0.519608
0.065559,0.694191,0.939056,0.628807,0.003906,-0.465866,-0.452766
0.006569,0.561325,0.788658,0.507942,-0.067169,-0.490524,-0.455849
-0.014183,0.483986,0.648437,0.340591,-0.210594,-0.577026,-0.474205
0.038879,0.610748,0.822815,0.501572,-0.113693,-0.563164,-0.525047
-0.038956,0.542309,0.788109,0.507130,-0.083862,-0.529793,-0.509659
-0.058968,0.477463,0.689583,0.405521,-0.159206,-0.566414,-0.516691
-0.068905,0.422651,0.562977,0.219515,-0.358150,-0.726383,-0.600910
-0.049734,0.558916,0.799620,0.495035,-0.120320,-0.586482,-0.600057
-0.217909,0.232071,0.388845,0.119323,-0.364552,-0.664267,-0.515830
0.002422,0.542308,0.713902,0.380890,-0.213787,-0.624290,-0.550482
-0.045624,0.533733,0.761042,0.457836,-0.147358,-0.593681,-0.559280
-0.080769,0.492992,0.733318,0.451805,-0.136776,-0.577385,-0.552944
-0.097004,0.443657,0.659000,0.373257,-0.196075,-0.608803,-0.556732
-0.079277,0.478790,0.693802,0.387215,-0.214485,-0.652451,-0.608780
-0.122063,0.456917,0.698502,0.413368,-0.178802,-0.621979,-0.593246
-0.124252,0.444969,0.689590,0.417229,-0.161308,-0.598793,-0.577118
-0.121956,0.428680,0.656830,0.378906,-0.197327,-0.627655,-0.595932
-0.134735,0.413101,0.627747,0.330566,-0.255936,-0.681778,-0.638779
-0.186905,0.313614,0.473587,0.156418,-0.396149,-0.753174,-0.641006
-0.149887,0.350449,0.481888,0.136490,-0.428452,-0.781128,-0.652924
-0.125412,0.447128,0.660843,0.353943,-0.236328,-0.661026,-0.627640
-0.197006,0.295166,0.471268,0.185730,-0.339417,-0.688812,-0.604263
-0.170776,0.280258,0.408783,0.105392,-0.399338,-0.699188,-0.536255
0.017853,0.608902,0.830200,0.516144,-0.100784,-0.559723,-0.538803
-0.071701,0.492706,0.723770,0.432098,-0.162628,-0.604446,-0.568512
-0.089447,0.486801,0.732529,0.457352,-0.126907,-0.568115,-0.544281
-0.082092,0.479401,0.717331,0.441254,-0.138992,-0.577209,-0.552368
-0.091125,0.462601,0.685989,0.393570,-0.195068,-0.627914,-0.590881
-0.133209,0.390625,0.578552,0.274445,-0.288635,-0.672714,-0.592239
-0.120819,0.376602,0.517853,0.183121,-0.378067,-0.731918,-0.610764
-0.114632,0.375999,0.491005,0.134186,-0.429359,-0.766014,-0.607292
-0.039772,0.561638,0.778564,0.453354,-0.168762,-0.618179,-0.581955
-0.118240,0.409622,0.598610,0.299461,-0.257744,-0.635025,-0.540009
-0.030739,0.540291,0.760323,0.459671,-0.133224,-0.572243,-0.554047
-0.129684,0.365044,0.544655,0.254768,-0.282513,-0.649803,-0.588837
-0.195328,0.208286,0.301540,0.000347,-0.466068,-0.709400,-0.495327
0.076241,0.642578,0.815952,0.467110,-0.148148,-0.574169,-0.506957
0.000148,0.583676,0.816084,0.514997,-0.089082,-0.534312,-0.503715
-0.040705,0.499139,0.704875,0.410580,-0.158434,-0.559142,-0.496145
-0.029351,0.485918,0.657541,0.341169,-0.224318,-0.605896,-0.512218
-0.006233,0.557634,0.768610,0.461918,-0.132082,-0.562433,-0.515141
-0.031673,0.538200,0.768806,0.474728,-0.117519,-0.554924,-0.523407
-0.069248,0.452065,0.638470,0.333817,-0.229820,-0.616405,-0.538425
-0.074360,0.411850,0.541016,0.201145,-0.356354,-0.700699,-0.566208
-0.054932,0.452663,0.574696,0.210171,-0.371758,-0.732494,-0.630844
-0.182369,0.266922,0.383945,0.080891,-0.403973,-0.671455,-0.476440
0.085037,0.650162,0.828186,0.484932,-0.126740,-0.551178,-0.484344
0.020432,0.607506,0.850258,0.560394,-0.039413,-0.493111,-0.477737
-0.031776,0.496056,0.692818,0.393539,-0.172592,-0.567520,-0.493904
-0.008781,0.531487,0.722015,0.409714,-0.172256,-0.578964,-0.507263
-0.007431,0.571823,0.806839,0.514191,-0.083473,-0.533096,-0.509781
-0.046165,0.513802,0.740456,0.448326,-0.141006,-0.574554,-0.539200
-0.084175,0.438004,0.621361,0.315643,-0.249046,-0.633743,-0.546074
-0.048965,0.502197,0.701576,0.392189,-0.194702,-0.611160,-0.550102
-0.055916,0.520676,0.755013,0.460724,-0.141491,-0.593655,-0.574802
-0.133183,0.372780,0.543015,0.234074,-0.318176,-0.678814,-0.572186
-0.089489,0.400528,0.521751,0.169136,-0.395130,-0.751060,-0.682728
-0.341476,-0.062862,-0.091469,-0.428394,-0.815887,-0.905777,-0.535721
0.124981,0.678066,0.770920,0.344254,-0.292427,-0.680092,-0.561188
-0.053627,0.466873,0.625137,0.310181,-0.230469,-0.567894,-0.430481
0.114929,0.708069,0.934364,0.623291,0.006371,-0.453552,-0.434593
0.032494,0.598831,0.832764,0.542938,-0.054863,-0.504616,-0.481438
-0.025787,0.508720,0.709167,0.408653,-0.164574,-0.566521,-0.493034
0.010521,0.591515,0.827263,0.534363,-0.065514,-0.515366,-0.492287
-0.025978,0.538612,0.773743,0.488060,-0.104660,-0.551331,-0.527039
-0.064415,0.488724,0.710571,0.422462,-0.154091,-0.572037,-0.526115
-0.070381,0.442726,0.616123,0.303467,-0.262241,-0.643055,-0.557404
-0.089638,0.391449,0.509686,0.158012,-0.404339,-0.743721,-0.590630
-0.023811,0.587639,0.817440,0.493263,-0.141506,-0.613232,-0.595203
-0.143658,0.371170,0.543350,0.231453,-0.326653,-0.689184,-0.573692
-0.050964,0.512897,0.711180,0.390943,-0.207679,-0.628928,-0.563813
-0.059755,0.526624,0.761865,0.459686,-0.152302,-0.610242,-0.585392
-0.118297,0.432441,0.647029,0.354678,-0.215332,-0.618970,-0.549103
-0.052055,0.524445,0.757710,0.467247,-0.127275,-0.571817,-0.545418
-0.079723,0.481340,0.712013,0.422894,-0.169317,-0.611557,-0.581898
-0.110035,0.458118,0.691914,0.403938,-0.186157,-0.624348,-0.588718
-0.114849,0.449436,0.678425,0.388618,-0.198410,-0.632584,-0.593948
-0.117096,0.452095,0.684975,0.395103,-0.198814,-0.643723,-0.612793
-0.138695,0.429726,0.662819,0.369263,-0.231232,-0.678749,-0.652359
-0.209106,0.285789,0.439201,0.120453,-0.424904,-0.769897,-0.676079
-0.283211,0.041664,0.011024,-0.377739,-0.837112,-0.986504,-0.651955
-0.018600,0.496658,0.548157,0.103989,-0.512901,-0.845757,-0.638336
-0.001076,0.665520,0.925545,0.610786,-0.025414,-0.503448,-0.489746
-0.019058,0.556709,0.803894,0.529167,-0.053680,-0.494476,-0.470234
-0.009621,0.546402,0.774017,0.483814,-0.108501,-0.549881,-0.518398
-0.045719,0.520309,0.751984,0.457996,-0.140995,-0.588009,-0.556248
-0.076447,0.500549,0.745049,0.468651,-0.112915,-0.548523,-0.519138
-0.054394,0.502796,0.730602,0.440590,-0.150547,-0.589783,-0.557144
-0.085262,0.479000,0.707958,0.411282,-0.189388,-0.635132,-0.600143
-0.118122,0.461082,0.706799,0.427708,-0.155540,-0.591843,-0.563126
-0.113693,0.407822,0.596397,0.291939,-0.275398,-0.667603,-0.586388
-0.080048,0.497849,0.722740,0.414223,-0.198189,-0.650681,-0.617493
-0.133339,0.447968,0.693825,0.408035,-0.188683,-0.638321,-0.618919
-0.191391,0.282066,0.414238,0.088112,-0.447937,-0.775902,-0.661301
-0.234169,0.151993,0.191826,-0.161308,-0.641083,-0.855629,-0.584694
0.057884,0.691650,0.904491,0.548840,-0.113213,-0.597332,-0.576935
-0.102539,0.455433,0.673279,0.383175,-0.182659,-0.579235,-0.504330
-0.004250,0.570366,0.799805,0.501637,-0.098572,-0.544849,-0.516266
-0.046455,0.518679,0.748495,0.452663,-0.148153,-0.594046,-0.559216
-0.078329,0.499741,0.742378,0.457296,-0.137753,-0.584766,-0.556908
-0.083906,0.488304,0.730019,0.448910,-0.139271,-0.581436,-0.552677
-0.082691,0.482626,0.713604,0.418928,-0.180737,-0.626461,-0.592434
-0.110386,0.468838,0.711649,0.424789,-0.172991,-0.621731,-0.598505
-0.150599,0.362579,0.539959,0.234194,-0.317839,-0.682165,-0.577242
-0.083540,0.433010,0.582472,0.239271,-0.343019,-0.719746,-0.601713
-0.057909,0.546370,0.781763,0.469969,-0.153503,-0.615984,-0.589775
-0.105707,0.480402,0.732960,0.456735,-0.129539,-0.571766,-0.551860
-0.122873,0.357879,0.498249,0.167535,-0.387723,-0.735703,-0.595043
-0.040538,0.563597,0.791036,0.469403,-0.160887,-0.625241,-0.595025
-0.106011,0.484022,0.736563,0.455436,-0.140575,-0.591474,-0.565510
-0.093408,0.480842,0.724580,0.447428,-0.133902,-0.569277,-0.537700
-0.070783,0.487583,0.713629,0.416018,-0.181672,-0.625439,-0.588497
-0.107467,0.469772,0.709637,0.420838,-0.176911,-0.623667,-0.592616
-0.114493,0.461820,0.706628,0.430539,-0.150711,-0.585029,-0.553378
-0.087361,0.472068,0.700146,0.410411,-0.180452,-0.619408,-0.585511
-0.112383,0.455075,0.687204,0.392696,-0.205823,-0.650409,-0.616226
-0.134020,0.445365,0.691267,0.408452,-0.184342,-0.631071,-0.621475
-0.239803,0.136465,0.162598,-0.214851,-0.713823,-0.930786,-0.649532
0.010110,0.657867,0.878712,0.523188,-0.143622,-0.631469,-0.606953
-0.110890,0.491012,0.755312,0.481927,-0.112275,-0.565293,-0.546314
-0.079185,0.488183,0.729008,0.450921,-0.130359,-0.563732,-0.529196
-0.060325,0.499002,0.724042,0.425433,-0.174223,-0.617010,-0.580075
-0.097100,0.480112,0.719950,0.431121,-0.166659,-0.613448,-0.582431
-0.104342,0.472911,0.717672,0.435677,-0.155333,-0.600297,-0.572358
-0.102203,0.466211,0.703194,0.418374,-0.170548,-0.608560,-0.573729
-0.098700,0.467710,0.696845,0.400345,-0.199173,-0.642795,-0.605706
-0.120622,0.459661,0.704495,0.420621,-0.173224,-0.620019,-0.590961
-0.117742,0.453712,0.693707,0.410898,-0.175055,-0.612076,-0.577240
-0.104158,0.460323,0.686571,0.388188,-0.213192,-0.655728,-0.616585
-0.130440,0.450894,0.693844,0.408103,-0.188568,-0.635229,-0.605059
-0.127808,0.449597,0.695489,0.418522,-0.168479,-0.611421,-0.590266
-0.144410,0.371616,0.547912,0.228374,-0.350975,-0.742364,-0.643738
-0.112321,0.490431,0.732137,0.429532,-0.184828,-0.644135,-0.614776
-0.130513,0.454816,0.706606,0.428645,-0.162271,-0.610071,-0.583964
-0.113670,0.455862,0.693952,0.409255,-0.177592,-0.614521,-0.578618
-0.103501,0.463972,0.693185,0.396762,-0.201701,-0.645255,-0.607121
-0.122955,0.457394,0.701320,0.417522,-0.176248,-0.621991,-0.593843
-0.118596,0.456821,0.704648,0.432528,-0.148696,-0.587872,-0.562987
-0.100744,0.452997,0.673487,0.372330,-0.227891,-0.666346,-0.623157
-0.133003,0.450352,0.693350,0.404728,-0.192844,-0.640398,-0.609158
-0.129870,0.449553,0.696469,0.418563,-0.168391,-0.612265,-0.585195
-0.116878,0.446789,0.676140,0.381809,-0.212625,-0.651209,-0.611079
-0.125911,0.450548,0.688668,0.397165,-0.201306,-0.646821,-0.611607
-0.129357,0.449096,0.695049,0.413261,-0.178517,-0.623262,-0.595101
-0.128631,0.427349,0.649085,0.354050,-0.233266,-0.656981,-0.605047
-0.115996,0.456498,0.686780,0.388488,-0.212802,-0.660132,-0.638434
-0.190079,0.348937,0.575361,0.308419,-0.243242,-0.648226,-0.623633
-0.219286,0.256595,0.449772,0.201664,-0.292256,-0.625371,-0.512968
-0.006004,0.554924,0.756153,0.430040,-0.187103,-0.632570,-0.585590
-0.089733,0.498289,0.742977,0.454067,-0.145750,-0.593582,-0.563602
-0.086546,0.488705,0.733437,0.454334,-0.132832,-0.574970,-0.548138
-0.080063,0.481407,0.709553,0.414997,-0.179665,-0.618477,-0.577602
-0.093658,0.481586,0.717522,0.423851,-0.174820,-0.619564,-0.584560
-0.102528,0.475708,0.719486,0.437496,-0.154488,-0.599442,-0.570515
-0.098404,0.474880,0.721565,0.447334,-0.135006,-0.577244,-0.553440
-0.092274,0.462357,0.684700,0.386356,-0.211079,-0.647755,-0.602802
-0.113838,0.466385,0.708229,0.420418,-0.176357,-0.621170,-0.590145
-0.113026,0.463268,0.709034,0.432915,-0.152267,-0.593414,-0.567551
-0.103359,0.454262,0.677620,0.378330,-0.219063,-0.655697,-0.611683
-0.122662,0.458588,0.698524,0.409798,-0.187878,-0.633583,-0.601490
-0.122334,0.455006,0.700830,0.421844,-0.166182,-0.608187,-0.581221
-0.112028,0.456409,0.699276,0.424194,-0.158987,-0.600100,-0.575180
-0.111923,0.444777,0.668200,0.368973,-0.230310,-0.670767,-0.629560
-0.140392,0.444916,0.691803,0.408010,-0.185751,-0.632461,-0.604293
-0.129025,0.447392,0.697186,0.426042,-0.155193,-0.598283,-0.576300
-0.114976,0.439809,0.662312,0.364128,-0.232169,-0.668689,-0.623582
-0.134457,0.446902,0.688900,0.401239,-0.195378,-0.641010,-0.608842
-0.130588,0.446836,0.693722,0.418719,-0.165361,-0.607362,-0.581369
-0.115095,0.450454,0.693388,0.419349,-0.162797,-0.603860,-0.581819
-0.121416,0.434411,0.658925,0.361757,-0.232556,-0.670039,-0.626864
-0.138676,0.442731,0.686731,0.403008,-0.188731,-0.632461,-0.602315
-0.128995,0.444514,0.688500,0.412577,-0.172413,-0.614340,-0.589248
-0.123865,0.434942,0.659479,0.362334,-0.232932,-0.669408,-0.625234
-0.137033,0.444387,0.685470,0.397880,-0.196714,-0.641318,-0.608131
-0.130820,0.445667,0.692605,0.417651,-0.166379,-0.607354,-0.582297
-0.118904,0.437931,0.660514,0.360456,-0.237697,-0.674101,-0.627904
-0.136720,0.445702,0.687777,0.399217,-0.197316,-0.642863,-0.610611
-0.131296,0.446200,0.694138,0.418221,-0.166762,-0.607707,-0.583595
-0.128951,0.413357,0.629362,0.343299,-0.226337,-0.637416,-0.581755
-0.097802,0.466706,0.687122,0.381007,-0.222175,-0.663565,-0.620355
-0.130179,0.453195,0.698166,0.415403,-0.177341,-0.621089,-0.592918
-0.125462,0.434424,0.666866,0.385366,-0.192450,-0.620429,-0.586398
-0.146339,0.341481,0.482998,0.144634,-0.422107,-0.777554,-0.638427
-0.078599,0.535699,0.775166,0.464477,-0.155945,-0.622241,-0.622269
-0.206188,0.294015,0.492732,0.228621,-0.287019,-0.645563,-0.594484
-0.223470,0.152001,0.232031,-0.062731,-0.509087,-0.728634,-0.494894
0.099091,0.692516,0.884914,0.527569,-0.120537,-0.584976,-0.545082
-0.045509,0.550095,0.807167,0.531498,-0.059120,-0.508587,-0.488060
-0.025261,0.537811,0.777298,0.500809,-0.080849,-0.518517,-0.492142
-0.031364,0.520920,0.738968,0.436371,-0.161392,-0.597412,-0.552803
-0.064178,0.515694,0.756203,0.469017,-0.125183,-0.569412,-0.539772
-0.065987,0.505051,0.747551,0.468193,-0.117279,-0.558716,-0.539001
-0.105331,0.391785,0.559105,0.255089,-0.292290,-0.652985,-0.544464
-0.023766,0.553711,0.768402,0.445854,-0.174591,-0.628212,-0.590286
-0.098518,0.491310,0.744621,0.468170,-0.122238,-0.569542,-0.549782
-0.094574,0.447311,0.664848,0.382248,-0.183960,-0.593605,-0.538483
-0.057999,0.502090,0.719101,0.410576,-0.193039,-0.633884,-0.591122
-0.101391,0.480560,0.726074,0.442863,-0.148369,-0.591606,-0.562931
-0.093029,0.475140,0.714802,0.437519,-0.144913,-0.583332,-0.556725
-0.091797,0.471436,0.713051,0.437698,-0.142818,-0.585201,-0.564472
-0.106346,0.447220,0.670471,0.376932,-0.214766,-0.649660,-0.607828
-0.123903,0.453278,0.694065,0.411064,-0.178986,-0.622019,-0.593139
-0.122049,0.449249,0.694949,0.423653,-0.153824,-0.593192,-0.570450
-0.114236,0.435486,0.653950,0.354695,-0.238756,-0.671478,-0.625537
-0.137539,0.442703,0.687502,0.407500,-0.179577,-0.621616,-0.596634
-0.139174,0.406904,0.627621,0.346228,-0.221712,-0.635015,-0.590349
-0.140728,0.357544,0.508438,0.172527,-0.403507,-0.775982,-0.654697
-0.107670,0.499813,0.741322,0.440472,-0.170200,-0.625851,-0.600685
-0.131325,0.432404,0.666702,0.387039,-0.187981,-0.614162,-0.578354
-0.127747,0.389076,0.573975,0.272720,-0.285587,-0.669807,-0.582645
-0.077248,0.495815,0.713959,0.403637,-0.203720,-0.647293,-0.607227
-0.120171,0.460114,0.704948,0.422054,-0.166916,-0.609856,-0.580887
-0.111668,0.456802,0.701653,0.429512,-0.147823,-0.584126,-0.560299
-0.103008,0.445820,0.661446,0.359379,-0.235886,-0.668449,-0.620399
-0.130310,0.450047,0.693005,0.409229,-0.180614,-0.622467,-0.597298
-0.148441,0.373489,0.564426,0.267204,-0.290043,-0.674183,-0.594753
-0.120453,0.391525,0.551117,0.227718,-0.336899,-0.706860,-0.597748
-0.068642,0.519119,0.744011,0.433537,-0.176907,-0.624519,-0.592365
-0.128773,0.409702,0.610195,0.310719,-0.257557,-0.652637,-0.582092
-0.119530,0.372032,0.512367,0.181622,-0.370747,-0.716839,-0.581146
-0.033520,0.560867,0.780602,0.458174,-0.164116,-0.623470,-0.612715
-0.183020,0.331646,0.542734,0.281109,-0.245749,-0.620295,-0.584103
-0.216120,0.170997,0.269395,-0.015958,-0.464719,-0.699351,-0.485445
0.085956,0.659939,0.846745,0.506325,-0.113289,-0.554375,-0.506976
-0.016573,0.561152,0.793673,0.496605,-0.105442,-0.553537,-0.522848
-0.049978,0.514286,0.747147,0.466053,-0.113331,-0.540920,-0.503586
-0.037804,0.511620,0.729774,0.441925,-0.134380,-0.555988,-0.510773
-0.034252,0.526791,0.748646,0.448830,-0.146168,-0.582390,-0.541882
-0.061234,0.511715,0.750252,0.465012,-0.124332,-0.565701,-0.541035
-0.096596,0.418999,0.602673,0.302155,-0.254452,-0.635040,-0.550144
-0.065548,0.463463,0.640892,0.322460,-0.252872,-0.644207,-0.560188
-0.060837,0.493534,0.689251,0.368427,-0.228817,-0.646744,-0.585175
-0.115871,0.392128,0.546799,0.222439,-0.334351,-0.692642,-0.594433
-0.149372,0.282856,0.366367,0.022305,-0.489521,-0.770035,-0.605488
-0.110321,0.390110,0.553875,0.260010,-0.262653,-0.607658,-0.540237
-0.164764,0.212196,0.295639,0.006210,-0.433899,-0.656059,-0.457146
0.040802,0.501968,0.603386,0.262375,-0.271851,-0.583389,-0.417374
0.145615,0.738602,0.948135,0.613617,-0.016769,-0.475380,-0.440475
0.046333,0.627319,0.871857,0.588623,-0.003632,-0.449844,-0.429031
0.021347,0.554520,0.762436,0.474197,-0.090790,-0.496307,-0.438065
0.043518,0.608597,0.841278,0.556076,-0.032272,-0.476562,-0.457748
-0.002502,0.546234,0.765663,0.470276,-0.119362,-0.553207,-0.518158
-0.068321,0.440903,0.612404,0.301773,-0.255089,-0.625191,-0.529900
-0.046722,0.460358,0.608253,0.273262,-0.295044,-0.661819,-0.551521
-0.057373,0.446915,0.573486,0.216385,-0.361115,-0.714531,-0.577316
-0.045753,0.498535,0.660828,0.319588,-0.264679,-0.647285,-0.551689
-0.069183,0.430405,0.568924,0.234413,-0.321686,-0.672462,-0.566818
-0.109505,0.348526,0.463463,0.137817,-0.382133,-0.693184,-0.575500
-0.144356,0.277992,0.380035,0.074837,-0.404343,-0.673035,-0.528030
-0.100098,0.288795,0.352791,0.034325,-0.426750,-0.648201,-0.408546
0.186409,0.770035,0.952713,0.600372,-0.031067,-0.478996,-0.432533
0.059860,0.638565,0.870094,0.571060,-0.030014,-0.476189,-0.450439
-0.008842,0.489273,0.650726,0.336983,-0.214188,-0.572784,-0.464157
0.032219,0.553352,0.711250,0.378334,-0.198662,-0.581886,-0.485939
0.012527,0.549416,0.727791,0.402481,-0.183594,-0.584595,-0.510174
-0.038891,0.460320,0.597481,0.257713,-0.304577,-0.653679,-0.526836
-0.028027,0.458420,0.564377,0.198578,-0.366058,-0.697941,-0.545246
-0.035461,0.440372,0.520195,0.137299,-0.425720,-0.736462,-0.542297
0.059353,0.686749,0.914757,0.583904,-0.053585,-0.528017,-0.534172
-0.140774,0.307646,0.450167,0.163582,-0.327440,-0.619593,-0.457811
0.079514,0.635357,0.817865,0.483935,-0.122410,-0.549371,-0.490905
0.004601,0.582497,0.818112,0.523132,-0.080757,-0.535565,-0.524224
-0.104704,0.365687,0.500674,0.178297,-0.357959,-0.684187,-0.536629
-0.006546,0.538225,0.706848,0.367964,-0.225691,-0.626392,-0.538967
-0.020615,0.569180,0.804867,0.507030,-0.100662,-0.557285,-0.536018
-0.069553,0.495205,0.728558,0.443062,-0.141647,-0.575485,-0.547272
-0.112976,0.373032,0.520554,0.196930,-0.355217,-0.707924,-0.590515
-0.099083,0.393730,0.512848,0.157166,-0.410141,-0.754425,-0.604240
-0.039322,0.571220,0.802086,0.479935,-0.152817,-0.623528,-0.610352
-0.176292,0.308502,0.450943,0.130096,-0.405609,-0.731293,-0.588074
-0.081802,0.412033,0.526306,0.164841,-0.404282,-0.749390,-0.619568
-0.121689,0.382401,0.526367,0.198227,-0.353500,-0.697983,-0.565598
-0.053467,0.458878,0.588547,0.232559,-0.343842,-0.699112,-0.559814
-0.020340,0.546448,0.734924,0.405945,-0.189636,-0.600052,-0.523224
-0.013443,0.572754,0.808777,0.512268,-0.091202,-0.544617,-0.521133
-0.053467,0.510529,0.742142,0.448105,-0.152893,-0.599945,-0.572128
-0.109894,0.428207,0.629303,0.328461,-0.244095,-0.644394,-0.567307
-0.061142,0.523407,0.760742,0.466507,-0.134689,-0.586823,-0.563049
-0.094101,0.472137,0.705994,0.413177,-0.185608,-0.634369,-0.610184
-0.166199,0.337219,0.500061,0.186722,-0.360092,-0.711456,-0.592682
-0.095032,0.412735,0.547638,0.198807,-0.373428,-0.733353,-0.607468
-0.090042,0.441208,0.593536,0.246323,-0.341904,-0.722549,-0.605469
-0.059677,0.548523,0.787796,0.477905,-0.145645,-0.622849,-0.667877
-0.370590,-0.049591,0.000900,-0.285980,-0.683472,-0.855560,-0.693909
-0.406693,-0.279251,-0.433197,-0.780022,-1.060074,-1.007339,-0.591652
-0.050758,0.326996,0.351646,0.017616,-0.426651,-0.612885,-0.351040
0.217064,0.719398,0.817623,0.439240,-0.134971,-0.472474,-0.309752
0.262663,0.874733,1.104130,0.786339,0.158833,-0.309647,-0.294308
0.169178,0.731922,0.964222,0.671791,0.072357,-0.378059,-0.353600
0.116005,0.682861,0.918266,0.633804,0.048141,-0.388634,-0.363350
0.078743,0.589058,0.767479,0.458794,-0.105927,-0.492622,-0.409889
0.085236,0.638321,0.841537,0.528122,-0.069618,-0.501740,-0.454247
0.032326,0.605278,0.837944,0.541016,-0.063835,-0.526428,-0.558937
-0.250244,0.071289,0.107651,-0.201065,-0.616302,-0.791328,-0.602325
-0.257736,-0.073486,-0.212189,-0.595688,-0.941414,-0.942047,-0.515778
0.115669,0.597771,0.655464,0.260376,-0.299103,-0.605392,-0.441010
0.077408,0.606689,0.792191,0.504196,-0.029282,-0.393829,-0.348740
0.009460,0.370270,0.441574,0.143997,-0.299316,-0.523682,-0.331863
0.167816,0.657059,0.802856,0.485291,-0.064804,-0.425293,-0.321472
0.182800,0.742004,0.951279,0.644821,0.049072,-0.389877,-0.368713
0.062485,0.571762,0.771606,0.497833,-0.037186,-0.411057,-0.337128
0.133652,0.666504,0.866272,0.562134,-0.022522,-0.444611,-0.393036
0.089752,0.656021,0.880096,0.577576,-0.029877,-0.481384,-0.454102
0.020279,0.593826,0.833939,0.550232,-0.045410,-0.505722,-0.548676
-0.252289,0.067810,0.114456,-0.183083,-0.600929,-0.771706,-0.484749
0.149269,0.762825,0.955627,0.584023,-0.086037,-0.572227,-0.549988
-0.066925,0.518181,0.771690,0.498352,-0.085060,-0.543999,-0.626587
-0.444656,-0.285805,-0.352970,-0.642124,-0.927567,-0.926079,-0.568996
-0.069584,0.269032,0.246113,-0.126240,-0.579159,-0.754417,-0.493389
0.050484,0.550323,0.691021,0.374271,-0.161316,-0.505470,-0.415737
0.021873,0.494545,0.663017,0.394302,-0.101501,-0.426750,-0.331978
0.111595,0.591141,0.753716,0.456680,-0.082825,-0.446495,-0.346817
0.161190,0.728981,0.938938,0.618519,-0.001804,-0.465096,-0.459244
-0.031498,0.488049,0.705902,0.441189,-0.099491,-0.496548,-0.486584
-0.147535,0.214806,0.293533,0.001381,-0.441425,-0.656488,-0.420271
0.174207,0.767136,0.955119,0.592413,-0.063945,-0.539495,-0.516480
-0.042425,0.528870,0.771626,0.496422,-0.081031,-0.519407,-0.518158
-0.123285,0.354914,0.544512,0.283081,-0.226986,-0.581970,-0.533230
-0.147945,0.280724,0.426136,0.155113,-0.329269,-0.634384,-0.519615
-0.060120,0.429367,0.594994,0.299049,-0.240334,-0.607758,-0.542053
-0.112602,0.368607,0.548492,0.278404,-0.233398,-0.599861,-0.636719
-0.508110,-0.487038,-0.688744,-1.017403,-1.226700,-1.082344,-0.604172
-0.065826,0.238121,0.166206,-0.217575,-0.634926,-0.760284,-0.504501
-0.065430,0.280777,0.330811,0.051235,-0.340054,-0.516781,-0.346113
0.027149,0.352079,0.415198,0.159320,-0.216317,-0.375600,-0.118333
0.456915,1.007311,1.158972,0.781731,0.132423,-0.329330,-0.305376
0.147118,0.685299,0.904987,0.632301,0.076851,-0.333893,-0.317982
0.072834,0.534286,0.716053,0.461483,-0.034973,-0.381382,-0.331993
0.047073,0.465641,0.599064,0.317116,-0.174221,-0.483307,-0.367622
0.095692,0.588943,0.754356,0.454277,-0.092152,-0.466587,-0.405888
0.022480,0.506504,0.686226,0.414005,-0.104813,-0.466534,-0.420586
-0.042961,0.359543,0.469254,0.173594,-0.308846,-0.599332,-0.497426
-0.113173,0.274425,0.385003,0.119514,-0.321304,-0.574453,-0.439462
-0.019504,0.399552,0.521751,0.241389,-0.233715,-0.526712,-0.424374
-0.030915,0.356026,0.448364,0.158932,-0.296826,-0.557948,-0.437696
-0.049919,0.328464,0.424045,0.143689,-0.305027,-0.558192,-0.421267
-0.001348,0.412783,0.530101,0.247830,-0.224283,-0.511387,-0.398331
0.017464,0.447037,0.582581,0.309571,-0.168999,-0.473251,-0.381100
0.020817,0.441519,0.567297,0.281685,-0.205463,-0.507467,-0.392576
0.052382,0.520613,0.672964,0.379486,-0.143789,-0.493320,-0.423569
-0.013569,0.437609,0.597490,0.330044,-0.162552,-0.490467,-0.424690
-0.055740,0.322548,0.419010,0.137577,-0.312206,-0.561546,-0.394463
0.095375,0.586582,0.732399,0.405090,-0.158550,-0.535374,-0.461414
-0.013058,0.487846,0.674530,0.395546,-0.134865,-0.505135,-0.455925
-0.054565,0.400757,0.569633,0.310127,-0.180458,-0.513214,-0.449295
-0.064613,0.352707,0.480026,0.194008,-0.296471,-0.605659,-0.511543
-0.104736,0.321815,0.457306,0.184265,-0.289429,-0.583954,-0.476288
-0.052147,0.390587,0.536255,0.260582,-0.228424,-0.544968,-0.465958
-0.088768,0.283028,0.361359,0.063904,-0.389038,-0.629776,-0.455139
0.028534,0.505814,0.643707,0.324188,-0.220978,-0.578522,-0.498123
-0.060974,0.419067,0.593872,0.323639,-0.183426,-0.528625,-0.466278
-0.067520,0.372528,0.531158,0.273209,-0.205063,-0.522705,-0.448685
-0.060822,0.352814,0.478439,0.195602,-0.287796,-0.583145,-0.450897
0.029816,0.533478,0.702377,0.396973,-0.159607,-0.544083,-0.497238
-0.091370,0.364517,0.531036,0.270157,-0.215897,-0.541245,-0.476822
-0.124832,0.214203,0.264954,-0.038315,-0.471619,-0.678238,-0.477600
0.011322,0.477234,0.601883,0.280975,-0.254807,-0.596222,-0.505707
-0.070251,0.399338,0.568680,0.302780,-0.193146,-0.524353,-0.455002
-0.062973,0.356735,0.492279,0.223190,-0.247574,-0.556763,-0.522247
-0.252594,0.019501,0.076233,-0.155670,-0.497726,-0.642242,-0.457214
-0.078506,0.245979,0.299889,0.025131,-0.376999,-0.571304,-0.404373
-0.013313,0.319489,0.359161,0.057594,-0.362320,-0.557640,-0.371208
0.040138,0.359833,0.341599,-0.025162,-0.479389,-0.658886,-0.403053
0.136639,0.633297,0.771809,0.455812,-0.077093,-0.420551,-0.340886
0.074039,0.522274,0.681181,0.421542,-0.056494,-0.370976,-0.299718
0.067811,0.440762,0.530943,0.247172,-0.200058,-0.449816,-0.290974
0.177008,0.643618,0.775795,0.453518,-0.093422,-0.450779,-0.374146
0.055363,0.526836,0.696075,0.425190,-0.079620,-0.420624,-0.360992
0.017487,0.420826,0.540146,0.264740,-0.200573,-0.481918,-0.377811
-0.004089,0.337902,0.382771,0.074635,-0.362537,-0.576908,-0.394707
0.060307,0.490650,0.600578,0.294376,-0.204388,-0.508137,-0.405716
-0.014130,0.361191,0.435181,0.135376,-0.314056,-0.547424,-0.387947
0.017204,0.351265,0.358978,0.018913,-0.420586,-0.614799,-0.431168
-0.023567,0.333443,0.402962,0.121201,-0.298630,-0.511459,-0.348236
0.068420,0.460762,0.562340,0.284973,-0.164711,-0.424713,-0.304344
0.077660,0.425896,0.476944,0.170998,-0.266937,-0.482086,-0.292847
0.164230,0.565361,0.625824,0.286224,-0.205589,-0.470230,-0.300735
0.195381,0.691818,0.839867,0.515739,-0.047699,-0.431183,-0.381409
0.021484,0.470505,0.634094,0.375206,-0.105019,-0.423607,-0.358368
-0.008514,0.332291,0.393562,0.103630,-0.322342,-0.534416,-0.347984
0.123901,0.574867,0.692520,0.370514,-0.158562,-0.495285,-0.410896
-0.010803,0.394424,0.500000,0.211952,-0.253181,-0.520676,-0.395996
-0.009697,0.327171,0.351349,0.025635,-0.412331,-0.607964,-0.409134
0.012550,0.327843,0.299385,-0.068703,-0.511543,-0.678780,-0.428368
0.081535,0.536972,0.650276,0.339600,-0.164589,-0.470787,-0.369812
0.023254,0.398087,0.471581,0.171288,-0.277657,-0.509575,-0.333038
0.121223,0.526405,0.591866,0.255272,-0.237465,-0.506920,-0.347076
0.131676,0.608963,0.749763,0.437996,-0.097549,-0.450462,-0.381134
0.025513,0.469452,0.624115,0.360271,-0.120937,-0.437580,-0.368454
-0.007908,0.352276,0.432747,0.151093,-0.284264,-0.511497,-0.325447
0.169498,0.647205,0.771820,0.439121,-0.113258,-0.477961,-0.420315
-0.037937,0.357557,0.452509,0.151019,-0.325475,-0.598350,-0.471182
-0.078502,0.266658,0.299056,-0.024356,-0.461022,-0.655349,-0.441553
0.017428,0.387254,0.400129,0.034896,-0.443218,-0.662016,-0.443169
0.077457,0.570857,0.713962,0.400573,-0.134624,-0.484249,-0.417522
-0.040794,0.337383,0.422016,0.130812,-0.315956,-0.554495,-0.404051
-0.006874,0.323198,0.332827,-0.007290,-0.450748,-0.654736,-0.516918
-0.261143,-0.180511,-0.376959,-0.737570,-0.994190,-0.895777,-0.439730
0.104993,0.425976,0.358221,-0.038071,-0.479566,-0.620083,-0.351995
0.113893,0.449533,0.435358,0.083359,-0.342588,-0.491156,-0.199818
0.374050,0.873283,0.975246,0.605427,0.030888,-0.329426,-0.237183
0.213634,0.696426,0.860260,0.569336,0.042702,-0.316040,-0.267159
0.093811,0.464165,0.548843,0.260590,-0.185219,-0.424782,-0.261711
0.180191,0.581902,0.646843,0.307770,-0.190361,-0.466141,-0.317451
0.123871,0.525986,0.588413,0.249790,-0.243980,-0.510551,-0.355663
0.091808,0.508816,0.591858,0.263893,-0.233963,-0.516304,-0.383877
0.025719,0.390553,0.433640,0.106148,-0.347275,-0.564083,-0.372574
0.062359,0.403465,0.393742,0.022717,-0.441601,-0.634035,-0.392975
0.121334,0.566475,0.643208,0.289454,-0.232988,-0.527967,-0.397322
0.013443,0.375530,0.415895,0.090595,-0.354795,-0.567549,-0.410110
-0.074360,0.135289,0.041245,-0.311711,-0.667257,-0.726486,-0.449128
-0.112711,-0.027395,-0.271955,-0.688070,-0.975283,-0.871052,-0.387756
0.181026,0.509235,0.433983,0.031223,-0.405949,-0.528515,-0.214340
0.341141,0.788956,0.847801,0.480194,-0.043304,-0.319832,-0.126015
0.429344,0.980530,1.148613,0.806198,0.200180,-0.228455,-0.204895
0.203239,0.676956,0.850349,0.573784,0.055511,-0.300804,-0.250496
0.120674,0.505035,0.597733,0.301788,-0.163368,-0.424057,-0.269218
0.185036,0.604836,0.674026,0.322567,-0.201515,-0.495193,-0.330063
0.180290,0.676189,0.798321,0.441673,-0.136393,-0.514822,-0.464914
-0.119493,0.192518,0.202823,-0.121958,-0.536528,-0.694301,-0.461856
-0.043965,0.217773,0.119667,-0.285180,-0.705816,-0.811958,-0.546892
-0.188459,-0.064716,-0.282915,-0.696344,-1.001400,-0.912893,-0.399275
0.267916,0.716083,0.704971,0.268073,-0.274251,-0.522519,-0.305550
0.197569,0.622823,0.676911,0.318294,-0.184558,-0.451344,-0.327931
0.006320,0.246696,0.195777,-0.134003,-0.497860,-0.588789,-0.326258
0.093103,0.396317,0.396896,0.089794,-0.296549,-0.431273,-0.177980
0.287867,0.632231,0.611050,0.220829,-0.260590,-0.461205,-0.209721
0.329536,0.788624,0.849842,0.465065,-0.089123,-0.398979,-0.234264
0.285427,0.795444,0.931545,0.583841,0.004848,-0.381359,-0.343082
-0.001392,0.319599,0.348549,0.037336,-0.377483,-0.543342,-0.298424
0.190397,0.579998,0.589002,0.198419,-0.314603,-0.560198,-0.360106
0.118487,0.507730,0.520296,0.134232,-0.369424,-0.594984,-0.327185
0.313219,0.943819,1.152506,0.793678,0.127464,-0.374485,-0.434292
-0.155594,0.130344,0.142166,-0.166447,-0.559135,-0.700111,-0.481285
-0.130608,0.026466,-0.157745,-0.574623,-0.926086,-0.908958,-0.475845
0.111595,0.496391,0.456696,0.031548,-0.470772,-0.667656,-0.403656
0.131432,0.568848,0.618385,0.251366,-0.252968,-0.497780,-0.284218
0.244820,0.719177,0.806290,0.435448,-0.122498,-0.443893,-0.278877
0.275291,0.845840,1.028244,0.681480,0.056534,-0.385956,-0.336075
0.157745,0.736877,0.971741,0.671104,0.060623,-0.406616,-0.423218
-0.051926,0.365799,0.476913,0.167023,-0.330490,-0.614426,-0.443527
0.071579,0.561462,0.662018,0.284012,-0.300537,-0.654114,-0.505341
0.063034,0.676025,0.906372,0.580750,-0.058380,-0.537369,-0.532425
-0.108490,0.359467,0.484192,0.149719,-0.389740,-0.719147,-0.613770
-0.215332,0.127747,0.132690,-0.223724,-0.675507,-0.848633,-0.548401
0.083191,0.664062,0.812775,0.421936,-0.227142,-0.662231,-0.578613
-0.041534,0.573608,0.828583,0.535187,-0.077850,-0.559326,-0.646667
-0.457703,-0.298737,-0.383362,-0.698608,-1.004028,-1.010590,-0.670288
-0.253876,-0.082428,-0.279755,-0.714447,-1.072845,-1.049835,-0.589417
0.071991,0.581848,0.667999,0.294281,-0.261627,-0.577057,-0.418823
0.087646,0.567017,0.669861,0.316559,-0.223969,-0.532959,-0.368347
0.149292,0.640717,0.742767,0.368195,-0.209045,-0.552490,-0.396606
0.170990,0.779266,1.003967,0.674683,0.035797,-0.440002,-0.423126
0.052643,0.628540,0.870972,0.586670,-0.004730,-0.454010,-0.469421
-0.126221,0.238281,0.298645,-0.022461,-0.487122,-0.710144,-0.467163
0.141815,0.749146,0.949432,0.592102,-0.065796,-0.545776,-0.520325
-0.032135,0.558044,0.810730,0.527771,-0.071045,-0.536438,-0.577576
-0.287231,0.005432,0.010223,-0.313110,-0.718445,-0.853333,-0.565979
-0.043854,0.344574,0.322205,-0.103333,-0.627502,-0.846008,-0.548737
0.127747,0.788269,1.011993,0.652435,-0.022278,-0.524811,-0.530487
-0.087799,0.458298,0.694641,0.435547,-0.108337,-0.525177,-0.593414
-0.439240,-0.325485,-0.421692,-0.703491,-0.955261,-0.914551,-0.522507
0.022278,0.433197,0.485794,0.144272,-0.345505,-0.609085,-0.463913
-0.030945,0.394180,0.524353,0.254807,-0.205673,-0.471481,-0.300232
0.212288,0.704460,0.809227,0.430481,-0.164589,-0.532524,-0.397995
0.161148,0.770828,1.001770,0.679680,0.044991,-0.429611,-0.410553
0.067375,0.649326,0.897739,0.615429,0.019199,-0.433895,-0.427708
-0.026005,0.405235,0.495564,0.149445,-0.375175,-0.663502,-0.477417
0.057625,0.554573,0.646503,0.256058,-0.333015,-0.678375,-0.511688
0.074450,0.703077,0.942068,0.621117,-0.015356,-0.492695,-0.477318
-0.002050,0.578255,0.829929,0.552814,-0.038261,-0.503815,-0.584183
-0.388338,-0.221566,-0.300424,-0.613868,-0.924357,-0.925231,-0.507010
0.156491,0.714300,0.842103,0.455915,-0.167049,-0.577268,-0.502208
-0.021507,0.519260,0.733721,0.459785,-0.087109,-0.481535,-0.454319
-0.091343,0.286884,0.365715,0.061939,-0.393372,-0.619858,-0.387146
0.205799,0.800137,0.990490,0.630127,-0.023918,-0.497185,-0.465073
0.026779,0.617645,0.868065,0.582863,-0.017204,-0.471169,-0.451187
0.014969,0.583313,0.825089,0.546951,-0.040253,-0.485367,-0.467361
-0.026596,0.490227,0.671204,0.356285,-0.224373,-0.624886,-0.542152
-0.026497,0.561600,0.794624,0.487324,-0.126816,-0.584938,-0.555393
-0.074860,0.506767,0.753902,0.471325,-0.123199,-0.572624,-0.561806
-0.157444,0.272541,0.357742,0.006565,-0.520119,-0.802658,-0.595192
0.006958,0.628021,0.846832,0.505898,-0.142544,-0.617073,-0.590107
-0.100407,0.493237,0.749352,0.471764,-0.121719,-0.574020,-0.553356
-0.087484,0.481569,0.725040,0.449575,-0.133986,-0.593060,-0.676757
-0.486151,-0.306000,-0.354987,-0.646637,-0.957987,-0.989006,-0.628966
-0.047510,0.438801,0.548532,0.208939,-0.327784,-0.657402,-0.549343
-0.101372,0.372803,0.540833,0.273651,-0.220623,-0.536526,-0.404148
0.103065,0.631989,0.791733,0.446968,-0.151550,-0.553177,-0.462769
0.059502,0.651215,0.882927,0.574310,-0.041153,-0.499619,-0.472374
0.004883,0.581306,0.824242,0.542381,-0.050468,-0.498245,-0.479950
-0.026192,0.523026,0.748795,0.464577,-0.111061,-0.533966,-0.488091
-0.010910,0.550781,0.772293,0.467255,-0.136826,-0.582054,-0.544609
-0.061134,0.516571,0.757858,0.470467,-0.125893,-0.573235,-0.544731
-0.073036,0.499825,0.743164,0.465607,-0.120026,-0.563576,-0.539124
-0.078293,0.475029,0.695099,0.395470,-0.201279,-0.637283,-0.592644
-0.104958,0.473015,0.709694,0.417744,-0.181175,-0.627140,-0.595303
-0.117374,0.457767,0.701416,0.419296,-0.170856,-0.618874,-0.617397
-0.214474,0.257072,0.420559,0.128387,-0.396484,-0.745609,-0.679317
-0.283455,0.147900,0.296970,0.039364,-0.422928,-0.710037,-0.597931
-0.175236,0.266090,0.411350,0.138229,-0.345310,-0.653481,-0.558350
-0.144665,0.296513,0.449440,0.189766,-0.282406,-0.577374,-0.430111
0.096741,0.659775,0.851357,0.511765,-0.115814,-0.565781,-0.521309
-0.025993,0.561478,0.807564,0.521011,-0.077461,-0.526901,-0.504379
-0.046448,0.498138,0.713448,0.423759,-0.150459,-0.565117,-0.525703
-0.102776,0.345596,0.447044,0.098282,-0.444572,-0.754868,-0.571976
0.017532,0.637787,0.867516,0.540329,-0.096458,-0.567253,-0.542450
-0.057831,0.528809,0.781898,0.506180,-0.083496,-0.531059,-0.509613
-0.047852,0.514191,0.752670,0.477127,-0.103584,-0.540298,-0.513969
-0.051270,0.500954,0.719940,0.419235,-0.179565,-0.617599,-0.577904
-0.097084,0.475075,0.711845,0.424873,-0.165215,-0.610237,-0.612625
-0.223305,0.242577,0.422920,0.166985,-0.323952,-0.654099,-0.581726
-0.179840,0.257462,0.400688,0.122635,-0.366776,-0.666107,-0.510460
0.035446,0.618355,0.827675,0.498833,-0.126884,-0.584763,-0.550087
-0.062523,0.523140,0.774269,0.497604,-0.092049,-0.544456,-0.556137
-0.176994,0.270973,0.426727,0.152283,-0.342339,-0.652695,-0.508957
0.026131,0.601250,0.803833,0.469292,-0.160118,-0.617737,-0.577927
-0.082329,0.511284,0.765427,0.485870,-0.107605,-0.557945,-0.536324
-0.069504,0.499512,0.745872,0.473267,-0.108444,-0.551041,-0.529549
-0.070671,0.481682,0.700798,0.400223,-0.196495,-0.633438,-0.588753
-0.101028,0.478935,0.719543,0.429535,-0.167473,-0.613487,-0.584633
-0.123337,0.421654,0.632500,0.341331,-0.229462,-0.638756,-0.594021
-0.167770,0.288795,0.411072,0.091736,-0.429775,-0.754074,-0.680767
-0.340450,-0.037365,-0.019272,-0.326534,-0.723717,-0.870094,-0.618515
-0.133789,0.262543,0.309517,-0.028755,-0.497719,-0.725021,-0.537048
-0.090950,0.284683,0.322861,-0.010452,-0.465729,-0.662857,-0.389343
0.241104,0.856979,1.052048,0.684631,0.021652,-0.454620,-0.421600
0.075058,0.670685,0.924835,0.644287,0.047852,-0.404465,-0.385803
0.077087,0.642181,0.883667,0.608154,0.026474,-0.417084,-0.411224
-0.001038,0.475693,0.639420,0.346466,-0.185074,-0.536911,-0.428436
0.085358,0.653046,0.859009,0.532684,-0.087616,-0.539154,-0.500153
-0.010269,0.575729,0.824265,0.544037,-0.046219,-0.494354,-0.478363
-0.045456,0.455780,0.627167,0.321304,-0.232773,-0.603058,-0.502106
0.013062,0.587952,0.801071,0.479904,-0.138214,-0.588562,-0.550339
-0.064133,0.516281,0.761230,0.479431,-0.109451,-0.560135,-0.572037
-0.203857,0.227386,0.371460,0.098145,-0.381676,-0.681274,-0.577644
-0.186783,0.171234,0.205650,-0.137238,-0.603920,-0.820160,-0.591919
-0.047310,0.476707,0.641373,0.329826,-0.221107,-0.592178,-0.533012
-0.135429,0.287827,0.418121,0.142860,-0.323265,-0.603439,-0.491325
-0.106720,0.239235,0.281212,-0.031723,-0.464851,-0.652740,-0.386658
0.228607,0.827469,1.010590,0.640137,-0.020020,-0.492493,-0.455688
0.041779,0.637238,0.893188,0.617355,0.025589,-0.425034,-0.412491
0.031647,0.562546,0.770142,0.481583,-0.085663,-0.495361,-0.451057
-0.017433,0.455193,0.583595,0.241989,-0.320168,-0.669136,-0.528496
0.029892,0.636894,0.870079,0.557068,-0.063721,-0.526482,-0.506424
-0.049957,0.488297,0.693428,0.399521,-0.168137,-0.573357,-0.525574
-0.099236,0.356422,0.479736,0.161430,-0.361023,-0.675537,-0.527107
0.005791,0.570927,0.767532,0.441723,-0.167313,-0.606697,-0.595692
-0.209694,0.222614,0.357975,0.077980,-0.398689,-0.684422,-0.571934
-0.185970,0.155481,0.184219,-0.138895,-0.572319,-0.756580,-0.517172
-0.009361,0.413734,0.448139,0.057356,-0.477329,-0.748268,-0.545918
0.001347,0.541660,0.715630,0.404507,-0.152863,-0.531292,-0.486259
-0.121254,0.248249,0.324299,0.031445,-0.405228,-0.623005,-0.434402
0.021099,0.412865,0.456264,0.107597,-0.378525,-0.614056,-0.376644
0.230728,0.837402,1.036064,0.681000,0.030243,-0.440742,-0.415176
0.051628,0.595215,0.796837,0.496490,-0.076576,-0.481308,-0.437943
-0.026733,0.407082,0.515594,0.199203,-0.304756,-0.592155,-0.423714
0.088959,0.567635,0.647331,0.249630,-0.341740,-0.683517,-0.511326
0.080265,0.708439,0.948929,0.632393,0.005177,-0.467876,-0.475601
-0.078888,0.379646,0.530224,0.242821,-0.261719,-0.580948,-0.474319
-0.051212,0.344601,0.399830,0.051178,-0.446642,-0.706450,-0.525301
-0.018579,0.484493,0.643055,0.337181,-0.201302,-0.561008,-0.505236
-0.135443,0.236853,0.318602,0.027487,-0.413317,-0.639095,-0.460371
-0.011726,0.380089,0.431355,0.089510,-0.394735,-0.633287,-0.406675
0.160704,0.689672,0.804527,0.411377,-0.204809,-0.592682,-0.478874
0.038261,0.584850,0.765030,0.444426,-0.133083,-0.527565,-0.478910
-0.084925,0.317194,0.406023,0.099447,-0.368404,-0.609274,-0.399609
0.147070,0.663343,0.783199,0.410632,-0.186133,-0.564531,-0.451107
0.061740,0.598215,0.756654,0.410602,-0.183329,-0.577472,-0.502109
-0.061146,0.383611,0.482451,0.150629,-0.361780,-0.646798,-0.478920
0.010738,0.451979,0.514122,0.139096,-0.397565,-0.683172,-0.495364
0.014047,0.452396,0.484331,0.073518,-0.478086,-0.754073,-0.551839
-0.017385,0.486802,0.624005,0.300878,-0.230283,-0.561245,-0.466249
-0.066385,0.308352,0.368097,0.049313,-0.407195,-0.639745,-0.488238
-0.130033,0.117497,0.048297,-0.309340,-0.693939,-0.778046,-0.452087
0.083854,0.485005,0.496678,0.111686,-0.388950,-0.620306,-0.418793
0.035828,0.396450,0.404106,0.051281,-0.397942,-0.569561,-0.276638
0.331036,0.863773,0.966713,0.564655,-0.051590,-0.435631,-0.315125
0.209602,0.754890,0.916183,0.565125,-0.034767,-0.431915,-0.340988
0.157356,0.689217,0.855759,0.526512,-0.051758,-0.437241,-0.348434
0.129265,0.628944,0.768501,0.428146,-0.139626,-0.502003,-0.392242
0.096458,0.590443,0.712643,0.358036,-0.213116,-0.568085,-0.442184
0.072281,0.600594,0.753872,0.408566,-0.177788,-0.564426,-0.489439
-0.055689,0.380946,0.477598,0.148490,-0.357322,-0.637758,-0.473153
-0.001387,0.406501,0.433650,0.043493,-0.481779,-0.734605,-0.493799
0.099375,0.650986,0.776560,0.384270,-0.237896,-0.638523,-0.578362
-0.180775,0.217117,0.309582,0.022251,-0.416756,-0.637825,-0.455410
-0.007011,0.380650,0.426823,0.080906,-0.405415,-0.657745,-0.506302
-0.112999,0.206413,0.211353,-0.120693,-0.541489,-0.704453,-0.462505
0.002892,0.359547,0.356445,-0.011917,-0.472618,-0.655602,-0.389549
0.157333,0.620098,0.682060,0.298038,-0.251465,-0.547865,-0.355148
0.205002,0.746336,0.885151,0.517683,-0.086744,-0.478605,-0.370722
0.165918,0.762087,0.990391,0.675446,0.056633,-0.406147,-0.414444
-0.039787,0.377350,0.489838,0.188141,-0.298328,-0.571327,-0.392529
0.129425,0.627060,0.734314,0.360008,-0.228710,-0.592289,-0.458317
0.096382,0.700676,0.932167,0.614525,-0.015732,-0.495712,-0.527863
-0.185623,0.195511,0.283096,-0.014923,-0.466476,-0.697029,-0.514244
-0.066452,0.299141,0.302956,-0.075150,-0.561119,-0.778900,-0.571716
-0.134895,0.179794,0.131233,-0.256752,-0.697792,-0.823181,-0.458038
0.248566,0.904732,1.106529,0.726242,0.043648,-0.458893,-0.483139
-0.113533,0.305443,0.424652,0.138412,-0.326874,-0.580833,-0.386101
0.154572,0.677589,0.808037,0.438141,-0.167702,-0.561920,-0.457352
0.076996,0.675797,0.907700,0.594376,-0.030640,-0.506378,-0.534332
-0.181091,0.225586,0.346283,0.069351,-0.386703,-0.635406,-0.439377
0.100647,0.622055,0.751877,0.384308,-0.218231,-0.609192,-0.503326
0.031342,0.628510,0.860733,0.549713,-0.073013,-0.538681,-0.519531
-0.047363,0.524994,0.765884,0.482956,-0.104095,-0.547089,-0.543579
-0.162094,0.253052,0.348938,0.025925,-0.474823,-0.749222,-0.562027
-0.034668,0.453705,0.542053,0.152939,-0.430893,-0.772003,-0.605011
-0.018555,0.606491,0.840973,0.516556,-0.123352,-0.608948,-0.643723
-0.309921,0.055038,0.131500,-0.161865,-0.593170,-0.800720,-0.628326
-0.252319,0.010895,-0.050552,-0.414154,-0.811493,-0.906250,-0.564468
0.046753,0.584015,0.724686,0.375687,-0.207489,-0.587067,-0.508011
-0.075119,0.357758,0.452621,0.127625,-0.367294,-0.628128,-0.423599
0.132629,0.663269,0.792465,0.420364,-0.180817,-0.564575,-0.447678
0.096939,0.699066,0.932312,0.618362,-0.005310,-0.473877,-0.455673
0.016541,0.589905,0.830795,0.543961,-0.053802,-0.503525,-0.489105
-0.065552,0.406876,0.541901,0.217621,-0.321503,-0.649612,-0.508804
-0.000061,0.499161,0.614838,0.245956,-0.335403,-0.690704,-0.544601
0.022110,0.634445,0.866074,0.542725,-0.091217,-0.563126,-0.552109
-0.130966,0.323471,0.429962,0.090088,-0.439072,-0.737732,-0.578491
-0.099335,0.324692,0.368820,-0.011337,-0.533539,-0.787201,-0.542343
0.089020,0.724380,0.944656,0.595383,-0.064255,-0.550888,-0.531021
-0.042511,0.550919,0.808769,0.531914,-0.064758,-0.524139,-0.539787
-0.169472,0.253151,0.373055,0.074806,-0.415062,-0.694336,-0.508072
0.063293,0.661659,0.872620,0.536598,-0.102097,-0.572830,-0.545044
-0.059418,0.528221,0.777412,0.493942,-0.105385,-0.562500,-0.560272
-0.154663,0.307808,0.451561,0.149597,-0.364479,-0.675560,-0.523743
0.007637,0.554665,0.723564,0.379097,-0.224983,-0.636009,-0.553925
-0.035988,0.555359,0.791603,0.487488,-0.126427,-0.585297,-0.560402
-0.082520,0.495499,0.741020,0.458794,-0.134399,-0.581535,-0.565514
-0.142319,0.324875,0.451820,0.115623,-0.433342,-0.764336,-0.606842
-0.036629,0.575256,0.805489,0.480759,-0.154549,-0.624855,-0.599564
-0.112495,0.477570,0.730133,0.450012,-0.146957,-0.604660,-0.626457
-0.294441,0.045334,0.080238,-0.247498,-0.686455,-0.862518,-0.587616
-0.012405,0.482361,0.558472,0.156265,-0.432724,-0.767246,-0.583946
0.019642,0.657753,0.900291,0.576027,-0.065678,-0.548195,-0.548679
-0.105721,0.439655,0.677252,0.422340,-0.119370,-0.514511,-0.459681
-0.002935,0.504326,0.668013,0.338892,-0.242158,-0.630364,-0.532509
-0.007732,0.583543,0.811908,0.499003,-0.120691,-0.579434,-0.548549
-0.062784,0.521093,0.769481,0.486187,-0.109046,-0.558202,-0.536375
-0.080096,0.456013,0.659033,0.361074,-0.209607,-0.609031,-0.534988
-0.033806,0.539952,0.761710,0.451055,-0.160543,-0.611259,-0.575344
-0.088498,0.492548,0.737160,0.450128,-0.147827,-0.595768,-0.567848
-0.092832,0.480400,0.721176,0.441089,-0.143147,-0.579449,-0.551718
-0.109117,0.394889,0.560246,0.238659,-0.331005,-0.709869,-0.602746
-0.071703,0.523836,0.757412,0.448702,-0.168781,-0.627279,-0.597120
-0.114998,0.469185,0.718859,0.439779,-0.152250,-0.615803,-0.690262
-0.482689,-0.291586,-0.341442,-0.637861,-0.949055,-0.969177,-0.582720
0.042486,0.572128,0.694508,0.329334,-0.260094,-0.639019,-0.554428
-0.090645,0.419701,0.615753,0.347031,-0.172226,-0.532410,-0.480049
-0.097038,0.306908,0.416100,0.129700,-0.330864,-0.581116,-0.378799
0.190865,0.772888,0.965683,0.614578,-0.029312,-0.495453,-0.460175
0.031876,0.620987,0.870651,0.585663,-0.013214,-0.465988,-0.443863
0.024429,0.594879,0.838730,0.560715,-0.025406,-0.469452,-0.447449
0.013870,0.570587,0.795959,0.503525,-0.090027,-0.528732,-0.492645
-0.015396,0.553192,0.785446,0.491043,-0.107376,-0.552872,-0.520569
-0.043167,0.529495,0.769684,0.484131,-0.108444,-0.554001,-0.538376
-0.131210,0.301544,0.387543,0.034225,-0.494598,-0.780228,-0.574844
0.027176,0.648117,0.868759,0.528656,-0.118973,-0.593674,-0.565903
-0.075394,0.518051,0.773972,0.496185,-0.097488,-0.550964,-0.537338
-0.088196,0.460373,0.696243,0.427902,-0.135910,-0.555878,-0.514893
-0.045486,0.509476,0.725311,0.419525,-0.182343,-0.621475,-0.577003
-0.088516,0.491226,0.729660,0.437485,-0.161652,-0.610764,-0.590843
-0.138390,0.408577,0.637993,0.367165,-0.194206,-0.614685,-0.604469
-0.213402,0.251282,0.432381,0.172310,-0.323692,-0.650078,-0.525146
-0.005760,0.562592,0.768242,0.442604,-0.177979,-0.628799,-0.588112
-0.097511,0.488243,0.734581,0.449265,-0.146019,-0.594238,-0.573433
-0.125969,0.393600,0.582191,0.282639,-0.276913,-0.659435,-0.569618
-0.059635,0.516014,0.733788,0.415283,-0.204090,-0.657616,-0.619598
-0.125782,0.464134,0.713631,0.429489,-0.167549,-0.617508,-0.590611
-0.114651,0.461472,0.708046,0.432728,-0.152637,-0.594942,-0.576086
-0.141298,0.354969,0.510715,0.182539,-0.386810,-0.755587,-0.633579
-0.086807,0.518461,0.754843,0.445006,-0.173592,-0.638077,-0.631427
-0.197007,0.334060,0.560423,0.303188,-0.234946,-0.630435,-0.614991
-0.265611,0.105034,0.187121,-0.110476,-0.558658,-0.778054,-0.538298
0.064585,0.666835,0.865047,0.510538,-0.139641,-0.610031,-0.575058
-0.078403,0.517242,0.773388,0.494850,-0.099579,-0.550869,-0.530180
-0.063311,0.505749,0.753130,0.482512,-0.097231,-0.537876,-0.516407
-0.059509,0.489904,0.707079,0.405561,-0.191116,-0.628019,-0.583298
-0.094561,0.484453,0.724123,0.434151,-0.162809,-0.608786,-0.578918
-0.105876,0.458566,0.692588,0.408743,-0.173352,-0.604598,-0.577713
-0.152548,0.312703,0.432837,0.090871,-0.460876,-0.789742,-0.626227
-0.049072,0.567742,0.800908,0.480065,-0.150419,-0.616921,-0.589812
-0.105829,0.481171,0.732660,0.455375,-0.135853,-0.582013,-0.561121
-0.112600,0.414850,0.611249,0.315528,-0.250002,-0.657009,-0.641254
-0.271055,0.158305,0.315166,0.061366,-0.403015,-0.696103,-0.588948
-0.165300,0.278919,0.426070,0.150915,-0.335618,-0.647735,-0.559443
-0.170115,0.221542,0.321505,0.038670,-0.410536,-0.660261,-0.520889
-0.128807,0.200146,0.203800,-0.144173,-0.590511,-0.760220,-0.452679
0.207588,0.841286,1.045250,0.679802,0.011925,-0.474068,-0.450676
0.040352,0.636261,0.897530,0.626976,0.038490,-0.412788,-0.401878
0.035751,0.558243,0.757523,0.466583,-0.096184,-0.496567,-0.431305
0.057251,0.619469,0.833679,0.520416,-0.087914,-0.533447,-0.493385
-0.007339,0.572922,0.815750,0.530861,-0.063042,-0.509903,-0.485809
-0.026321,0.522728,0.744423,0.458115,-0.118614,-0.545525,-0.522171
-0.115158,0.328194,0.440300,0.107948,-0.424500,-0.733276,-0.556694
0.022652,0.636742,0.864265,0.538803,-0.094315,-0.566360,-0.564285
-0.133438,0.391159,0.614021,0.359177,-0.169762,-0.557129,-0.537552
-0.186043,0.188660,0.279625,-0.005272,-0.451630,-0.681938,-0.463745
0.114830,0.698853,0.886803,0.529938,-0.115746,-0.578751,-0.540375
-0.046211,0.544029,0.794823,0.515854,-0.074120,-0.526863,-0.540817
-0.161011,0.299339,0.477119,0.221565,-0.268997,-0.600739,-0.525063
-0.114067,0.333237,0.480507,0.195694,-0.310181,-0.626816,-0.484413
0.053246,0.634819,0.847702,0.524330,-0.095970,-0.552383,-0.525063
-0.070168,0.453819,0.639946,0.336971,-0.225002,-0.611893,-0.547890
-0.124039,0.308659,0.407276,0.081108,-0.423737,-0.702229,-0.509319
0.068623,0.665691,0.869511,0.523487,-0.122192,-0.591057,-0.557503
-0.063236,0.533951,0.793571,0.521408,-0.068665,-0.522480,-0.522854
-0.118847,0.348873,0.500742,0.201933,-0.320744,-0.658909,-0.553457
-0.078768,0.433592,0.612104,0.307449,-0.251307,-0.636951,-0.574644
-0.130007,0.373091,0.566851,0.296841,-0.228560,-0.597763,-0.562136
-0.212296,0.147077,0.220920,-0.071180,-0.508063,-0.727989,-0.551265
-0.124119,0.232739,0.258181,-0.078957,-0.529213,-0.718443,-0.440990
0.189463,0.802412,0.993624,0.623371,-0.042423,-0.522442,-0.492142
0.004757,0.604538,0.864765,0.590256,-0.004097,-0.459236,-0.457024
-0.032887,0.471367,0.663330,0.382732,-0.156101,-0.528858,-0.444031
0.051224,0.610306,0.816534,0.495365,-0.117867,-0.563372,-0.523279
-0.041090,0.528500,0.758823,0.471302,-0.114444,-0.545410,-0.514351
-0.078223,0.403737,0.547252,0.223552,-0.323787,-0.668814,-0.546722
-0.058474,0.423370,0.531610,0.174914,-0.384606,-0.716302,-0.555603
0.012892,0.620139,0.842841,0.514553,-0.119407,-0.590336,-0.586170
-0.163984,0.331518,0.514830,0.235451,-0.287506,-0.639629,-0.571445
-0.176651,0.218472,0.302334,-0.005238,-0.473087,-0.718819,-0.514933
0.038733,0.595148,0.775299,0.438063,-0.167645,-0.596897,-0.569990
-0.152618,0.333229,0.527483,0.273592,-0.224115,-0.569782,-0.521582
-0.170031,0.187124,0.263645,-0.020924,-0.451328,-0.662891,-0.445663
0.085077,0.576780,0.678162,0.297071,-0.294453,-0.654943,-0.510090
0.056369,0.670381,0.907590,0.596598,-0.021214,-0.482016,-0.468808
-0.039636,0.447147,0.602269,0.292016,-0.249823,-0.598200,-0.489202
-0.018823,0.453124,0.567177,0.225024,-0.320093,-0.646316,-0.488994
0.070286,0.666440,0.882050,0.552588,-0.076683,-0.537110,-0.507900
-0.038449,0.511681,0.722724,0.426849,-0.149591,-0.562542,-0.517536
-0.085167,0.380377,0.510555,0.191227,-0.339081,-0.661371,-0.520657
-0.024702,0.446218,0.527027,0.137293,-0.439331,-0.765507,-0.582729
0.000811,0.597578,0.798178,0.461672,-0.155037,-0.592258,-0.564465
-0.157932,0.278118,0.396664,0.095123,-0.392155,-0.669846,-0.514236
-0.040630,0.400333,0.485645,0.138470,-0.385248,-0.684399,-0.538330
-0.052692,0.446095,0.612135,0.317583,-0.211634,-0.567039,-0.510910
-0.136858,0.248449,0.345043,0.062773,-0.382945,-0.622386,-0.456225
-0.005381,0.405214,0.478991,0.145772,-0.349466,-0.611613,-0.410335
0.142681,0.672072,0.796136,0.414063,-0.197980,-0.585655,-0.472631
0.045681,0.582693,0.741665,0.401026,-0.181681,-0.565680,-0.488077
-0.057594,0.367012,0.451750,0.120605,-0.372574,-0.630724,-0.425480
0.117794,0.620934,0.721924,0.341415,-0.244656,-0.597801,-0.452511
0.102654,0.689842,0.894611,0.562218,-0.055313,-0.499222,-0.477093
-0.063488,0.390289,0.523460,0.221745,-0.284283,-0.590332,-0.462837
-0.020027,0.387493,0.442600,0.086002,-0.420673,-0.682423,-0.504177
-0.052094,0.301144,0.271225,-0.136391,-0.623268,-0.808735,-0.531445
0.031479,0.518944,0.619068,0.271896,-0.258675,-0.562683,-0.419487
0.046677,0.491982,0.590370,0.263939,-0.243141,-0.526802,-0.343933
0.207443,0.758629,0.922836,0.574661,-0.034096,-0.450768,-0.377228
0.131233,0.714142,0.942001,0.635414,0.026848,-0.424805,-0.400581
0.053162,0.582832,0.779457,0.481003,-0.085312,-0.483353,-0.415764
0.058487,0.591881,0.781441,0.473061,-0.105034,-0.513771,-0.452881
0.021587,0.554218,0.736198,0.411522,-0.180756,-0.589867,-0.526402
-0.072815,0.403013,0.523846,0.186466,-0.357822,-0.682242,-0.534847
-0.028365,0.455918,0.554850,0.185022,-0.379700,-0.709715,-0.555163
-0.041588,0.438984,0.525453,0.143279,-0.424881,-0.748529,-0.586687
-0.063929,0.437462,0.554327,0.199337,-0.357519,-0.690485,-0.566208
-0.119736,0.290451,0.350170,0.003036,-0.489361,-0.739883,-0.574924
-0.173100,0.122543,0.075623,-0.296078,-0.718048,-0.840158,-0.530363
0.020826,0.463461,0.512337,0.137836,-0.381702,-0.649369,-0.478947
-0.026804,0.371408,0.431944,0.109049,-0.350562,-0.563736,-0.318823
0.261793,0.805817,0.941429,0.564920,-0.052378,-0.456999,-0.365667
0.147736,0.712093,0.915720,0.598793,-0.001463,-0.432173,-0.395996
0.034443,0.501963,0.629198,0.301075,-0.235035,-0.557228,-0.410576
0.102964,0.609846,0.735054,0.375608,-0.205221,-0.567825,-0.445585
0.061346,0.574383,0.709599,0.357146,-0.223588,-0.590000,-0.463719
0.083353,0.683034,0.909948,0.594614,-0.024572,-0.483803,-0.476852
-0.078291,0.353750,0.454645,0.124863,-0.387475,-0.673395,-0.495665
0.019384,0.487736,0.557205,0.165016,-0.404278,-0.721243,-0.534225
0.047646,0.640800,0.833908,0.487041,-0.140911,-0.591232,-0.584229
-0.211964,0.180370,0.268311,-0.032284,-0.483452,-0.708744,-0.515862
-0.044384,0.366154,0.416439,0.057026,-0.447552,-0.710152,-0.544464
-0.099934,0.288795,0.339947,0.004837,-0.463932,-0.681282,-0.425838
0.194523,0.810169,1.012844,0.658825,0.007156,-0.471565,-0.476120
-0.083103,0.362007,0.496353,0.204594,-0.287659,-0.577126,-0.413670
0.106754,0.619480,0.749500,0.387012,-0.208561,-0.590645,-0.477951
0.061531,0.661499,0.892609,0.578506,-0.047264,-0.519859,-0.529076
-0.147499,0.274559,0.379250,0.066902,-0.422287,-0.684288,-0.487740
0.051819,0.556168,0.661293,0.280006,-0.308777,-0.666550,-0.520958
0.045258,0.657082,0.888214,0.567299,-0.066200,-0.539604,-0.520332
-0.044113,0.535179,0.781952,0.503891,-0.082253,-0.526314,-0.530693
-0.169716,0.208488,0.267799,-0.067047,-0.549210,-0.789581,-0.592087
-0.116043,0.264862,0.258453,-0.145386,-0.652954,-0.863785,-0.568665
0.101791,0.756332,0.977051,0.616501,-0.056274,-0.553955,-0.552856
-0.114197,0.393723,0.569794,0.272491,-0.262375,-0.605789,-0.484070
0.026276,0.563187,0.730865,0.392990,-0.201614,-0.605225,-0.519699
-0.002258,0.586624,0.818481,0.510986,-0.106277,-0.566513,-0.541031
-0.064514,0.512146,0.756317,0.475693,-0.111053,-0.548859,-0.526535
-0.099060,0.379227,0.520065,0.193726,-0.356232,-0.701889,-0.567719
-0.024536,0.569351,0.790543,0.469559,-0.157166,-0.620911,-0.593018
-0.111191,0.470734,0.716232,0.431061,-0.166031,-0.616043,-0.601898
-0.184464,0.269226,0.379868,0.044128,-0.483871,-0.786270,-0.613129
-0.083069,0.422607,0.532028,0.155975,-0.427597,-0.776291,-0.619720
-0.043594,0.577087,0.812119,0.489227,-0.145233,-0.617645,-0.606155
-0.181580,0.279175,0.393875,0.056320,-0.473495,-0.789413,-0.693130
-0.347641,-0.081421,-0.122299,-0.461624,-0.839767,-0.922348,-0.573349
0.043030,0.584457,0.726318,0.373611,-0.215195,-0.602310,-0.521912
-0.053513,0.469208,0.671661,0.398537,-0.136803,-0.507080,-0.421753
0.054459,0.564407,0.716087,0.378975,-0.199257,-0.577835,-0.468506
0.066658,0.664314,0.897026,0.585495,-0.036766,-0.502945,-0.480415
-0.003914,0.575661,0.821724,0.539051,-0.057529,-0.509003,-0.494366
-0.067677,0.409817,0.548901,0.225693,-0.316273,-0.648167,-0.508183
0.012436,0.539043,0.685760,0.332985,-0.258808,-0.642029,-0.528492
0.013775,0.616520,0.851362,0.539986,-0.083082,-0.548105,-0.525398
-0.046766,0.534925,0.785051,0.507383,-0.084230,-0.534689,-0.526850
-0.130331,0.290907,0.369387,0.013500,-0.513943,-0.797234,-0.584654
0.024511,0.653502,0.880163,0.541145,-0.109310,-0.590724,-0.566676
-0.076941,0.518683,0.777737,0.501103,-0.095345,-0.552544,-0.558217
-0.165318,0.285542,0.425602,0.127794,-0.378250,-0.679421,-0.515826
0.039909,0.630601,0.841781,0.508913,-0.124703,-0.588452,-0.558619
-0.070966,0.514783,0.763074,0.478709,-0.118562,-0.570711,-0.546966
-0.077065,0.494024,0.735605,0.457290,-0.125193,-0.562689,-0.531261
-0.063517,0.495669,0.722526,0.427670,-0.167294,-0.607384,-0.571683
-0.092863,0.476326,0.707236,0.410541,-0.192102,-0.638821,-0.602848
-0.118872,0.461290,0.706007,0.422014,-0.172926,-0.620806,-0.601610
-0.172342,0.305765,0.443523,0.115112,-0.430044,-0.763126,-0.610628
-0.050251,0.553844,0.776363,0.450834,-0.181360,-0.646622,-0.615351
-0.125286,0.463839,0.714504,0.431522,-0.165346,-0.615137,-0.588074
-0.114878,0.457531,0.697495,0.414652,-0.173286,-0.612274,-0.587200
-0.159924,0.307423,0.429630,0.088745,-0.463882,-0.796551,-0.635826
-0.061436,0.555573,0.790884,0.471193,-0.159124,-0.627413,-0.602074
-0.117889,0.469313,0.721981,0.443911,-0.148092,-0.596972,-0.572912
-0.103672,0.464813,0.702841,0.420036,-0.166893,-0.602926,-0.568092
-0.095013,0.468487,0.695717,0.398304,-0.201139,-0.643713,-0.605583
-0.121422,0.458921,0.701866,0.417095,-0.177639,-0.623360,-0.594213
-0.120907,0.450634,0.689739,0.408003,-0.177864,-0.613823,-0.578911
-0.106730,0.456860,0.682224,0.382967,-0.216349,-0.659769,-0.620525
-0.134279,0.446178,0.691191,0.406517,-0.187143,-0.633751,-0.604506
-0.130121,0.443464,0.688503,0.411669,-0.174223,-0.616066,-0.589914
-0.123484,0.439295,0.668741,0.376459,-0.216921,-0.655436,-0.615236
-0.132929,0.442650,0.678923,0.387543,-0.209827,-0.653273,-0.618938
-0.137558,0.440034,0.684159,0.401538,-0.190087,-0.633702,-0.616139
-0.205090,0.232512,0.323308,-0.028180,-0.559071,-0.848701,-0.644347
-0.041371,0.585401,0.810854,0.475531,-0.167348,-0.640268,-0.612680
-0.125290,0.465090,0.718955,0.443048,-0.147789,-0.599420,-0.605428
-0.204064,0.289368,0.499931,0.256346,-0.246771,-0.596819,-0.503151
-0.007919,0.548223,0.750572,0.425568,-0.191456,-0.638756,-0.593590
-0.096600,0.494503,0.742237,0.455376,-0.144367,-0.595058,-0.566933
-0.089760,0.488537,0.735306,0.458229,-0.129864,-0.572922,-0.546997
-0.079826,0.483681,0.714813,0.422249,-0.171417,-0.609245,-0.569359
-0.088333,0.485962,0.720955,0.427330,-0.171295,-0.615021,-0.579987
-0.098892,0.479378,0.723198,0.440269,-0.151665,-0.595596,-0.567612
-0.094482,0.478836,0.725555,0.452332,-0.128029,-0.568314,-0.544525
-0.084351,0.468315,0.688713,0.387466,-0.209923,-0.648499,-0.604454
-0.114433,0.467804,0.710678,0.422905,-0.172859,-0.622520,-0.608032
-0.165840,0.373894,0.603966,0.342575,-0.204559,-0.604088,-0.546753
-0.066032,0.492340,0.707649,0.398422,-0.204910,-0.644508,-0.599518
-0.107582,0.474602,0.716431,0.426651,-0.172066,-0.617836,-0.585800
-0.107689,0.468620,0.712440,0.432442,-0.156586,-0.606422,-0.614555
-0.230927,0.221504,0.378754,0.100914,-0.398033,-0.706818,-0.554672
-0.008316,0.577965,0.791626,0.465126,-0.161201,-0.617714,-0.581688
-0.091805,0.495186,0.744713,0.463524,-0.129623,-0.576706,-0.551842
-0.080841,0.492325,0.739868,0.469406,-0.112122,-0.553566,-0.531906
-0.073845,0.477707,0.697975,0.397575,-0.198975,-0.634773,-0.588959
-0.100105,0.479996,0.720741,0.431839,-0.165039,-0.609955,-0.579041
-0.101051,0.474144,0.719803,0.444557,-0.139771,-0.581047,-0.559219
-0.116608,0.393272,0.564445,0.240814,-0.336739,-0.721466,-0.618202
-0.084137,0.516350,0.755798,0.451942,-0.160736,-0.623268,-0.624443
-0.206573,0.304192,0.522163,0.272240,-0.246918,-0.621658,-0.591507
-0.225609,0.179955,0.308342,0.042938,-0.413406,-0.676071,-0.493851
0.061775,0.639664,0.833275,0.488861,-0.146431,-0.602066,-0.558342
-0.059845,0.532738,0.783890,0.501381,-0.095024,-0.545357,-0.520782
-0.052017,0.518921,0.764252,0.489647,-0.092094,-0.532761,-0.509369
-0.049591,0.502678,0.720734,0.419098,-0.179642,-0.616638,-0.571037
-0.081429,0.499420,0.738953,0.448845,-0.148254,-0.594368,-0.562683
-0.085892,0.489090,0.734535,0.457123,-0.128380,-0.570816,-0.548187
-0.102829,0.420502,0.614777,0.318901,-0.243851,-0.636383,-0.559425
-0.059250,0.512535,0.730392,0.416855,-0.196625,-0.647240,-0.608292
-0.116486,0.472412,0.723831,0.445496,-0.146767,-0.594925,-0.576996
-0.132378,0.390228,0.587692,0.294006,-0.266571,-0.662811,-0.614906
-0.179649,0.318069,0.504555,0.223434,-0.311005,-0.678413,-0.614624
-0.184143,0.298103,0.478050,0.209015,-0.300766,-0.647636,-0.585968
-0.194695,0.226234,0.361061,0.093231,-0.370407,-0.653969,-0.549103
-0.173630,0.171097,0.217728,-0.087662,-0.516228,-0.703491,-0.436798
0.177147,0.777634,0.963348,0.595459,-0.064087,-0.535950,-0.499519
0.001495,0.600471,0.858925,0.583649,-0.009521,-0.462509,-0.456215
-0.030952,0.470497,0.653824,0.361748,-0.183578,-0.555923,-0.462875
0.044434,0.614487,0.825729,0.505615,-0.110481,-0.558823,-0.518608
-0.028488,0.555794,0.801643,0.518761,-0.075089,-0.522881,-0.498734
-0.039185,0.510902,0.732651,0.445419,-0.131248,-0.556137,-0.525902
-0.103279,0.357498,0.477089,0.137512,-0.411873,-0.739380,-0.576485
-0.001907,0.613327,0.844925,0.524467,-0.105637,-0.577629,-0.579407
-0.160179,0.350945,0.564384,0.308983,-0.211700,-0.585022,-0.552505
-0.196960,0.176857,0.264030,-0.023659,-0.467896,-0.694138,-0.469971
0.114532,0.701492,0.890404,0.532532,-0.115120,-0.579102,-0.537781
-0.039734,0.554367,0.807991,0.528908,-0.065094,-0.521820,-0.535828
-0.162903,0.269142,0.408134,0.124901,-0.362797,-0.662392,-0.548019
-0.129921,0.258015,0.310333,-0.036308,-0.528217,-0.766529,-0.520126
0.103008,0.729229,0.946297,0.600697,-0.049458,-0.525700,-0.508255
-0.055344,0.466679,0.649879,0.344009,-0.214008,-0.594044,-0.528137
-0.113140,0.301987,0.386131,0.060268,-0.428642,-0.685486,-0.472107
0.118301,0.718925,0.919422,0.569126,-0.077866,-0.545109,-0.510933
-0.017029,0.573929,0.828346,0.551022,-0.040260,-0.495277,-0.507591
-0.131039,0.303616,0.441284,0.155758,-0.335197,-0.638996,-0.527817
-0.118748,0.248524,0.275486,-0.087490,-0.577019,-0.806129,-0.581856
-0.037273,0.483784,0.641613,0.327198,-0.217793,-0.578083,-0.518005
-0.145901,0.216972,0.280598,-0.022610,-0.460743,-0.672146,-0.479176
-0.035938,0.330990,0.355648,0.009911,-0.450836,-0.649494,-0.377487
0.250488,0.862930,1.054611,0.684807,0.018471,-0.464050,-0.441116
0.031876,0.589401,0.810699,0.522041,-0.050201,-0.467789,-0.448875
-0.073624,0.331421,0.435837,0.139816,-0.329300,-0.585098,-0.386322
0.184715,0.767120,0.958344,0.604706,-0.039742,-0.503487,-0.465858
0.028534,0.619972,0.871925,0.592155,-0.001564,-0.455093,-0.454208
-0.046047,0.429687,0.591442,0.298508,-0.228130,-0.576092,-0.485245
-0.046520,0.395042,0.497551,0.166431,-0.355049,-0.656872,-0.484158
0.081583,0.675348,0.883707,0.548038,-0.086409,-0.551960,-0.548335
-0.140363,0.331288,0.491942,0.206718,-0.301519,-0.629288,-0.537952
-0.132917,0.258675,0.331221,0.012430,-0.460678,-0.710646,-0.533420
-0.042301,0.442387,0.588596,0.279280,-0.253817,-0.599388,-0.508121
-0.062141,0.419815,0.588711,0.305782,-0.211914,-0.561766,-0.507946
-0.145948,0.218626,0.296635,0.007675,-0.427084,-0.641014,-0.414413
0.147095,0.687826,0.835819,0.477453,-0.130642,-0.540779,-0.457836
0.056061,0.640453,0.867847,0.557880,-0.057934,-0.515774,-0.502560
-0.073372,0.418312,0.583179,0.280628,-0.257481,-0.608017,-0.504093
-0.030922,0.450630,0.575172,0.235600,-0.315742,-0.654984,-0.510551
0.041817,0.636993,0.855537,0.529961,-0.095451,-0.554008,-0.523918
-0.048706,0.514938,0.742310,0.453819,-0.129959,-0.560921,-0.542557
-0.136581,0.314537,0.449966,0.146591,-0.365952,-0.677467,-0.535843
-0.041916,0.433838,0.533112,0.167526,-0.397873,-0.736359,-0.602905
-0.101425,0.409164,0.559540,0.230942,-0.328110,-0.691559,-0.614090
-0.206192,0.195099,0.277252,-0.031998,-0.495651,-0.724533,-0.497101
0.073044,0.612579,0.749649,0.379486,-0.227600,-0.622055,-0.516739
0.020325,0.619858,0.852493,0.543808,-0.070724,-0.526321,-0.501114
-0.037582,0.510590,0.726532,0.436478,-0.136139,-0.550201,-0.500427
-0.038925,0.481857,0.663803,0.353775,-0.216187,-0.610001,-0.533340
-0.044205,0.502975,0.701324,0.392868,-0.192123,-0.606705,-0.552567
-0.096481,0.398407,0.539108,0.197983,-0.371506,-0.733597,-0.626450
-0.155914,0.305450,0.405136,0.059525,-0.469482,-0.763107,-0.579315
-0.033844,0.488098,0.613586,0.247620,-0.338684,-0.701813,-0.569321
-0.035614,0.520569,0.694641,0.352371,-0.247574,-0.654510,-0.594727
-0.167236,0.271027,0.375153,0.056412,-0.441071,-0.719101,-0.565781
-0.120804,0.267410,0.300461,-0.058441,-0.544907,-0.779770,-0.608093
-0.224991,0.029648,-0.058868,-0.440506,-0.829338,-0.893204,-0.527641
0.057320,0.511932,0.564850,0.193375,-0.326103,-0.593719,-0.408615
0.087372,0.544632,0.642166,0.307072,-0.208603,-0.497856,-0.315641
0.239954,0.802160,0.979227,0.636951,0.027197,-0.400236,-0.344213
0.123461,0.634696,0.790581,0.455665,-0.121378,-0.502705,-0.427347
-0.000074,0.428179,0.521402,0.196703,-0.299866,-0.567245,-0.371159
0.175732,0.698071,0.824909,0.455349,-0.141376,-0.522671,-0.406261
0.128090,0.709297,0.916931,0.591278,-0.023483,-0.467583,-0.442719
-0.015671,0.463142,0.620140,0.322472,-0.199081,-0.531273,-0.413086
0.062485,0.535660,0.647003,0.295319,-0.261200,-0.597755,-0.458496
0.040894,0.517159,0.608139,0.233353,-0.334335,-0.668274,-0.540077
-0.078011,0.365204,0.460564,0.132133,-0.367149,-0.641113,-0.485718
-0.035774,0.366127,0.421524,0.075966,-0.412941,-0.661957,-0.490639
-0.056160,0.309906,0.337616,-0.006065,-0.465752,-0.669212,-0.434189
0.109299,0.627296,0.778168,0.452927,-0.106712,-0.479584,-0.431984
-0.079094,0.256920,0.297829,-0.008354,-0.426979,-0.595627,-0.317322
0.279770,0.823517,0.948112,0.559715,-0.064491,-0.472046,-0.373848
0.159058,0.761292,1.001450,0.698257,0.080353,-0.390327,-0.405479
-0.027847,0.393211,0.498840,0.182533,-0.315483,-0.593086,-0.410049
0.118050,0.615921,0.719505,0.341560,-0.243919,-0.596474,-0.458412
0.061264,0.577164,0.708382,0.349045,-0.233635,-0.598068,-0.465912
0.087952,0.692413,0.922104,0.605621,-0.015686,-0.480927,-0.493599
-0.133041,0.254524,0.332840,0.017822,-0.452534,-0.693913,-0.501343
-0.022369,0.375088,0.387997,-0.007473,-0.526283,-0.763912,-0.505112
0.115658,0.707306,0.871567,0.493183,-0.151356,-0.598576,-0.580685
-0.208378,0.173256,0.252552,-0.043915,-0.478291,-0.672302,-0.417175
0.160881,0.687737,0.800497,0.411129,-0.200331,-0.583521,-0.461168
0.090799,0.700212,0.938721,0.629988,0.007571,-0.462678,-0.450047
0.014686,0.581617,0.819064,0.534688,-0.052836,-0.492409,-0.470861
-0.028542,0.492751,0.690851,0.400707,-0.159309,-0.554029,-0.489983
-0.021175,0.499020,0.672592,0.350338,-0.231724,-0.629726,-0.548409
-0.038063,0.542824,0.769684,0.459206,-0.158073,-0.620285,-0.623100
-0.242012,0.169823,0.262436,-0.055992,-0.540451,-0.789940,-0.578033
-0.030098,0.468903,0.560936,0.169601,-0.419342,-0.764557,-0.600662
-0.018234,0.604767,0.839188,0.514679,-0.124313,-0.600220,-0.591232
-0.165237,0.302780,0.424683,0.091324,-0.442154,-0.760712,-0.642670
-0.232620,0.118042,0.126617,-0.229156,-0.682236,-0.868378,-0.644485
-0.211609,0.087463,0.027359,-0.358383,-0.784485,-0.897018,-0.549393
0.092010,0.667969,0.832321,0.479416,-0.128143,-0.534821,-0.450409
0.043472,0.569931,0.728218,0.391785,-0.184799,-0.558823,-0.444969
0.083923,0.659737,0.868858,0.551529,-0.053024,-0.487991,-0.439415
0.050186,0.626129,0.859802,0.558990,-0.049706,-0.506355,-0.484146
-0.020660,0.530388,0.746246,0.456123,-0.116585,-0.526817,-0.470329
-0.000229,0.531990,0.721375,0.409897,-0.170280,-0.576187,-0.506622
-0.007927,0.566292,0.790451,0.483154,-0.130013,-0.584236,-0.554726
-0.075211,0.502480,0.745712,0.459274,-0.139084,-0.589371,-0.574509
-0.156387,0.299927,0.414154,0.075119,-0.462982,-0.776382,-0.613159
-0.085114,0.419556,0.528931,0.152847,-0.429779,-0.775574,-0.615173
-0.032303,0.594070,0.833771,0.512573,-0.125122,-0.602661,-0.592361
-0.158234,0.325668,0.466232,0.140594,-0.398880,-0.735123,-0.641434
-0.247726,0.112152,0.151352,-0.175064,-0.619568,-0.806992,-0.528717
0.097687,0.704681,0.898788,0.539246,-0.112991,-0.582504,-0.552528
-0.073524,0.500732,0.746422,0.474136,-0.100426,-0.529099,-0.494797
-0.045692,0.463768,0.633553,0.315361,-0.252907,-0.632355,-0.528748
-0.001198,0.588913,0.818077,0.504990,-0.116837,-0.578674,-0.550858
-0.069107,0.513725,0.760094,0.474808,-0.124352,-0.575439,-0.558456
-0.126503,0.356209,0.499496,0.178513,-0.362221,-0.695816,-0.556534
-0.035629,0.494202,0.644112,0.293541,-0.299973,-0.684898,-0.574013
-0.033386,0.570663,0.807785,0.497696,-0.125069,-0.588806,-0.564819
-0.085892,0.496101,0.743599,0.465294,-0.120117,-0.562469,-0.566124
-0.212234,0.146263,0.183105,-0.165176,-0.640144,-0.851883,-0.580116
0.059380,0.690086,0.900879,0.543190,-0.119896,-0.605042,-0.580780
-0.085945,0.512779,0.774902,0.499359,-0.096008,-0.550186,-0.537239
-0.094635,0.422058,0.607796,0.305420,-0.253029,-0.631531,-0.535782
-0.021885,0.557640,0.779247,0.465511,-0.152073,-0.606766,-0.574791
-0.090878,0.490196,0.733856,0.445885,-0.152023,-0.601871,-0.572910
-0.096863,0.477390,0.720158,0.442043,-0.141216,-0.577526,-0.548824
-0.097454,0.427937,0.618385,0.310909,-0.266266,-0.667233,-0.589828
-0.083355,0.499561,0.729424,0.424847,-0.185604,-0.638107,-0.606892
-0.123722,0.458572,0.705402,0.423500,-0.169365,-0.617142,-0.599800
-0.179207,0.283474,0.404972,0.071198,-0.466572,-0.782562,-0.612152
-0.038906,0.570126,0.792652,0.461266,-0.175758,-0.642872,-0.612461
-0.121300,0.469891,0.722599,0.441643,-0.154198,-0.604923,-0.596367
-0.212795,0.168282,0.199173,-0.178452,-0.683460,-0.922031,-0.719812
-0.260540,0.095943,0.088806,-0.281560,-0.734439,-0.894986,-0.588110
0.037340,0.620942,0.802634,0.463993,-0.138229,-0.555243,-0.508402
-0.065430,0.447727,0.655346,0.397106,-0.122509,-0.483059,-0.389080
0.112305,0.677460,0.889687,0.575432,-0.037796,-0.488197,-0.452957
0.029289,0.604782,0.840942,0.544548,-0.059769,-0.510124,-0.479721
0.000671,0.580193,0.827179,0.545425,-0.047318,-0.496948,-0.473640
-0.007118,0.559631,0.795937,0.512375,-0.074326,-0.512115,-0.479034
-0.009659,0.551147,0.775681,0.475601,-0.126511,-0.570755,-0.535278
-0.051788,0.525909,0.768188,0.480789,-0.115585,-0.563911,-0.536385
-0.062737,0.511093,0.755379,0.475838,-0.112740,-0.556282,-0.531830
-0.067078,0.494019,0.719841,0.422005,-0.178841,-0.624756,-0.587006
-0.101280,0.478668,0.721207,0.431152,-0.169792,-0.618744,-0.587914
-0.108055,0.471931,0.718414,0.437157,-0.154099,-0.615913,-0.675949
-0.422844,-0.151474,-0.126694,-0.400955,-0.759567,-0.860878,-0.519730
0.139671,0.753960,0.932846,0.548431,-0.127472,-0.608719,-0.571800
-0.065399,0.540871,0.803635,0.525787,-0.073814,-0.536102,-0.548767
-0.147171,0.349411,0.557220,0.305046,-0.206589,-0.561180,-0.466156
0.031387,0.588837,0.793449,0.470688,-0.145103,-0.593132,-0.552612
-0.061203,0.523384,0.769547,0.484047,-0.112396,-0.562752,-0.538200
-0.066536,0.504356,0.748665,0.471100,-0.114548,-0.558113,-0.532700
-0.068962,0.489182,0.715012,0.419136,-0.175858,-0.614998,-0.575424
-0.092773,0.482170,0.717804,0.424812,-0.174164,-0.620186,-0.587433
-0.107620,0.469391,0.712936,0.430710,-0.161503,-0.605705,-0.577984
-0.108047,0.459175,0.693024,0.405102,-0.183964,-0.621136,-0.584499
-0.107674,0.458561,0.687523,0.390854,-0.209805,-0.653582,-0.616644
-0.132685,0.446486,0.690222,0.405258,-0.188686,-0.634600,-0.605642
-0.131546,0.443709,0.690403,0.415208,-0.169060,-0.611248,-0.587392
-0.124212,0.432413,0.655766,0.358424,-0.238014,-0.674673,-0.631656
-0.143624,0.435677,0.675636,0.385960,-0.211679,-0.656365,-0.623259
-0.145048,0.431356,0.676260,0.397341,-0.189638,-0.632557,-0.604538
-0.137230,0.425440,0.654781,0.360449,-0.233013,-0.671604,-0.630501
-0.147297,0.428200,0.665363,0.373898,-0.223560,-0.668064,-0.632824
-0.152496,0.425030,0.669094,0.386414,-0.204292,-0.647972,-0.618748
-0.147320,0.422371,0.665501,0.390686,-0.189293,-0.626251,-0.598190
-0.133770,0.423107,0.644760,0.342804,-0.259178,-0.701332,-0.657890
-0.165527,0.420990,0.670067,0.386490,-0.209991,-0.657433,-0.629013
-0.153488,0.424164,0.674202,0.401360,-0.180588,-0.624374,-0.614792
-0.199936,0.274643,0.420624,0.101341,-0.446487,-0.790024,-0.647888
-0.090927,0.516621,0.749401,0.434044,-0.188068,-0.654083,-0.647964
-0.215050,0.313553,0.538456,0.283680,-0.248104,-0.637302,-0.617577
-0.269810,0.097282,0.181709,-0.106735,-0.545845,-0.763092,-0.526089
0.071133,0.667772,0.861403,0.503328,-0.149403,-0.619392,-0.581091
-0.078207,0.523612,0.782942,0.504628,-0.092509,-0.545507,-0.524559
-0.055481,0.518697,0.768217,0.498740,-0.081826,-0.523292,-0.502638
-0.045572,0.505959,0.725227,0.424807,-0.171762,-0.607586,-0.562775
-0.073952,0.506123,0.747816,0.458866,-0.137081,-0.583038,-0.553154
-0.079121,0.491180,0.732956,0.454838,-0.128429,-0.565727,-0.543865
-0.116848,0.356094,0.485794,0.143532,-0.417305,-0.760067,-0.609348
-0.039993,0.574951,0.810169,0.493313,-0.133228,-0.597775,-0.570683
-0.085747,0.499268,0.751717,0.474400,-0.114906,-0.561119,-0.541260
-0.098648,0.416107,0.600906,0.299553,-0.259838,-0.645138,-0.569786
-0.090744,0.450348,0.653419,0.353561,-0.222908,-0.633919,-0.591866
-0.150696,0.361664,0.565582,0.295876,-0.237045,-0.614670,-0.572731
-0.172699,0.285233,0.462578,0.211464,-0.270775,-0.597214,-0.535805
-0.177032,0.180450,0.247528,-0.055183,-0.504539,-0.719246,-0.473869
0.134567,0.742310,0.944977,0.593895,-0.055832,-0.527740,-0.497215
-0.005943,0.585312,0.842972,0.569824,-0.017319,-0.466278,-0.454041
-0.019974,0.488251,0.669495,0.368530,-0.189514,-0.571548,-0.482224
0.025299,0.598511,0.814819,0.498764,-0.115265,-0.563522,-0.525162
-0.036880,0.545563,0.790588,0.506897,-0.085815,-0.531509,-0.508194
-0.056305,0.476425,0.679016,0.383575,-0.186584,-0.590363,-0.535309
-0.094910,0.369797,0.479599,0.128387,-0.426682,-0.752975,-0.582031
0.000519,0.621689,0.855255,0.534821,-0.096260,-0.564339,-0.542702
-0.071960,0.491173,0.721939,0.439751,-0.134857,-0.559662,-0.540070
-0.143623,0.291214,0.413445,0.110672,-0.386627,-0.677170,-0.504997
0.052391,0.637894,0.839043,0.499161,-0.134560,-0.592552,-0.554092
-0.060814,0.529533,0.781395,0.503494,-0.087372,-0.540993,-0.555817
-0.187614,0.240738,0.376076,0.095078,-0.388443,-0.681946,-0.550781
-0.080894,0.408150,0.567474,0.263344,-0.278282,-0.630356,-0.510361
0.020714,0.607491,0.831398,0.517975,-0.096375,-0.550804,-0.527367
-0.079262,0.432152,0.605820,0.296364,-0.261292,-0.639008,-0.573723
-0.168129,0.235741,0.314598,-0.005745,-0.482346,-0.724052,-0.497627
0.098885,0.700668,0.900368,0.547333,-0.101395,-0.569382,-0.536911
-0.057388,0.501747,0.719765,0.425919,-0.149490,-0.562401,-0.521255
-0.098572,0.353470,0.472229,0.152336,-0.366814,-0.676086,-0.534187
-0.026321,0.506210,0.687119,0.373116,-0.201752,-0.598492,-0.531555
-0.060848,0.475876,0.687317,0.406487,-0.150158,-0.553261,-0.534630
-0.164524,0.247147,0.373772,0.099770,-0.364128,-0.639164,-0.513153
-0.096226,0.295429,0.369003,0.054161,-0.416023,-0.656261,-0.435223
0.152027,0.744629,0.938156,0.582901,-0.067055,-0.537231,-0.515732
-0.064659,0.452614,0.634041,0.332268,-0.219727,-0.592827,-0.530777
-0.133286,0.260597,0.335419,0.019852,-0.448105,-0.679298,-0.446365
0.153648,0.754990,0.950340,0.592987,-0.058075,-0.528374,-0.494301
-0.006363,0.570877,0.807793,0.522888,-0.061249,-0.494534,-0.467731
-0.040714,0.434170,0.574570,0.256573,-0.284145,-0.622620,-0.495991
-0.001305,0.489838,0.607285,0.250908,-0.315140,-0.660152,-0.513634
0.044712,0.646778,0.870205,0.545559,-0.083824,-0.549240,-0.528877
-0.079914,0.431374,0.602961,0.291447,-0.264336,-0.634340,-0.550674
-0.110268,0.329063,0.425467,0.091236,-0.422572,-0.712874,-0.548269
-0.025710,0.512589,0.692380,0.378237,-0.195790,-0.595601,-0.560030
-0.173136,0.245407,0.371028,0.092126,-0.374673,-0.649652,-0.531398
-0.146564,0.193761,0.226263,-0.092154,-0.522882,-0.700574,-0.427320
0.168699,0.711399,0.827160,0.424160,-0.210575,-0.613895,-0.498793
0.059671,0.683340,0.935974,0.639284,0.023920,-0.442276,-0.436373
-0.005653,0.493399,0.664577,0.361436,-0.187039,-0.551766,-0.455071
0.022645,0.522363,0.662947,0.324607,-0.243114,-0.607372,-0.487743
0.046884,0.635215,0.855772,0.538053,-0.080557,-0.534326,-0.509261
-0.063449,0.438848,0.601531,0.285097,-0.271652,-0.637732,-0.549198
-0.105921,0.331369,0.420868,0.079796,-0.435905,-0.718315,-0.532219
-0.003994,0.476444,0.548122,0.144455,-0.441093,-0.769279,-0.591419
-0.014702,0.584095,0.801357,0.486240,-0.116112,-0.553764,-0.545933
-0.168945,0.245636,0.365379,0.081635,-0.384106,-0.642410,-0.457825
0.072796,0.592701,0.733749,0.381207,-0.208405,-0.597290,-0.504997
-0.002335,0.559216,0.773754,0.473522,-0.112125,-0.540066,-0.525539
-0.123371,0.349361,0.533546,0.275539,-0.223320,-0.559387,-0.468468
-0.016983,0.472374,0.636879,0.336891,-0.206497,-0.572044,-0.474205
0.023209,0.567825,0.751923,0.421524,-0.181313,-0.600876,-0.540939
-0.072281,0.434097,0.585197,0.254364,-0.309814,-0.674461,-0.579620
-0.133018,0.303665,0.392563,0.052864,-0.456604,-0.730873,-0.533783
0.016083,0.539444,0.664391,0.295898,-0.293877,-0.664352,-0.540138
-0.013649,0.536346,0.707214,0.365677,-0.230606,-0.628052,-0.543259
-0.066582,0.424309,0.548347,0.205345,-0.348412,-0.681244,-0.545120
-0.060539,0.393257,0.467850,0.095398,-0.447495,-0.746101,-0.594604
-0.159241,0.186226,0.159378,-0.236397,-0.703712,-0.868805,-0.580109
-0.026382,0.425606,0.482788,0.114563,-0.401688,-0.663155,-0.464130
0.050529,0.517517,0.607109,0.252438,-0.281654,-0.579380,-0.395786
0.161194,0.715017,0.876955,0.526539,-0.078569,-0.485758,-0.402824
0.099333,0.651578,0.843212,0.519297,-0.075176,-0.490381,-0.439807
-0.000956,0.471974,0.610436,0.297346,-0.229728,-0.552734,-0.411770
0.108829,0.644188,0.806397,0.467003,-0.126198,-0.527440,-0.441540
0.072354,0.653809,0.877317,0.565448,-0.046393,-0.498343,-0.481246
-0.069702,0.370321,0.472286,0.135748,-0.385237,-0.677774,-0.500740
0.022410,0.509529,0.600521,0.220864,-0.352624,-0.684494,-0.524949
0.003336,0.509218,0.619779,0.248767,-0.328855,-0.674590,-0.528785
-0.003371,0.516268,0.650224,0.295554,-0.278578,-0.636487,-0.528141
-0.076955,0.354498,0.429418,0.079761,-0.431755,-0.708065,-0.562799
-0.167799,0.128894,0.082037,-0.292530,-0.716365,-0.833488,-0.493361
0.130845,0.665346,0.773967,0.388315,-0.207741,-0.578595,-0.492851
-0.079691,0.321896,0.409220,0.111897,-0.336050,-0.555244,-0.323135
0.250652,0.802563,0.953804,0.588867,-0.030636,-0.450138,-0.374535
0.137936,0.726761,0.963421,0.664570,0.052914,-0.412533,-0.421524
-0.036812,0.395172,0.511631,0.198235,-0.305687,-0.594021,-0.421627
0.108631,0.625240,0.753250,0.387791,-0.203884,-0.579185,-0.464645
0.050285,0.589802,0.756142,0.417915,-0.172165,-0.565426,-0.470634
0.053047,0.643230,0.872458,0.566257,-0.042898,-0.496094,-0.486090
-0.085480,0.349570,0.455400,0.126600,-0.388669,-0.681400,-0.509441
0.005751,0.481081,0.561373,0.175026,-0.398248,-0.723063,-0.542850
0.048885,0.674273,0.907128,0.580103,-0.062384,-0.548603,-0.572290
-0.196260,0.242769,0.386740,0.111366,-0.363657,-0.640926,-0.470257
0.057323,0.581055,0.721989,0.364452,-0.233036,-0.624840,-0.522736
0.008205,0.604607,0.840000,0.535030,-0.080708,-0.543354,-0.525131
-0.055817,0.511757,0.748871,0.463203,-0.124619,-0.562523,-0.535400
-0.095360,0.403175,0.564087,0.247864,-0.309654,-0.674530,-0.568207
-0.064323,0.471100,0.641212,0.307716,-0.283524,-0.682793,-0.593933
-0.073196,0.518982,0.751190,0.444031,-0.173843,-0.633713,-0.614685
-0.170929,0.330322,0.491013,0.176529,-0.369492,-0.717102,-0.594635
-0.091370,0.421982,0.561417,0.213181,-0.364334,-0.731430,-0.605820
-0.059387,0.542618,0.772827,0.455887,-0.169739,-0.635330,-0.610245
-0.128281,0.454788,0.703354,0.427094,-0.158249,-0.597580,-0.582626
-0.182953,0.242401,0.329849,-0.015198,-0.536774,-0.821091,-0.631989
-0.096848,0.397278,0.485474,0.095245,-0.486740,-0.820175,-0.641663
-0.044754,0.589691,0.830536,0.507553,-0.132889,-0.613159,-0.611404
-0.181839,0.319016,0.492996,0.198502,-0.335510,-0.681976,-0.560333
-0.045197,0.501389,0.679626,0.347336,-0.249542,-0.659302,-0.576935
-0.059677,0.533905,0.770432,0.465622,-0.150925,-0.610458,-0.592072
-0.152863,0.339981,0.491348,0.172516,-0.370972,-0.708267,-0.570694
-0.050507,0.481552,0.637573,0.293045,-0.293488,-0.676376,-0.568375
-0.032547,0.564789,0.796234,0.483459,-0.138062,-0.600555,-0.574371
-0.092285,0.490875,0.738571,0.455566,-0.141327,-0.591141,-0.574844
-0.151398,0.315094,0.440369,0.108368,-0.431564,-0.753601,-0.595032
-0.058929,0.478149,0.627441,0.272339,-0.323692,-0.708183,-0.591980
-0.043159,0.569016,0.810280,0.501366,-0.123161,-0.597435,-0.622955
-0.281937,0.088242,0.162056,-0.138855,-0.576645,-0.786713,-0.609001
-0.222862,0.042595,-0.027382,-0.401405,-0.805157,-0.894550,-0.534748
0.104073,0.667707,0.819845,0.462658,-0.140362,-0.545470,-0.482930
-0.030263,0.479798,0.681419,0.422112,-0.087824,-0.430977,-0.329529
0.151907,0.663101,0.816010,0.479118,-0.104771,-0.494835,-0.399811
0.119202,0.704750,0.930351,0.618599,0.000023,-0.460556,-0.435410
0.041710,0.617989,0.861763,0.577789,-0.017151,-0.467987,-0.447838
0.002853,0.532440,0.729965,0.432411,-0.132027,-0.526245,-0.449013
0.050430,0.621475,0.846397,0.542770,-0.061882,-0.512566,-0.484444
-0.013145,0.554436,0.787651,0.496155,-0.102325,-0.548843,-0.519516
-0.044098,0.527580,0.766808,0.485176,-0.099617,-0.535500,-0.516151
-0.110176,0.316513,0.398445,0.043037,-0.487839,-0.778442,-0.577988
0.020134,0.640137,0.863747,0.526604,-0.118095,-0.594780,-0.569954
-0.082367,0.509171,0.765152,0.487427,-0.107162,-0.561546,-0.561501
-0.159027,0.304245,0.451721,0.151497,-0.366714,-0.684830,-0.534111
0.014725,0.603462,0.816628,0.487671,-0.142059,-0.604889,-0.573158
-0.085579,0.501068,0.749283,0.465820,-0.130554,-0.580841,-0.557201
-0.085449,0.484547,0.725044,0.446636,-0.135937,-0.570595,-0.537327
-0.069714,0.489346,0.715099,0.422081,-0.173012,-0.614208,-0.580578
-0.104782,0.464336,0.697136,0.403290,-0.195553,-0.641436,-0.607563
-0.127619,0.450500,0.694170,0.411097,-0.182931,-0.628928,-0.608843
-0.172834,0.318790,0.471892,0.149891,-0.401613,-0.750755,-0.617103
-0.069539,0.527723,0.751287,0.429727,-0.196579,-0.657956,-0.624786
-0.136746,0.451350,0.701976,0.419933,-0.176003,-0.624868,-0.597862
-0.124723,0.445679,0.685606,0.403709,-0.183290,-0.619396,-0.586582
-0.124290,0.416807,0.618914,0.310295,-0.279734,-0.697342,-0.630562
-0.125816,0.463203,0.704979,0.410259,-0.194332,-0.645908,-0.616703
-0.138454,0.439941,0.686817,0.407898,-0.182011,-0.626862,-0.600754
-0.130459,0.436146,0.672314,0.386696,-0.200085,-0.636948,-0.600971
-0.125782,0.440792,0.671070,0.374729,-0.223648,-0.667114,-0.628895
-0.145611,0.433865,0.677906,0.395203,-0.197479,-0.643120,-0.616817
-0.159023,0.380554,0.586044,0.288589,-0.282555,-0.683403,-0.608810
-0.107067,0.469208,0.694447,0.387253,-0.222862,-0.672096,-0.634705
-0.147362,0.436134,0.683182,0.398575,-0.195992,-0.642517,-0.613197
-0.137756,0.437851,0.684895,0.409073,-0.175816,-0.617645,-0.592449
-0.126968,0.432915,0.658520,0.360477,-0.239582,-0.682762,-0.642296
-0.152885,0.431686,0.675896,0.389454,-0.209862,-0.658165,-0.627666
-0.147156,0.433483,0.681602,0.402943,-0.186714,-0.631306,-0.617641
-0.213387,0.211628,0.288975,-0.068020,-0.595573,-0.872124,-0.652851
-0.036072,0.597542,0.825867,0.488503,-0.158352,-0.635212,-0.608603
-0.117296,0.476961,0.734665,0.457680,-0.136183,-0.590813,-0.593937
-0.179949,0.330872,0.550844,0.303881,-0.212357,-0.579318,-0.499481
-0.014047,0.538245,0.741662,0.421625,-0.190475,-0.633870,-0.586793
-0.091815,0.496314,0.741105,0.452300,-0.146437,-0.595152,-0.566048
-0.088881,0.488436,0.735209,0.458134,-0.128981,-0.572042,-0.546127
-0.079937,0.480642,0.707905,0.413452,-0.182087,-0.619812,-0.577862
-0.093826,0.483459,0.720444,0.429760,-0.167904,-0.612621,-0.579556
-0.100410,0.476910,0.719784,0.438850,-0.151112,-0.595036,-0.568020
-0.107571,0.436581,0.646595,0.346779,-0.233551,-0.645462,-0.578903
-0.080250,0.497849,0.726841,0.424335,-0.182110,-0.630650,-0.594524
-0.109425,0.472824,0.718632,0.436695,-0.156208,-0.603050,-0.575020
-0.101841,0.472496,0.719254,0.446072,-0.135231,-0.576439,-0.552593
-0.091381,0.463287,0.683723,0.384460,-0.211929,-0.648548,-0.603539
-0.114513,0.465763,0.706688,0.416988,-0.180679,-0.630283,-0.622559
-0.195869,0.323639,0.543423,0.287491,-0.242516,-0.629944,-0.605545
-0.234596,0.177925,0.305405,0.025421,-0.446342,-0.716469,-0.530899
0.034897,0.624825,0.829376,0.491905,-0.142372,-0.602859,-0.565895
-0.073120,0.517700,0.770042,0.490669,-0.101662,-0.550873,-0.528122
-0.060188,0.509926,0.755424,0.482941,-0.097679,-0.538208,-0.515656
-0.056709,0.494743,0.713928,0.413429,-0.182243,-0.618149,-0.573418
-0.084671,0.494354,0.734024,0.445038,-0.150955,-0.595970,-0.565155
-0.088249,0.485886,0.732430,0.456108,-0.127327,-0.568703,-0.545021
-0.087875,0.455925,0.663635,0.357635,-0.234695,-0.658493,-0.598824
-0.098206,0.486717,0.725410,0.431541,-0.171234,-0.618088,-0.586159
-0.105209,0.471939,0.717583,0.437439,-0.150764,-0.599785,-0.608093
-0.234390,0.191589,0.320694,0.032547,-0.450241,-0.729324,-0.549706
0.013130,0.601097,0.804695,0.462364,-0.176712,-0.639023,-0.599953
-0.101181,0.496559,0.753815,0.475395,-0.119888,-0.571037,-0.549240
-0.080292,0.491814,0.739281,0.466797,-0.114792,-0.556282,-0.533699
-0.073746,0.479683,0.699852,0.400330,-0.197296,-0.633186,-0.588440
-0.098701,0.481308,0.721970,0.431999,-0.164963,-0.610939,-0.579117
-0.102180,0.473930,0.720482,0.444176,-0.141205,-0.583519,-0.564682
-0.132835,0.361488,0.524094,0.214432,-0.335594,-0.695004,-0.580322
-0.051559,0.532928,0.749691,0.428230,-0.196022,-0.651459,-0.614361
-0.120472,0.470482,0.723942,0.444702,-0.148460,-0.596539,-0.574612
-0.123108,0.410225,0.612453,0.316650,-0.249935,-0.656036,-0.616928
-0.192337,0.297741,0.482517,0.205574,-0.319851,-0.677341,-0.600803
-0.157684,0.335125,0.517715,0.241531,-0.282166,-0.641861,-0.588017
-0.207428,0.187294,0.288345,0.000736,-0.456123,-0.708546,-0.565975
-0.167789,0.164284,0.166161,-0.187485,-0.635521,-0.802025,-0.488380
0.178925,0.818626,1.024628,0.658279,-0.011467,-0.498329,-0.473846
0.017288,0.615265,0.877609,0.608131,0.020699,-0.429527,-0.423431
-0.004242,0.479485,0.636452,0.328018,-0.215927,-0.570297,-0.453583
0.071335,0.649048,0.860062,0.534836,-0.087296,-0.540649,-0.501511
-0.012451,0.572739,0.820450,0.538452,-0.054550,-0.502472,-0.480408
-0.022919,0.525116,0.745804,0.458504,-0.117256,-0.542236,-0.520866
-0.121689,0.312927,0.421257,0.091042,-0.432465,-0.731400,-0.547997
0.035172,0.648170,0.872665,0.545166,-0.088989,-0.556206,-0.534706
-0.074837,0.461899,0.662605,0.366264,-0.197937,-0.595825,-0.553459
-0.155937,0.254585,0.347847,0.034927,-0.446037,-0.701843,-0.492310
0.091354,0.686279,0.885048,0.534012,-0.110779,-0.581688,-0.574585
-0.144600,0.376205,0.598251,0.348450,-0.172562,-0.550110,-0.527649
-0.183044,0.180901,0.265121,-0.020599,-0.459961,-0.689186,-0.518753
-0.084167,0.288841,0.316605,-0.043633,-0.528503,-0.748123,-0.481247
0.156311,0.787041,1.001747,0.650856,-0.004547,-0.485016,-0.470787
-0.024002,0.484131,0.653572,0.341873,-0.210190,-0.577499,-0.503860
-0.097816,0.296722,0.362419,0.033905,-0.441025,-0.674248,-0.437462
0.167343,0.771477,0.968613,0.612045,-0.040184,-0.511650,-0.477753
0.014885,0.607521,0.862617,0.585960,-0.004669,-0.456116,-0.446335
-0.019585,0.479439,0.656456,0.359093,-0.188530,-0.561203,-0.494850
-0.078430,0.336143,0.406067,0.048523,-0.475677,-0.752831,-0.541992
0.056656,0.666428,0.878929,0.543457,-0.085907,-0.548378,-0.553417
-0.180397,0.233189,0.349014,0.061390,-0.404282,-0.665447,-0.511040
-0.067924,0.331112,0.388565,0.047977,-0.439903,-0.683025,-0.453117
0.148777,0.753944,0.954060,0.601418,-0.046921,-0.515503,-0.483635
0.006020,0.592770,0.843014,0.562527,-0.029938,-0.480268,-0.474266
-0.061022,0.415844,0.574814,0.277166,-0.252179,-0.595988,-0.480513
0.012887,0.522286,0.659768,0.299800,-0.296184,-0.679649,-0.562439
-0.014574,0.596650,0.841850,0.542691,-0.070223,-0.531046,-0.517853
-0.075993,0.441923,0.630825,0.333530,-0.223797,-0.607056,-0.528713
-0.059402,0.441761,0.591602,0.262447,-0.302025,-0.668915,-0.554806
-0.025650,0.560211,0.780281,0.465019,-0.149193,-0.599571,-0.572105
-0.125870,0.375885,0.536095,0.218185,-0.337082,-0.697769,-0.594131
-0.123177,0.349350,0.462044,0.118561,-0.423958,-0.746613,-0.600388
-0.071609,0.487495,0.684982,0.370796,-0.216949,-0.637177,-0.610123
-0.207230,0.252548,0.416092,0.146454,-0.344391,-0.664673,-0.586426
-0.213882,0.144547,0.208664,-0.090134,-0.524872,-0.726059,-0.479004
0.109604,0.675247,0.840103,0.480881,-0.143692,-0.575043,-0.510178
-0.004410,0.580704,0.815674,0.514191,-0.094193,-0.550507,-0.535797
-0.099243,0.409500,0.594208,0.302521,-0.243393,-0.612396,-0.518951
-0.033707,0.485199,0.646744,0.318451,-0.256897,-0.639465,-0.538940
-0.016403,0.568756,0.793991,0.482864,-0.128235,-0.578445,-0.547913
-0.083969,0.457779,0.661499,0.362289,-0.211594,-0.615158,-0.554016
-0.094894,0.398117,0.541855,0.213486,-0.342392,-0.694885,-0.575317
-0.078812,0.421951,0.550888,0.201035,-0.366364,-0.716614,-0.579178
-0.035690,0.540939,0.739166,0.406174,-0.209961,-0.646622,-0.604584
-0.159515,0.327408,0.478775,0.169708,-0.359222,-0.687943,-0.547745
-0.026917,0.508698,0.671188,0.333054,-0.254959,-0.650070,-0.575653
-0.098511,0.439728,0.646805,0.359695,-0.198273,-0.598770,-0.566803
-0.165909,0.297745,0.472961,0.215820,-0.272385,-0.593994,-0.488739
-0.017181,0.495956,0.680130,0.383011,-0.174133,-0.562103,-0.485519
0.007446,0.569138,0.780884,0.468140,-0.137741,-0.577896,-0.543251
-0.092819,0.411133,0.570572,0.249954,-0.308006,-0.672356,-0.576233
-0.117630,0.339737,0.443268,0.104378,-0.422836,-0.721542,-0.545731
-0.000351,0.539078,0.689705,0.339828,-0.252022,-0.639206,-0.534477
-0.010704,0.563950,0.772919,0.453499,-0.151161,-0.582306,-0.533836
-0.074600,0.431236,0.588638,0.267952,-0.287155,-0.647697,-0.558556
-0.123466,0.306694,0.394012,0.057625,-0.450508,-0.739090,-0.620621
-0.257050,0.027065,-0.005871,-0.350029,-0.745678,-0.852444,-0.544044
-0.004978,0.426624,0.481174,0.125975,-0.374437,-0.627060,-0.427085
0.094370,0.582729,0.700329,0.360695,-0.183900,-0.511581,-0.360607
0.186506,0.765705,0.970356,0.647602,0.035706,-0.409477,-0.371040
0.109486,0.678379,0.906036,0.610970,0.014801,-0.429451,-0.407661
0.039772,0.574905,0.793549,0.519836,-0.035637,-0.440514,-0.388512
0.083977,0.639046,0.863762,0.573593,-0.014786,-0.457169,-0.433533
0.024529,0.574104,0.790451,0.490051,-0.102592,-0.536499,-0.500534
-0.050766,0.456429,0.623962,0.310379,-0.246483,-0.614624,-0.515450
-0.026474,0.487335,0.639938,0.305695,-0.266754,-0.640572,-0.536274
-0.040264,0.478561,0.630276,0.289295,-0.291779,-0.670235,-0.563690
-0.059597,0.465298,0.619114,0.280220,-0.292923,-0.661572,-0.552143
-0.059841,0.441643,0.575203,0.230892,-0.332962,-0.688496,-0.592438
-0.161224,0.258259,0.342819,0.017376,-0.472092,-0.726547,-0.505917
0.093639,0.702354,0.909893,0.563644,-0.079334,-0.554317,-0.567852
-0.194454,0.239037,0.386307,0.124947,-0.335217,-0.603626,-0.429066
0.119946,0.696148,0.899799,0.574108,-0.046547,-0.503323,-0.477337
-0.006203,0.562191,0.799141,0.512318,-0.082508,-0.532242,-0.514898
-0.078690,0.423861,0.591679,0.280336,-0.272345,-0.635370,-0.526232
-0.014692,0.541008,0.735106,0.416578,-0.175471,-0.593143,-0.531323
-0.035419,0.540924,0.774031,0.479502,-0.120027,-0.570509,-0.545111
-0.077480,0.487455,0.720986,0.434697,-0.149825,-0.583478,-0.556051
-0.128401,0.340284,0.469679,0.137859,-0.407747,-0.740303,-0.600960
-0.093658,0.404144,0.518433,0.154060,-0.418922,-0.763954,-0.609623
-0.037666,0.577900,0.811783,0.491650,-0.143017,-0.615616,-0.601387
-0.151649,0.376038,0.570724,0.277218,-0.272442,-0.644188,-0.548573
-0.054337,0.482273,0.663322,0.341640,-0.240829,-0.641182,-0.560246
-0.052227,0.530258,0.762619,0.461494,-0.146523,-0.601501,-0.583481
-0.151482,0.332260,0.475601,0.150764,-0.394768,-0.732132,-0.590714
-0.052063,0.516830,0.711319,0.385361,-0.213066,-0.632172,-0.565910
-0.064613,0.518044,0.755463,0.460327,-0.140778,-0.591843,-0.567017
-0.097015,0.470261,0.704170,0.411415,-0.188293,-0.635040,-0.609833
-0.170708,0.320107,0.466537,0.141838,-0.408432,-0.751465,-0.616646
-0.096252,0.436989,0.592247,0.247955,-0.336403,-0.716148,-0.601112
-0.057343,0.546898,0.782257,0.470428,-0.154060,-0.621452,-0.610847
-0.188141,0.281517,0.413841,0.094688,-0.428589,-0.741943,-0.622643
-0.213318,0.125900,0.111404,-0.266251,-0.728310,-0.902832,-0.651798
-0.196903,0.089806,-0.013813,-0.438751,-0.874390,-0.953377,-0.524664
0.232244,0.907987,1.102812,0.707800,0.019414,-0.468353,-0.438899
0.034688,0.570351,0.756308,0.449244,-0.110943,-0.486313,-0.384548
0.134315,0.718735,0.948097,0.644947,0.035873,-0.422134,-0.402260
0.062805,0.627129,0.859055,0.568222,-0.030586,-0.479385,-0.458199
-0.017212,0.484207,0.647957,0.333557,-0.219231,-0.578468,-0.464607
0.043793,0.585632,0.759148,0.427063,-0.165726,-0.569489,-0.486076
0.028290,0.616081,0.847824,0.540215,-0.075218,-0.535606,-0.509285
-0.029999,0.549400,0.795303,0.512474,-0.082306,-0.532967,-0.516541
-0.083191,0.409683,0.564995,0.245163,-0.311043,-0.667786,-0.542648
-0.000610,0.597023,0.827789,0.513351,-0.109818,-0.573959,-0.549400
-0.069908,0.509712,0.752907,0.464470,-0.135857,-0.590054,-0.588844
-0.196930,0.238308,0.356060,0.045925,-0.450836,-0.739868,-0.614040
-0.218761,0.107510,0.098755,-0.259541,-0.701443,-0.855022,-0.527580
0.149490,0.791061,0.993065,0.617867,-0.062584,-0.559082,-0.545097
-0.069244,0.510666,0.761971,0.496208,-0.070908,-0.490257,-0.450630
0.000816,0.516502,0.694389,0.381294,-0.189743,-0.579758,-0.492493
0.018852,0.598778,0.823700,0.513241,-0.102077,-0.559418,-0.531052
-0.050713,0.528759,0.773758,0.489063,-0.106586,-0.556156,-0.531807
-0.061314,0.508411,0.749615,0.470921,-0.109985,-0.544945,-0.514912
-0.049530,0.506336,0.731855,0.437626,-0.157694,-0.600092,-0.567657
-0.092072,0.475863,0.708461,0.414414,-0.184627,-0.631685,-0.598004
-0.118250,0.457727,0.701226,0.419935,-0.165493,-0.601993,-0.578363
-0.149588,0.324123,0.457523,0.125767,-0.425636,-0.765881,-0.621460
-0.065178,0.536816,0.762135,0.440361,-0.190063,-0.655521,-0.626400
-0.139439,0.448566,0.700077,0.418911,-0.176155,-0.635880,-0.670410
-0.355888,-0.011963,0.054413,-0.235298,-0.654160,-0.841560,-0.599388
-0.045860,0.486023,0.644806,0.310829,-0.272095,-0.663132,-0.581745
-0.091835,0.460999,0.678635,0.392227,-0.178734,-0.594063,-0.570942
-0.174896,0.268341,0.409641,0.128685,-0.355778,-0.641426,-0.472218
0.078327,0.658989,0.862175,0.529198,-0.100620,-0.560612,-0.529015
-0.045475,0.535217,0.776539,0.487221,-0.112026,-0.562233,-0.534607
-0.059891,0.514019,0.757412,0.475029,-0.116367,-0.562698,-0.540024
-0.086811,0.446259,0.644318,0.339493,-0.239944,-0.646084,-0.570881
-0.063656,0.519997,0.750587,0.444778,-0.169830,-0.624500,-0.592503
-0.106609,0.478382,0.727879,0.444714,-0.152340,-0.602314,-0.588127
-0.175545,0.267475,0.367542,0.025238,-0.501450,-0.791805,-0.595013
-0.002468,0.613964,0.834049,0.496334,-0.147942,-0.621277,-0.593121
-0.102242,0.489635,0.742054,0.458847,-0.139221,-0.590210,-0.565308
-0.091328,0.482826,0.727448,0.448238,-0.141964,-0.586128,-0.559353
-0.091331,0.473991,0.706936,0.416157,-0.180618,-0.624458,-0.589542
-0.110519,0.463753,0.700684,0.407021,-0.193588,-0.641224,-0.607136
-0.125027,0.456215,0.702980,0.421017,-0.172890,-0.620716,-0.593662
-0.121452,0.449982,0.689957,0.407127,-0.179817,-0.616844,-0.583000
-0.109909,0.454567,0.682777,0.386330,-0.213127,-0.656685,-0.619537
-0.136345,0.443047,0.686996,0.401276,-0.193420,-0.640083,-0.610886
-0.135574,0.436981,0.678062,0.397316,-0.187569,-0.622559,-0.588631
-0.117424,0.445198,0.671555,0.374268,-0.225052,-0.667496,-0.628265
-0.144958,0.433571,0.674713,0.386208,-0.211243,-0.657692,-0.625366
-0.146942,0.430649,0.676720,0.397011,-0.191727,-0.648109,-0.697876
-0.429703,-0.154152,-0.140854,-0.436256,-0.810921,-0.923256,-0.600830
0.019524,0.590263,0.753357,0.393364,-0.227070,-0.653332,-0.600990
-0.135948,0.401035,0.620556,0.355556,-0.183441,-0.573936,-0.543789
-0.163246,0.257792,0.389788,0.113295,-0.356005,-0.626628,-0.445467
0.111061,0.690810,0.887231,0.542661,-0.095719,-0.556380,-0.518609
-0.024075,0.568487,0.819614,0.536098,-0.061317,-0.512644,-0.490044
-0.021286,0.550617,0.794949,0.519348,-0.065338,-0.507954,-0.484539
-0.022785,0.532410,0.755306,0.457497,-0.139420,-0.577541,-0.536968
-0.052345,0.523560,0.761120,0.468079,-0.130955,-0.578014,-0.545319
-0.066547,0.509422,0.751934,0.468678,-0.122612,-0.567856,-0.543129
-0.090809,0.437469,0.629803,0.324192,-0.249184,-0.643459,-0.559429
-0.047367,0.535221,0.762794,0.453999,-0.157711,-0.610493,-0.577599
-0.092770,0.488232,0.734749,0.450588,-0.143547,-0.590637,-0.563824
-0.090885,0.483219,0.730721,0.456318,-0.126194,-0.572510,-0.569347
-0.152069,0.354198,0.554028,0.270508,-0.282928,-0.675995,-0.622986
-0.176811,0.336605,0.538643,0.265118,-0.272549,-0.653900,-0.608814
-0.197842,0.272888,0.457050,0.201962,-0.292038,-0.630119,-0.568527
-0.180267,0.244514,0.388035,0.120029,-0.353550,-0.639160,-0.473827
0.072884,0.652679,0.855988,0.522148,-0.107544,-0.565460,-0.529846
-0.039398,0.547157,0.798203,0.518509,-0.075119,-0.524635,-0.502197
-0.036522,0.531342,0.775581,0.501854,-0.079025,-0.520790,-0.499466
-0.041733,0.509476,0.727455,0.423798,-0.177925,-0.619835,-0.577148
-0.087494,0.497314,0.741737,0.454529,-0.142632,-0.591743,-0.563026
-0.087219,0.488747,0.737114,0.463570,-0.121025,-0.565498,-0.542931
-0.081036,0.474308,0.696384,0.397770,-0.200909,-0.638817,-0.596069
-0.107330,0.472664,0.713306,0.422348,-0.175591,-0.622532,-0.590691
-0.111786,0.465305,0.709904,0.430679,-0.157581,-0.601780,-0.583820
-0.149921,0.351326,0.517868,0.201363,-0.362282,-0.733225,-0.618248
-0.080399,0.517981,0.750465,0.439699,-0.178844,-0.636436,-0.604404
-0.120424,0.463646,0.713213,0.433047,-0.159078,-0.605146,-0.579277
-0.108244,0.462996,0.708638,0.435328,-0.147076,-0.589374,-0.565629
-0.104516,0.450059,0.671376,0.372016,-0.224471,-0.661181,-0.617240
-0.128294,0.451909,0.693738,0.406886,-0.188931,-0.633771,-0.603750
-0.127623,0.446715,0.693476,0.417369,-0.165850,-0.607975,-0.586985
-0.147154,0.359972,0.527451,0.204063,-0.370308,-0.751879,-0.644499
-0.108315,0.493301,0.730951,0.426281,-0.188171,-0.644640,-0.615398
-0.134182,0.449104,0.698872,0.422817,-0.165234,-0.609219,-0.584217
-0.119896,0.442738,0.678879,0.401043,-0.179981,-0.617977,-0.604614
-0.179173,0.333233,0.535244,0.253883,-0.297405,-0.688343,-0.635178
-0.193729,0.313053,0.511448,0.239208,-0.292305,-0.667549,-0.622276
-0.223808,0.226723,0.393806,0.138405,-0.341248,-0.657286,-0.577763
-0.181496,0.243408,0.378262,0.101669,-0.376514,-0.661797,-0.493201
0.059670,0.643617,0.850063,0.518363,-0.110191,-0.567949,-0.533161
-0.045484,0.542239,0.795411,0.521736,-0.063972,-0.511508,-0.495895
-0.057500,0.457957,0.648323,0.353456,-0.205374,-0.592077,-0.511293
-0.011248,0.556499,0.772299,0.457689,-0.152945,-0.598799,-0.558071
-0.069386,0.513479,0.757935,0.473677,-0.119579,-0.564823,-0.536188
-0.065351,0.502760,0.744316,0.465977,-0.119463,-0.559889,-0.534294
-0.070375,0.485020,0.706169,0.406637,-0.191002,-0.628859,-0.585083
-0.097281,0.482759,0.722469,0.434490,-0.161470,-0.606459,-0.575609
-0.098667,0.475496,0.720127,0.442883,-0.141466,-0.583738,-0.563877
-0.127119,0.377935,0.556055,0.255902,-0.293502,-0.666946,-0.580825
-0.095012,0.448879,0.649846,0.341065,-0.249125,-0.675687,-0.650008
-0.229935,0.267393,0.472052,0.222623,-0.281399,-0.636244,-0.595174
-0.238960,0.134545,0.228254,-0.050024,-0.486885,-0.710697,-0.487047
0.094986,0.682430,0.870855,0.514458,-0.131733,-0.593288,-0.551517
-0.050087,0.545410,0.799446,0.518814,-0.075737,-0.525200,-0.503685
-0.036976,0.529972,0.771347,0.495754,-0.086971,-0.526661,-0.503277
-0.050339,0.491241,0.711399,0.428459,-0.143955,-0.564632,-0.520447
-0.046898,0.511200,0.730137,0.427437,-0.173347,-0.613342,-0.571690
-0.085018,0.494877,0.739326,0.457993,-0.132366,-0.576687,-0.555927
-0.110466,0.408092,0.597633,0.300980,-0.255707,-0.639303,-0.554457
-0.050377,0.520395,0.736267,0.420759,-0.190760,-0.636509,-0.594692
-0.103949,0.479986,0.727459,0.446198,-0.143112,-0.588346,-0.571417
-0.133657,0.380201,0.572906,0.283294,-0.266412,-0.648947,-0.581602
-0.133924,0.342888,0.474474,0.139943,-0.414210,-0.755233,-0.607676
-0.044382,0.566509,0.802596,0.491483,-0.128386,-0.589256,-0.566336
-0.096273,0.469121,0.703109,0.420205,-0.159983,-0.595201,-0.593736
-0.218173,0.205753,0.333784,0.052391,-0.421751,-0.695212,-0.515874
0.039833,0.619757,0.816361,0.473937,-0.159376,-0.615008,-0.574198
-0.081526,0.502363,0.746861,0.463620,-0.124721,-0.564115,-0.540426
-0.105741,0.386516,0.545116,0.233437,-0.312737,-0.666376,-0.553794
-0.062274,0.437463,0.561477,0.197944,-0.386908,-0.746634,-0.602962
-0.033752,0.588858,0.833622,0.528173,-0.089994,-0.553089,-0.533358
-0.061575,0.512352,0.759672,0.487041,-0.094696,-0.534389,-0.516863
-0.084377,0.415461,0.588406,0.285071,-0.267488,-0.640156,-0.542527
-0.028716,0.545837,0.763498,0.449760,-0.161963,-0.613778,-0.607273
-0.206204,0.254709,0.408642,0.123607,-0.379548,-0.698362,-0.603027
-0.205737,0.172330,0.235397,-0.078125,-0.530373,-0.743061,-0.493731
0.114723,0.716627,0.908630,0.547960,-0.106371,-0.574053,-0.536396
-0.037086,0.559227,0.816029,0.540089,-0.051773,-0.501503,-0.482208
-0.021610,0.541233,0.783424,0.511562,-0.064529,-0.501564,-0.479454
-0.023880,0.530079,0.763466,0.485821,-0.093079,-0.529953,-0.505730
-0.049034,0.500179,0.719107,0.421276,-0.172726,-0.610886,-0.573273
-0.103300,0.446381,0.658943,0.363607,-0.215221,-0.629551,-0.576136
-0.116870,0.387048,0.547437,0.228741,-0.328292,-0.691710,-0.576120
-0.044506,0.543783,0.764314,0.447558,-0.169106,-0.619958,-0.583201
-0.096495,0.484413,0.729866,0.447575,-0.143728,-0.588009,-0.568182
-0.130482,0.371600,0.542869,0.237883,-0.310448,-0.675014,-0.573257
-0.080743,0.442444,0.606293,0.279296,-0.295732,-0.687733,-0.633665
-0.210854,0.264767,0.438154,0.168486,-0.337029,-0.675764,-0.611893
-0.239916,0.134559,0.220438,-0.064618,-0.502336,-0.722112,-0.514967
0.005793,0.499336,0.625016,0.282656,-0.274394,-0.622213,-0.486294
0.059591,0.652240,0.872190,0.550938,-0.070200,-0.525497,-0.492182
-0.009880,0.568607,0.812624,0.531828,-0.057032,-0.499878,-0.476692
-0.020054,0.524218,0.743124,0.457968,-0.114693,-0.533670,-0.488779
-0.015512,0.540348,0.754137,0.447304,-0.152693,-0.590937,-0.546574
-0.060152,0.517542,0.756874,0.471445,-0.121019,-0.565477,-0.543877
-0.106375,0.394530,0.562676,0.256545,-0.290969,-0.652776,-0.551219
-0.069646,0.430000,0.567596,0.228265,-0.335542,-0.692977,-0.567551
-0.034982,0.537651,0.738763,0.411559,-0.195922,-0.626928,-0.583200
-0.137439,0.347241,0.491504,0.174415,-0.360508,-0.690296,-0.550171
-0.028430,0.505152,0.664644,0.324533,-0.261545,-0.648872,-0.547212
-0.019641,0.570499,0.796765,0.485689,-0.127308,-0.578439,-0.548799
-0.084777,0.459005,0.667674,0.372383,-0.199564,-0.608056,-0.562530
-0.128662,0.351068,0.507028,0.209338,-0.316133,-0.650235,-0.519273
0.013891,0.598825,0.823835,0.516393,-0.092032,-0.548402,-0.526888
-0.061155,0.500919,0.730637,0.440568,-0.148676,-0.584079,-0.551552
-0.102245,0.410357,0.586185,0.277897,-0.279572,-0.654173,-0.559435
-0.067038,0.463840,0.639215,0.316797,-0.260536,-0.652870,-0.568869
-0.077343,0.456581,0.629114,0.299000,-0.286934,-0.678997,-0.587885
-0.093220,0.436007,0.603888,0.276981,-0.294056,-0.671352,-0.581238
-0.121738,0.339439,0.441864,0.094067,-0.443926,-0.762096,-0.662207
-0.311176,-0.057055,-0.129461,-0.498064,-0.887640,-0.962000,-0.608778
-0.040916,0.385048,0.403744,0.011074,-0.501057,-0.738906,-0.524275
-0.029297,0.390850,0.443825,0.094875,-0.390545,-0.616592,-0.363918
0.255642,0.867546,1.070419,0.722450,0.081650,-0.384369,-0.354858
0.127556,0.703209,0.938530,0.646172,0.048775,-0.395721,-0.368324
0.097359,0.659363,0.895813,0.618256,0.041382,-0.393509,-0.367340
0.091263,0.643311,0.873825,0.593307,0.011559,-0.427185,-0.404831
0.049995,0.601250,0.829018,0.543846,-0.043503,-0.486801,-0.466995
-0.025429,0.489265,0.672028,0.365723,-0.198586,-0.583885,-0.502686
-0.023712,0.490929,0.650208,0.320633,-0.253052,-0.631035,-0.530853
-0.029167,0.507980,0.683701,0.355766,-0.229980,-0.626740,-0.543228
-0.045349,0.501701,0.689178,0.367035,-0.218826,-0.620590,-0.543987
-0.064678,0.452255,0.612839,0.285530,-0.282970,-0.654827,-0.543701
-0.013584,0.576145,0.807865,0.505119,-0.101578,-0.555260,-0.533033
-0.065619,0.500077,0.736314,0.448796,-0.146710,-0.601991,-0.621382
-0.255736,0.180828,0.338963,0.079588,-0.393250,-0.683978,-0.525659
0.016062,0.594824,0.805906,0.484667,-0.132542,-0.587843,-0.559406
-0.083878,0.489857,0.732109,0.449577,-0.142944,-0.591358,-0.570747
-0.120548,0.409538,0.608555,0.310543,-0.256283,-0.650894,-0.576965
-0.089561,0.456886,0.654526,0.344391,-0.239319,-0.650673,-0.584541
-0.088264,0.489433,0.723892,0.432663,-0.164566,-0.612762,-0.588020
-0.121033,0.442291,0.673256,0.379555,-0.219147,-0.665855,-0.639641
-0.199509,0.293289,0.443642,0.120865,-0.429443,-0.775436,-0.646469
-0.140671,0.363480,0.488937,0.134659,-0.434174,-0.780960,-0.636169
-0.094162,0.466339,0.643723,0.302780,-0.300705,-0.719940,-0.685028
-0.290970,0.126892,0.241104,-0.042236,-0.496826,-0.736237,-0.535858
0.001633,0.526413,0.676208,0.334290,-0.246742,-0.630051,-0.533195
-0.024063,0.547806,0.771599,0.476631,-0.114540,-0.548935,-0.508575
-0.030029,0.537895,0.767555,0.471558,-0.126495,-0.571609,-0.545769
-0.102119,0.405861,0.581009,0.274002,-0.282188,-0.650650,-0.542984
-0.016304,0.572952,0.803230,0.499054,-0.110039,-0.565109,-0.539383
-0.067520,0.501610,0.734413,0.440559,-0.161217,-0.609039,-0.582954
-0.133194,0.377914,0.550308,0.240578,-0.311470,-0.672890,-0.560204
-0.051003,0.493599,0.673775,0.347321,-0.239876,-0.641991,-0.558884
-0.046768,0.538803,0.771294,0.468338,-0.142471,-0.598267,-0.571289
-0.095253,0.480942,0.723671,0.443573,-0.140678,-0.582848,-0.598045
-0.263405,0.090683,0.150505,-0.162315,-0.609940,-0.833664,-0.693893
-0.398064,-0.264053,-0.436890,-0.820004,-1.130154,-1.072067,-0.589542
0.080067,0.567772,0.604649,0.185041,-0.387013,-0.683276,-0.480637
0.081552,0.618088,0.759006,0.413170,-0.151251,-0.496624,-0.351467
0.206482,0.811062,1.041836,0.729324,0.108032,-0.356232,-0.340614
0.124130,0.688126,0.919716,0.627571,0.029404,-0.419746,-0.394035
0.077797,0.645889,0.882530,0.599289,0.013863,-0.421692,-0.391289
0.074448,0.632591,0.863281,0.578064,-0.007378,-0.445869,-0.420326
0.039619,0.593994,0.819969,0.528130,-0.064827,-0.508812,-0.480888
-0.011742,0.552727,0.784813,0.493179,-0.104462,-0.551125,-0.529755
-0.093460,0.398438,0.550819,0.231018,-0.316360,-0.661430,-0.535477
-0.025826,0.494804,0.640488,0.290596,-0.296371,-0.673836,-0.557518
-0.014442,0.588135,0.820854,0.505432,-0.119690,-0.584785,-0.559219
-0.077751,0.505783,0.753830,0.474110,-0.113674,-0.572052,-0.644321
-0.443371,-0.266651,-0.328808,-0.630581,-0.940247,-0.966667,-0.638210
-0.169102,0.147312,0.120972,-0.232296,-0.652615,-0.798492,-0.535683
-0.026176,0.423996,0.537964,0.237724,-0.249268,-0.525711,-0.339600
0.230614,0.825851,1.037605,0.706253,0.075081,-0.390182,-0.365784
0.110596,0.685143,0.925247,0.638596,0.041000,-0.411514,-0.391068
0.073578,0.637497,0.869980,0.578735,-0.019516,-0.467758,-0.441132
0.031601,0.601562,0.841049,0.560638,-0.022957,-0.459625,-0.431290
0.031418,0.586571,0.813332,0.523247,-0.067009,-0.508301,-0.479668
-0.012749,0.545609,0.771645,0.474983,-0.125679,-0.573372,-0.541313
-0.063164,0.511208,0.752129,0.465351,-0.130405,-0.581051,-0.577297
-0.188728,0.222691,0.302193,-0.038021,-0.541142,-0.802277,-0.579462
0.027147,0.644815,0.858309,0.511127,-0.140577,-0.618341,-0.589696
-0.098331,0.495006,0.749842,0.468058,-0.130560,-0.584043,-0.571383
-0.149571,0.317239,0.443801,0.110155,-0.431398,-0.767744,-0.675123
-0.275627,0.110497,0.191319,-0.107533,-0.554028,-0.774681,-0.562542
-0.028034,0.497692,0.662094,0.338570,-0.234009,-0.623585,-0.563221
-0.122467,0.375809,0.567715,0.300755,-0.217720,-0.568340,-0.463524
0.044701,0.609798,0.818085,0.499931,-0.110317,-0.554817,-0.513729
-0.025673,0.552654,0.788704,0.492207,-0.113182,-0.567516,-0.539101
-0.061646,0.516930,0.761040,0.476440,-0.119110,-0.568581,-0.550968
-0.120346,0.362022,0.505947,0.181686,-0.363274,-0.702026,-0.560051
-0.009125,0.587555,0.809555,0.485458,-0.143364,-0.608223,-0.579491
-0.094872,0.488846,0.735130,0.448776,-0.148499,-0.599678,-0.573013
-0.099236,0.474724,0.719147,0.438766,-0.150642,-0.598900,-0.604500
-0.250580,0.107956,0.137032,-0.221878,-0.705399,-0.917801,-0.637894
0.016510,0.662987,0.883530,0.528687,-0.136467,-0.626587,-0.609207
-0.127045,0.461075,0.719543,0.451126,-0.130333,-0.587326,-0.649429
-0.402275,-0.131927,-0.100357,-0.364960,-0.715958,-0.825356,-0.534218
0.025826,0.531921,0.661247,0.314682,-0.260216,-0.635483,-0.552155
-0.093521,0.413673,0.606598,0.334785,-0.187531,-0.551727,-0.496498
-0.089165,0.368179,0.536133,0.275719,-0.209904,-0.520161,-0.386097
0.133518,0.692310,0.885548,0.548565,-0.078392,-0.533596,-0.493355
-0.002232,0.583042,0.827919,0.540161,-0.059502,-0.512081,-0.487793
-0.018341,0.552299,0.794399,0.512684,-0.077080,-0.521801,-0.497540
-0.031036,0.530815,0.761288,0.471958,-0.119484,-0.558048,-0.523773
-0.050278,0.514606,0.742218,0.443230,-0.157787,-0.602898,-0.566315
-0.084667,0.493179,0.734623,0.449333,-0.145920,-0.593132,-0.565472
-0.093643,0.473499,0.704346,0.410507,-0.187347,-0.630302,-0.602318
-0.140907,0.411041,0.635620,0.349266,-0.230423,-0.651474,-0.596893
-0.104240,0.474739,0.711456,0.419525,-0.180344,-0.632126,-0.622658
-0.190338,0.336708,0.562004,0.303719,-0.233505,-0.622231,-0.556145
-0.071632,0.485619,0.698837,0.388519,-0.216881,-0.658508,-0.614563
-0.125610,0.454597,0.693504,0.402779,-0.196884,-0.642593,-0.610504
-0.132332,0.444038,0.686951,0.405083,-0.184822,-0.627708,-0.599663
-0.129395,0.436203,0.669426,0.381859,-0.206856,-0.643669,-0.607651
-0.131439,0.435181,0.664520,0.368225,-0.230103,-0.672546,-0.634277
-0.150955,0.428558,0.671661,0.387054,-0.206528,-0.651108,-0.620834
-0.147385,0.427246,0.674286,0.400421,-0.180573,-0.621475,-0.597321
-0.135788,0.418228,0.638992,0.337143,-0.263763,-0.704849,-0.661316
-0.169861,0.415787,0.662018,0.375641,-0.221664,-0.668930,-0.638397
-0.160782,0.417984,0.666183,0.389572,-0.197083,-0.643585,-0.654266
-0.317093,0.007278,0.000565,-0.375229,-0.845184,-1.042175,-0.839752
-0.424194,-0.084641,-0.034309,-0.304741,-0.671288,-0.808807,-0.580681
-0.131905,0.261047,0.352509,0.071995,-0.367104,-0.605846,-0.467319
-0.081938,0.255991,0.293920,-0.013269,-0.435814,-0.609317,-0.329973
0.293550,0.894733,1.078182,0.705109,0.040409,-0.437561,-0.403286
0.094597,0.691444,0.947769,0.667435,0.071198,-0.383865,-0.366936
0.095200,0.661507,0.906128,0.633736,0.054161,-0.388290,-0.369606
0.082550,0.627243,0.839722,0.534500,-0.064880,-0.502533,-0.458557
0.028427,0.606674,0.845551,0.554779,-0.042984,-0.491730,-0.464630
0.008591,0.580017,0.822906,0.544891,-0.041214,-0.484268,-0.470062
-0.046753,0.432281,0.580688,0.264771,-0.281693,-0.632706,-0.508728
0.027267,0.613068,0.829147,0.504089,-0.121811,-0.578873,-0.542419
-0.051147,0.536240,0.786148,0.503387,-0.091324,-0.545837,-0.555679
-0.173737,0.275055,0.428680,0.152130,-0.340652,-0.646286,-0.495895
0.043823,0.619614,0.821884,0.485092,-0.143631,-0.598618,-0.556198
-0.060959,0.528397,0.776352,0.491669,-0.105927,-0.559387,-0.547676
-0.104347,0.435532,0.666702,0.402504,-0.150360,-0.566322,-0.559456
-0.186348,0.244896,0.386040,0.102982,-0.391380,-0.690735,-0.529243
0.023437,0.612076,0.823181,0.493164,-0.135666,-0.594673,-0.560135
-0.071732,0.514763,0.767700,0.490860,-0.098946,-0.545662,-0.525322
-0.063683,0.500198,0.739510,0.464813,-0.117020,-0.557777,-0.533485
-0.074768,0.477432,0.696388,0.395660,-0.200230,-0.637329,-0.593777
-0.106197,0.471672,0.711185,0.423016,-0.173134,-0.617332,-0.591560
-0.139172,0.384296,0.574804,0.273251,-0.291216,-0.684467,-0.637501
-0.240282,0.162136,0.233706,-0.105570,-0.601887,-0.854322,-0.636551
-0.058369,0.525288,0.726580,0.403463,-0.198013,-0.629906,-0.606586
-0.200575,0.261330,0.425030,0.155531,-0.332233,-0.647526,-0.564331
-0.192751,0.154961,0.199667,-0.111534,-0.544876,-0.733944,-0.465122
0.153858,0.758373,0.947094,0.580238,-0.079250,-0.551067,-0.514584
-0.015469,0.581635,0.837257,0.559170,-0.033848,-0.484726,-0.465591
-0.004177,0.559467,0.798546,0.521648,-0.061398,-0.501411,-0.478344
-0.018894,0.532066,0.749790,0.447830,-0.150261,-0.587601,-0.544292
-0.057938,0.518711,0.757008,0.466644,-0.129730,-0.576107,-0.545662
-0.071081,0.501719,0.745968,0.467367,-0.118332,-0.560968,-0.540493
-0.099224,0.417130,0.607418,0.312478,-0.243488,-0.629301,-0.548606
-0.049618,0.517085,0.729903,0.413323,-0.201210,-0.652874,-0.625705
-0.164119,0.383120,0.604990,0.327673,-0.232316,-0.642626,-0.625264
-0.258356,0.133560,0.230862,-0.061432,-0.519991,-0.769209,-0.604898
-0.135359,0.329914,0.467648,0.162644,-0.355417,-0.687055,-0.598567
-0.181695,0.263624,0.418704,0.158242,-0.312757,-0.611438,-0.520580
-0.146294,0.207995,0.265072,-0.040717,-0.480426,-0.695345,-0.511711
-0.082605,0.268373,0.283100,-0.059772,-0.504974,-0.686268,-0.398029
0.239201,0.853973,1.045036,0.672668,0.006725,-0.475399,-0.454025
0.022293,0.596802,0.845665,0.579422,0.010841,-0.423637,-0.433189
-0.078339,0.328957,0.455139,0.181656,-0.281731,-0.552376,-0.388817
0.131699,0.669907,0.843719,0.507034,-0.099121,-0.520035,-0.450699
0.056549,0.645096,0.887344,0.596977,-0.001373,-0.452660,-0.434914
0.013397,0.547462,0.754295,0.464989,-0.102997,-0.510506,-0.462067
-0.022408,0.455246,0.596428,0.275299,-0.268532,-0.614967,-0.487450
0.046211,0.628700,0.840538,0.513206,-0.113945,-0.575203,-0.556564
-0.106384,0.429550,0.647057,0.371262,-0.180397,-0.581474,-0.555954
-0.180973,0.222839,0.331913,0.042480,-0.423027,-0.688908,-0.542095
-0.082092,0.380558,0.520569,0.218788,-0.299992,-0.630398,-0.537769
-0.118755,0.304264,0.413803,0.112122,-0.372368,-0.655113,-0.532833
-0.139126,0.208038,0.239498,-0.083855,-0.519478,-0.704952,-0.455029
0.081741,0.548168,0.626465,0.253754,-0.299187,-0.609726,-0.430031
0.141640,0.730530,0.925262,0.581947,-0.045441,-0.490326,-0.445724
0.013573,0.513603,0.661324,0.331039,-0.226753,-0.582146,-0.477180
-0.021530,0.423119,0.514038,0.172409,-0.345818,-0.631721,-0.436401
0.147827,0.751114,0.960106,0.618217,-0.023384,-0.490173,-0.462387
0.005638,0.550446,0.756210,0.456078,-0.118729,-0.524208,-0.463013
-0.007774,0.479439,0.617409,0.288200,-0.263630,-0.618977,-0.544224
-0.171246,0.156361,0.158688,-0.189617,-0.630417,-0.802448,-0.547977
-0.028175,0.416576,0.490013,0.136925,-0.379955,-0.664513,-0.520596
-0.095684,0.272625,0.311363,-0.018471,-0.464424,-0.661118,-0.431114
0.066383,0.482185,0.524971,0.156158,-0.354820,-0.607178,-0.372757
0.240440,0.857765,1.066002,0.714554,0.064453,-0.415657,-0.424522
-0.033829,0.412872,0.555626,0.269257,-0.223518,-0.524261,-0.402260
0.034119,0.451859,0.532707,0.200630,-0.300316,-0.571060,-0.374405
0.189651,0.752441,0.916420,0.551414,-0.078896,-0.511047,-0.440155
0.077415,0.675217,0.919800,0.627831,0.023972,-0.431793,-0.418480
0.017616,0.527855,0.711094,0.412079,-0.143059,-0.525131,-0.448563
0.012142,0.499889,0.635452,0.301903,-0.257158,-0.612835,-0.491537
0.034000,0.599657,0.795797,0.465613,-0.144829,-0.579754,-0.536009
-0.086334,0.407101,0.558077,0.239817,-0.305066,-0.655474,-0.565083
-0.140471,0.273449,0.352493,0.018654,-0.478157,-0.758442,-0.661057
-0.363285,-0.163883,-0.243622,-0.567711,-0.887775,-0.903030,-0.521523
0.048962,0.466770,0.475418,0.071808,-0.453129,-0.703674,-0.497723
0.003300,0.439198,0.507771,0.161575,-0.337734,-0.590242,-0.369654
0.208351,0.767374,0.922739,0.562874,-0.050625,-0.464180,-0.387558
0.101507,0.631014,0.796213,0.460762,-0.126579,-0.518108,-0.437233
0.019922,0.486572,0.599277,0.260668,-0.273132,-0.585218,-0.423664
0.106598,0.632000,0.773603,0.420631,-0.166485,-0.547043,-0.440643
0.075006,0.634764,0.829939,0.508556,-0.090240,-0.515587,-0.463337
0.004520,0.527676,0.705154,0.386761,-0.189522,-0.582779,-0.510445
-0.056858,0.417011,0.540787,0.208271,-0.334129,-0.667427,-0.561058
-0.153816,0.195045,0.192062,-0.181046,-0.649353,-0.839844,-0.586090
-0.055267,0.399429,0.473938,0.118988,-0.397789,-0.673447,-0.503136
-0.021797,0.420967,0.510010,0.175316,-0.332130,-0.606377,-0.404396
0.180573,0.785561,1.002090,0.670593,0.036362,-0.434868,-0.419296
0.049316,0.619118,0.858421,0.574905,-0.017639,-0.464142,-0.442627
0.019188,0.576393,0.805176,0.517105,-0.072128,-0.510460,-0.479874
-0.011986,0.549278,0.783073,0.499969,-0.086288,-0.528511,-0.504707
-0.044510,0.510117,0.739288,0.449661,-0.141098,-0.584854,-0.563522
-0.122375,0.385071,0.556763,0.245361,-0.314209,-0.685989,-0.590424
-0.110870,0.383850,0.513641,0.166595,-0.399979,-0.750366,-0.624786
-0.136002,0.330750,0.412338,0.035110,-0.522263,-0.831314,-0.637421
-0.036011,0.591156,0.820908,0.491791,-0.143951,-0.618607,-0.634735
-0.274628,0.117386,0.205978,-0.097855,-0.559052,-0.804047,-0.669724
-0.345123,-0.163086,-0.304947,-0.696457,-1.050095,-1.061478,-0.693680
-0.243210,-0.057556,-0.262268,-0.710175,-1.072845,-1.038467,-0.552109
0.121292,0.598099,0.619293,0.203674,-0.335129,-0.581856,-0.321358
0.317673,0.944954,1.153282,0.803871,0.159676,-0.308739,-0.281624
0.197441,0.773663,1.016376,0.732311,0.138226,-0.314713,-0.299599
0.153900,0.704796,0.928288,0.637878,0.052176,-0.381704,-0.353556
0.090405,0.598658,0.772100,0.460443,-0.105274,-0.490026,-0.403419
0.102381,0.677765,0.904043,0.604679,0.002295,-0.450058,-0.430439
0.029495,0.586788,0.814686,0.520845,-0.077030,-0.525881,-0.504730
-0.066704,0.430805,0.589725,0.272491,-0.280163,-0.636326,-0.527222
-0.055756,0.399693,0.480808,0.107006,-0.447968,-0.755619,-0.574997
-0.029724,0.485184,0.593948,0.210419,-0.383507,-0.738552,-0.581455
0.002029,0.631943,0.876125,0.562283,-0.063232,-0.546310,-0.618641
-0.388462,-0.160324,-0.176430,-0.461899,-0.793514,-0.871006,-0.632233
-0.330109,-0.261166,-0.505314,-0.910240,-1.183403,-1.069124,-0.588541
-0.035110,0.277922,0.205240,-0.180285,-0.595464,-0.687428,-0.299932
0.391687,0.986115,1.111095,0.692776,0.035000,-0.391182,-0.291931
0.256660,0.876366,1.130913,0.835106,0.218636,-0.253571,-0.248764
0.204277,0.761543,0.992317,0.701309,0.103279,-0.347710,-0.324799
0.138382,0.694000,0.919235,0.630569,0.050476,-0.377823,-0.339279
0.130615,0.687996,0.914986,0.626091,0.037979,-0.404137,-0.382202
0.075150,0.625961,0.850357,0.555977,-0.039505,-0.486000,-0.459587
0.007088,0.570084,0.801674,0.509552,-0.087601,-0.536713,-0.521675
-0.113144,0.322922,0.415115,0.067928,-0.458717,-0.755875,-0.615631
-0.201187,0.120636,0.080128,-0.312565,-0.768028,-0.907692,-0.551804
0.153458,0.814171,1.020485,0.639797,-0.050009,-0.553822,-0.535372
-0.040445,0.561295,0.822493,0.546026,-0.046358,-0.507349,-0.551944
-0.253275,0.086650,0.168575,-0.101836,-0.515270,-0.711960,-0.492683
0.038141,0.553371,0.705414,0.370609,-0.210217,-0.602114,-0.527450
-0.051044,0.487424,0.697660,0.413682,-0.145107,-0.543499,-0.473328
0.022057,0.595921,0.825588,0.531549,-0.063597,-0.504862,-0.476198
-0.009251,0.550117,0.776165,0.482456,-0.114307,-0.559120,-0.530064
-0.058804,0.505814,0.737076,0.442673,-0.156723,-0.603157,-0.573746
-0.108971,0.439468,0.653732,0.362030,-0.209282,-0.616173,-0.554413
-0.066368,0.500237,0.725655,0.426437,-0.171867,-0.616241,-0.586746
-0.115044,0.449051,0.677856,0.381012,-0.219803,-0.666672,-0.632782
-0.150879,0.426270,0.668961,0.383957,-0.210999,-0.660843,-0.650421
-0.233765,0.238708,0.385544,0.072968,-0.462357,-0.795441,-0.648819
-0.094254,0.506058,0.730667,0.406265,-0.224823,-0.689941,-0.659515
-0.170273,0.421951,0.675690,0.394775,-0.202957,-0.655548,-0.633209
-0.170563,0.382629,0.604538,0.318466,-0.252151,-0.663223,-0.605606
-0.118729,0.448685,0.674911,0.374557,-0.227798,-0.673264,-0.638962
-0.159561,0.414108,0.651428,0.361084,-0.236221,-0.682541,-0.650055
-0.170517,0.407211,0.652451,0.369965,-0.221527,-0.666946,-0.639450
-0.167786,0.402145,0.639664,0.353439,-0.238831,-0.680145,-0.646622
-0.169952,0.401031,0.635681,0.341721,-0.259171,-0.706100,-0.670334
-0.184586,0.399292,0.646713,0.365417,-0.229767,-0.676910,-0.656006
-0.215271,0.285934,0.449509,0.136917,-0.412109,-0.765625,-0.639221
-0.099838,0.493240,0.716583,0.396744,-0.226868,-0.685562,-0.651703
-0.162964,0.425827,0.675201,0.391907,-0.204285,-0.653397,-0.624664
-0.148849,0.426163,0.670654,0.392319,-0.191162,-0.631577,-0.622574
-0.211212,0.275528,0.457977,0.177750,-0.350922,-0.703812,-0.593414
-0.072800,0.507523,0.727982,0.414093,-0.201691,-0.658493,-0.637390
-0.180832,0.371185,0.605606,0.338760,-0.220612,-0.630295,-0.574249
-0.088928,0.481812,0.713272,0.422989,-0.168411,-0.604973,-0.568710
-0.093246,0.472626,0.701225,0.403214,-0.196815,-0.639977,-0.602432
-0.117874,0.462868,0.708160,0.423752,-0.170616,-0.615974,-0.586472
-0.111839,0.461014,0.702400,0.422913,-0.159744,-0.594479,-0.560310
-0.089848,0.471062,0.696697,0.398685,-0.200378,-0.642574,-0.603096
-0.117596,0.462120,0.704441,0.417099,-0.179207,-0.624531,-0.594015
-0.115444,0.461311,0.708512,0.429911,-0.157735,-0.601319,-0.578847
-0.137547,0.369079,0.538992,0.222897,-0.340345,-0.711870,-0.600401
-0.066031,0.528899,0.758940,0.447704,-0.170328,-0.626440,-0.593918
-0.106525,0.478973,0.728973,0.448257,-0.144413,-0.591022,-0.564716
-0.092278,0.478401,0.716648,0.434055,-0.152657,-0.587509,-0.551506
-0.077271,0.487373,0.714752,0.416512,-0.182777,-0.625198,-0.586922
-0.100670,0.480774,0.725777,0.442062,-0.151627,-0.598267,-0.569061
-0.094719,0.479797,0.726723,0.451759,-0.131310,-0.573296,-0.547287
-0.083939,0.473824,0.698303,0.398163,-0.202034,-0.644371,-0.603081
-0.113838,0.471542,0.717522,0.430878,-0.167679,-0.616196,-0.586899
-0.107590,0.472824,0.720718,0.442810,-0.147079,-0.591919,-0.564819
-0.094543,0.472061,0.708206,0.420609,-0.169113,-0.606934,-0.569962
-0.090866,0.480545,0.715622,0.423050,-0.173553,-0.617233,-0.583130
-0.101974,0.475388,0.718292,0.435440,-0.157394,-0.602219,-0.572189
-0.098007,0.477341,0.725082,0.451904,-0.130386,-0.572556,-0.548691
-0.087463,0.468201,0.689606,0.388397,-0.211899,-0.653336,-0.610199
-0.118134,0.468094,0.713928,0.428116,-0.170578,-0.626083,-0.628128
-0.217941,0.286194,0.502472,0.255768,-0.256302,-0.614243,-0.523514
-0.026306,0.535706,0.743866,0.426575,-0.184753,-0.628372,-0.582474
-0.088684,0.497299,0.738983,0.448090,-0.151749,-0.598633,-0.566727
-0.087769,0.491333,0.737915,0.459671,-0.128601,-0.572800,-0.546066
-0.078094,0.485245,0.718155,0.429306,-0.161667,-0.598770,-0.561096
-0.083252,0.485947,0.717834,0.422119,-0.177597,-0.620453,-0.583588
-0.099701,0.479385,0.723053,0.438980,-0.154099,-0.600113,-0.571274
-0.096329,0.477829,0.726334,0.452942,-0.129547,-0.570953,-0.547302
-0.086288,0.468185,0.689407,0.390915,-0.206665,-0.643478,-0.598663
-0.108871,0.471207,0.711929,0.422012,-0.174881,-0.620789,-0.587921
-0.109955,0.467194,0.712814,0.434601,-0.152664,-0.594894,-0.571075
-0.121613,0.401901,0.587555,0.271423,-0.309433,-0.705261,-0.615921
-0.092728,0.502853,0.740372,0.437531,-0.173157,-0.628830,-0.603699
-0.136307,0.429382,0.670486,0.396606,-0.178543,-0.612686,-0.613068
-0.226639,0.237335,0.421661,0.170654,-0.316391,-0.637787,-0.513779
0.002731,0.566284,0.767181,0.437805,-0.181595,-0.628326,-0.582596
-0.087006,0.501740,0.748108,0.461853,-0.134369,-0.583527,-0.555832
-0.082993,0.491013,0.737427,0.462936,-0.119675,-0.561195,-0.540604
-0.102142,0.403618,0.569740,0.245979,-0.330727,-0.712662,-0.605652
-0.069832,0.531410,0.769661,0.464607,-0.150230,-0.607094,-0.578239
-0.097420,0.484497,0.732895,0.455482,-0.131966,-0.575363,-0.549774
-0.082932,0.483177,0.724701,0.449272,-0.133286,-0.571838,-0.546326
-0.084450,0.468925,0.689056,0.389488,-0.207199,-0.643143,-0.599419
-0.111664,0.468330,0.708977,0.421921,-0.173119,-0.624031,-0.631271
-0.247726,0.203636,0.362762,0.094604,-0.392799,-0.705780,-0.608559
-0.181084,0.272789,0.421692,0.138512,-0.362808,-0.672974,-0.523170
0.020851,0.605797,0.819107,0.495178,-0.128593,-0.584541,-0.551865
-0.065308,0.520340,0.773415,0.500618,-0.085190,-0.532829,-0.530006
-0.114037,0.383102,0.573891,0.297028,-0.234184,-0.599380,-0.509003
-0.009216,0.552414,0.759224,0.436684,-0.179848,-0.629593,-0.586853
-0.093243,0.495483,0.745750,0.464321,-0.129063,-0.577354,-0.551743
-0.081947,0.488068,0.731510,0.455044,-0.129513,-0.571018,-0.546494
-0.083630,0.472672,0.693748,0.395119,-0.202599,-0.639553,-0.595860
-0.107162,0.472792,0.713392,0.426300,-0.168783,-0.613876,-0.583132
-0.108244,0.464865,0.709425,0.432114,-0.153276,-0.594626,-0.574825
-0.134219,0.379532,0.565292,0.267825,-0.289661,-0.678927,-0.624105
-0.183948,0.316671,0.503100,0.219977,-0.317430,-0.690701,-0.639562
-0.245042,0.179115,0.306404,0.026234,-0.444742,-0.723850,-0.607720
-0.222052,0.119112,0.150503,-0.169002,-0.599822,-0.773687,-0.486863
0.147025,0.759477,0.948252,0.577543,-0.086742,-0.562332,-0.524704
-0.023474,0.576698,0.835365,0.557365,-0.035564,-0.486355,-0.467134
-0.004662,0.559059,0.799187,0.522354,-0.060623,-0.500572,-0.480377
-0.037437,0.477631,0.655895,0.335361,-0.247921,-0.644199,-0.554340
-0.031624,0.562496,0.799545,0.499149,-0.110102,-0.563381,-0.537827
-0.071018,0.483335,0.705404,0.418505,-0.156857,-0.575571,-0.532368
-0.089087,0.397034,0.542717,0.223122,-0.323082,-0.669912,-0.540817
-0.003641,0.581366,0.795707,0.469885,-0.153813,-0.608707,-0.571074
-0.080573,0.506047,0.755202,0.475601,-0.114996,-0.560533,-0.539027
-0.089901,0.441075,0.644869,0.353541,-0.210571,-0.610319,-0.547341
-0.079581,0.433723,0.592666,0.254950,-0.330698,-0.717588,-0.610601
-0.071882,0.532240,0.774321,0.474033,-0.136084,-0.592171,-0.567440
-0.093630,0.481335,0.725780,0.449329,-0.135208,-0.577675,-0.555073
-0.097046,0.453495,0.681553,0.403519,-0.167934,-0.590588,-0.552261
-0.084515,0.468815,0.684994,0.382492,-0.214184,-0.651077,-0.607319
-0.121490,0.456604,0.699265,0.415199,-0.174934,-0.617073,-0.591217
-0.127022,0.429626,0.660812,0.382957,-0.191254,-0.615654,-0.578087
-0.110100,0.444443,0.660851,0.356621,-0.242729,-0.679344,-0.634331
-0.145302,0.436951,0.681778,0.399857,-0.189117,-0.632065,-0.609932
-0.167984,0.341240,0.520561,0.217705,-0.337303,-0.709457,-0.619125
-0.148659,0.337059,0.463799,0.124474,-0.428574,-0.767525,-0.620834
-0.065239,0.535103,0.755852,0.431503,-0.196587,-0.660713,-0.649796
-0.218956,0.279274,0.458450,0.170113,-0.358795,-0.711914,-0.634941
-0.227516,0.179146,0.269562,-0.038338,-0.508469,-0.751564,-0.532372
0.058922,0.657509,0.855995,0.505661,-0.139397,-0.602760,-0.563759
-0.067017,0.527733,0.782990,0.505524,-0.085892,-0.534195,-0.514458
-0.056351,0.497200,0.728233,0.451180,-0.121254,-0.544891,-0.507545
-0.041756,0.515495,0.746292,0.465096,-0.116333,-0.551811,-0.525223
-0.071060,0.467827,0.672630,0.369591,-0.218811,-0.641663,-0.591797
-0.135071,0.363396,0.515465,0.190483,-0.363007,-0.714123,-0.594151
-0.101162,0.387341,0.501205,0.147160,-0.410706,-0.741737,-0.579395
-0.008297,0.602512,0.827770,0.502991,-0.126514,-0.587162,-0.556213
-0.075268,0.497978,0.733879,0.447010,-0.139065,-0.575233,-0.557140
-0.142643,0.326685,0.479179,0.183918,-0.333284,-0.662119,-0.551329
-0.094786,0.361509,0.465925,0.122053,-0.417917,-0.736096,-0.589344
-0.073726,0.470398,0.669638,0.377700,-0.178231,-0.572809,-0.542798
-0.167276,0.245858,0.377838,0.113048,-0.340748,-0.600895,-0.424980
0.108765,0.660084,0.847868,0.525017,-0.074257,-0.501060,-0.450253
0.034729,0.601212,0.824539,0.524220,-0.074219,-0.514835,-0.481625
-0.020908,0.512749,0.710403,0.410049,-0.159107,-0.558979,-0.491249
-0.023670,0.487492,0.649185,0.327858,-0.236675,-0.610474,-0.506153
0.011353,0.583702,0.791359,0.468681,-0.144096,-0.583282,-0.534966
-0.051468,0.509651,0.725731,0.428009,-0.155151,-0.573776,-0.525604
-0.073494,0.422348,0.572777,0.252022,-0.298264,-0.649143,-0.531879
-0.034748,0.474453,0.614677,0.273060,-0.296928,-0.659519,-0.539204
-0.004868,0.581234,0.802513,0.489426,-0.120678,-0.571873,-0.568668
-0.173801,0.284866,0.446335,0.175594,-0.315353,-0.620129,-0.474766
0.058018,0.630848,0.839951,0.523582,-0.087830,-0.536419,-0.505241
-0.032867,0.530899,0.756432,0.460258,-0.134060,-0.572544,-0.544044
-0.100681,0.409935,0.592583,0.293007,-0.259739,-0.633568,-0.545883
-0.067310,0.448891,0.615585,0.298244,-0.265270,-0.640003,-0.537586
-0.016098,0.570942,0.805851,0.508224,-0.095356,-0.548880,-0.529430
-0.065741,0.493334,0.723009,0.433876,-0.153463,-0.586977,-0.553555
-0.104338,0.408176,0.585870,0.277477,-0.281072,-0.657719,-0.565007
-0.073642,0.458169,0.634468,0.312968,-0.264433,-0.657811,-0.569957
-0.058015,0.523480,0.748023,0.441105,-0.164834,-0.609942,-0.578237
-0.120952,0.403464,0.590999,0.288451,-0.273096,-0.660530,-0.603895
-0.192219,0.228424,0.319019,-0.008255,-0.508320,-0.799639,-0.727825
-0.485659,-0.375513,-0.533895,-0.878250,-1.146086,-1.063645,-0.582383
0.053752,0.486805,0.478329,0.052866,-0.482000,-0.724802,-0.496525
0.032478,0.493168,0.574574,0.226440,-0.284561,-0.550621,-0.334679
0.266060,0.882759,1.106979,0.779175,0.143700,-0.331696,-0.322227
0.139343,0.701172,0.931595,0.640244,0.048721,-0.388977,-0.355820
0.116547,0.681259,0.917465,0.635757,0.050858,-0.389053,-0.366882
0.089706,0.641724,0.873169,0.593582,0.013733,-0.425095,-0.403793
0.050980,0.601196,0.828903,0.543686,-0.043716,-0.486092,-0.468300
-0.039467,0.448929,0.602722,0.284317,-0.268532,-0.625854,-0.514984
-0.033951,0.445625,0.552589,0.191696,-0.371002,-0.707809,-0.585381
-0.145622,0.237411,0.252655,-0.126816,-0.619987,-0.829262,-0.550171
0.062386,0.607826,0.714592,0.312462,-0.300888,-0.680069,-0.590843
-0.176178,0.210320,0.265129,-0.060478,-0.512993,-0.733757,-0.607666
-0.363495,-0.299240,-0.512863,-0.877777,-1.121063,-0.996727,-0.538406
-0.078346,0.055283,-0.204910,-0.666794,-0.996445,-0.909821,-0.403946
0.225296,0.625137,0.596420,0.188980,-0.290955,-0.461761,-0.136810
0.542633,1.188431,1.397491,1.033142,0.363342,-0.131409,-0.126526
0.339294,0.911133,1.154388,0.873749,0.281097,-0.171448,-0.164734
0.256989,0.746124,0.905457,0.586639,0.026520,-0.344910,-0.249023
0.238586,0.755920,0.912933,0.578125,-0.003693,-0.393707,-0.304474
0.195099,0.745758,0.941650,0.623901,0.026733,-0.398956,-0.347076
0.137970,0.705475,0.929810,0.625610,0.015457,-0.445541,-0.455978
-0.091263,0.299438,0.372070,0.040680,-0.446884,-0.708252,-0.578445
-0.255402,-0.075897,-0.224197,-0.619156,-0.971344,-0.975449,-0.600449
-0.136032,0.071259,-0.109116,-0.545624,-0.919479,-0.910873,-0.455917
0.191238,0.649841,0.661774,0.245758,-0.287582,-0.529877,-0.277695
0.317932,0.869995,1.006714,0.636185,0.033585,-0.354538,-0.247849
0.273926,0.840698,1.038879,0.714584,0.108002,-0.328033,-0.280548
0.205032,0.775009,1.001785,0.697998,0.087326,-0.374237,-0.365692
0.072495,0.599457,0.807053,0.521439,-0.040955,-0.443916,-0.383163
0.097015,0.646034,0.851074,0.541420,-0.054550,-0.488823,-0.445419
0.036129,0.605072,0.832790,0.529984,-0.079708,-0.536360,-0.520987
-0.093566,0.378794,0.508892,0.176788,-0.365201,-0.696129,-0.562994
-0.079426,0.387039,0.484932,0.127758,-0.420513,-0.734222,-0.558624
0.020721,0.631889,0.854568,0.522346,-0.118446,-0.594177,-0.574280
-0.094498,0.488327,0.734695,0.449417,-0.149734,-0.620346,-0.704727
-0.519684,-0.366516,-0.452972,-0.763184,-1.059708,-1.060394,-0.736694
-0.369934,-0.271118,-0.517899,-0.944962,-1.242981,-1.146484,-0.677643
-0.160263,0.073135,-0.090149,-0.516571,-0.893127,-0.886230,-0.384140
0.412247,1.088028,1.260391,0.841156,0.140457,-0.348785,-0.309097
0.197083,0.798218,1.053894,0.770950,0.171143,-0.288467,-0.280930
0.167007,0.714340,0.934296,0.637466,0.038559,-0.408401,-0.380508
0.088577,0.653961,0.886932,0.596161,-0.001617,-0.452332,-0.430115
0.034348,0.596130,0.829437,0.540970,-0.051590,-0.496155,-0.471741
-0.006058,0.553986,0.782669,0.488632,-0.111374,-0.560394,-0.534500
-0.062515,0.504822,0.738739,0.446014,-0.154633,-0.605255,-0.585876
-0.154449,0.327759,0.469543,0.145142,-0.398987,-0.739838,-0.636047
-0.207947,0.186035,0.228729,-0.131348,-0.627777,-0.860779,-0.606171
0.026093,0.655487,0.867920,0.511871,-0.150574,-0.636047,-0.613068
-0.121490,0.472076,0.724213,0.439758,-0.158539,-0.633240,-0.755829
-0.673065,-0.660309,-0.843872,-1.142792,-1.322601,-1.159760,-0.685730
-0.207153,-0.030731,-0.242645,-0.687958,-1.049988,-1.035492,-0.628418
-0.105804,0.216736,0.176910,-0.178009,-0.576508,-0.671509,-0.291870
0.414398,1.063354,1.260941,0.882309,0.207199,-0.285034,-0.268814
0.208237,0.786377,1.027069,0.738083,0.138138,-0.316711,-0.298599
0.160812,0.718521,0.946823,0.654343,0.056808,-0.390747,-0.365402
0.102158,0.665024,0.898453,0.612991,0.028290,-0.409470,-0.381241
0.080353,0.632462,0.856201,0.563095,-0.029160,-0.471481,-0.443863
0.020096,0.577469,0.801529,0.503891,-0.096756,-0.543472,-0.513367
-0.039124,0.533325,0.773315,0.487579,-0.106186,-0.554855,-0.547195
-0.160629,0.234161,0.281555,-0.085587,-0.597794,-0.845474,-0.598572
0.028976,0.654694,0.863464,0.508682,-0.148605,-0.626038,-0.595123
-0.097595,0.498932,0.754959,0.471436,-0.128922,-0.584122,-0.563385
-0.093552,0.475540,0.715134,0.432892,-0.153458,-0.593826,-0.572067
-0.123657,0.413452,0.630157,0.344788,-0.228073,-0.644287,-0.589813
-0.104111,0.466034,0.694000,0.394409,-0.209198,-0.657806,-0.624695
-0.143555,0.434784,0.678680,0.395844,-0.197968,-0.644714,-0.619537
-0.149139,0.419495,0.655731,0.372131,-0.213623,-0.649475,-0.614441
-0.142120,0.420624,0.645142,0.346039,-0.255066,-0.698303,-0.659851
-0.175354,0.405334,0.648621,0.363220,-0.232117,-0.678467,-0.652832
-0.197632,0.335449,0.532562,0.233643,-0.332092,-0.721741,-0.637970
-0.131042,0.446472,0.669006,0.359161,-0.253571,-0.704437,-0.668640
-0.181885,0.401978,0.647461,0.362274,-0.233826,-0.680878,-0.651123
-0.175232,0.401794,0.647339,0.370026,-0.217316,-0.660583,-0.643646
-0.227356,0.226166,0.335693,-0.009949,-0.555542,-0.874390,-0.697052
-0.109100,0.516479,0.753418,0.430481,-0.204987,-0.677399,-0.651260
-0.163361,0.429504,0.686798,0.411377,-0.180939,-0.632065,-0.618057
-0.169495,0.378510,0.609924,0.339142,-0.221222,-0.629944,-0.575867
-0.094452,0.468521,0.689362,0.384659,-0.220078,-0.662994,-0.623245
-0.135529,0.447357,0.692825,0.407639,-0.186539,-0.633667,-0.603958
-0.129105,0.446884,0.695297,0.422775,-0.156891,-0.594528,-0.568115
-0.105331,0.447968,0.668991,0.367401,-0.231308,-0.670212,-0.626488
-0.136787,0.446121,0.688683,0.399628,-0.198380,-0.644402,-0.612625
-0.131828,0.447136,0.693604,0.415253,-0.173126,-0.616447,-0.588837
-0.118027,0.448105,0.682831,0.393829,-0.197285,-0.635506,-0.597954
-0.117294,0.454700,0.688393,0.395432,-0.201553,-0.644619,-0.607952
-0.124268,0.455608,0.701017,0.418688,-0.173626,-0.617927,-0.588350
-0.115595,0.454422,0.690064,0.403919,-0.186315,-0.622694,-0.585266
-0.105710,0.464211,0.695848,0.399876,-0.200096,-0.644169,-0.605574
-0.118994,0.462769,0.709068,0.425667,-0.167706,-0.614037,-0.585495
-0.113766,0.456211,0.701576,0.427021,-0.153687,-0.590401,-0.560143
-0.091599,0.468384,0.694077,0.396118,-0.199951,-0.637238,-0.593864
-0.105492,0.475121,0.714424,0.425064,-0.172264,-0.617630,-0.583244
-0.102798,0.474838,0.720955,0.441277,-0.147438,-0.590118,-0.563828
-0.105087,0.436401,0.642807,0.342346,-0.237656,-0.647278,-0.578461
-0.075607,0.505661,0.737808,0.436478,-0.168823,-0.617187,-0.581894
-0.096619,0.484818,0.731766,0.449020,-0.143723,-0.588455,-0.559311
-0.086014,0.488449,0.736298,0.463226,-0.118958,-0.559082,-0.535141
-0.072861,0.481888,0.703369,0.404175,-0.192154,-0.628723,-0.583664
-0.094589,0.487686,0.729614,0.442856,-0.152878,-0.598618,-0.566559
-0.090378,0.485962,0.731766,0.454712,-0.131393,-0.574448,-0.556335
-0.108612,0.429764,0.644806,0.353867,-0.223526,-0.640335,-0.591324
-0.120804,0.428452,0.649368,0.364288,-0.208298,-0.627182,-0.599777
-0.176025,0.324921,0.529266,0.270721,-0.246246,-0.612946,-0.571930
-0.192291,0.226837,0.368683,0.106842,-0.355743,-0.630493,-0.461182
0.084534,0.657501,0.851135,0.507690,-0.128601,-0.587158,-0.544403
-0.043915,0.553558,0.808563,0.527924,-0.069550,-0.522919,-0.500366
-0.030670,0.543121,0.791260,0.519470,-0.061462,-0.503265,-0.481995
-0.022369,0.529755,0.748627,0.447815,-0.150146,-0.587311,-0.542877
-0.053467,0.527191,0.767517,0.476227,-0.122040,-0.568359,-0.536865
-0.059296,0.516479,0.760712,0.482117,-0.106506,-0.549133,-0.530579
-0.099030,0.393036,0.554382,0.244415,-0.302948,-0.658783,-0.540527
-0.010193,0.573883,0.790222,0.466400,-0.158264,-0.615082,-0.578369
-0.084869,0.505676,0.757751,0.475189,-0.120270,-0.575531,-0.584167
-0.195190,0.263519,0.428955,0.158234,-0.337585,-0.651093,-0.509460
0.024475,0.601410,0.805756,0.473969,-0.151733,-0.603760,-0.561310
-0.066040,0.524323,0.772308,0.487640,-0.108948,-0.564346,-0.566284
-0.154037,0.353088,0.569397,0.319763,-0.199097,-0.576492,-0.549942
-0.185684,0.214355,0.327499,0.038193,-0.436951,-0.701630,-0.506760
0.067261,0.662399,0.870163,0.530991,-0.104980,-0.569107,-0.535751
-0.045578,0.543625,0.798279,0.523132,-0.065002,-0.512985,-0.493927
-0.032578,0.530045,0.770050,0.496033,-0.084152,-0.524246,-0.501282
-0.043869,0.506058,0.723740,0.421738,-0.174438,-0.611832,-0.567596
-0.080322,0.498230,0.738403,0.449905,-0.144623,-0.589157,-0.559830
-0.086334,0.485382,0.728561,0.450851,-0.134933,-0.577652,-0.558243
-0.118988,0.385605,0.550568,0.224670,-0.351196,-0.730354,-0.621559
-0.083977,0.518044,0.757065,0.451797,-0.163246,-0.622261,-0.604340
-0.146057,0.411583,0.651566,0.385353,-0.177315,-0.603966,-0.604744
-0.240196,0.175751,0.309547,0.038757,-0.426826,-0.698647,-0.523537
0.026024,0.600838,0.794331,0.450787,-0.182663,-0.637444,-0.594814
-0.097404,0.495087,0.747131,0.467464,-0.125149,-0.572681,-0.550220
-0.084526,0.480450,0.720854,0.444305,-0.139355,-0.578991,-0.560425
-0.124950,0.375902,0.539117,0.215406,-0.356356,-0.733390,-0.621519
-0.084794,0.516378,0.753584,0.448471,-0.164471,-0.620423,-0.592626
-0.114798,0.462201,0.708665,0.431287,-0.154171,-0.596563,-0.576818
-0.144081,0.351133,0.517553,0.212648,-0.332664,-0.692287,-0.580750
-0.058029,0.519497,0.734245,0.413719,-0.204720,-0.655376,-0.615486
-0.124699,0.461239,0.710697,0.432384,-0.155956,-0.601204,-0.578430
-0.126083,0.411011,0.621857,0.334587,-0.232338,-0.637802,-0.578529
-0.094902,0.464401,0.679657,0.371361,-0.232025,-0.671669,-0.633560
-0.157227,0.409508,0.645805,0.367157,-0.209785,-0.643730,-0.646858
-0.285599,0.121223,0.239166,-0.043427,-0.508972,-0.776833,-0.638809
-0.222656,0.151649,0.202202,-0.120789,-0.573624,-0.779076,-0.521591
0.093971,0.700974,0.895096,0.531647,-0.126419,-0.600716,-0.565712
-0.066101,0.534431,0.796387,0.522629,-0.069016,-0.520485,-0.503891
-0.043030,0.522026,0.767387,0.498680,-0.077225,-0.516022,-0.495659
-0.042786,0.503609,0.718773,0.417213,-0.178535,-0.613533,-0.568886
-0.081207,0.497742,0.740273,0.457039,-0.133247,-0.576523,-0.551796
-0.095573,0.444389,0.655144,0.365814,-0.204124,-0.612579,-0.559196
-0.105835,0.393211,0.550720,0.230156,-0.328735,-0.693993,-0.582176
-0.052353,0.536125,0.759766,0.445122,-0.169456,-0.622147,-0.590134
-0.117897,0.436958,0.654648,0.361465,-0.216209,-0.634270,-0.602135
-0.187393,0.268517,0.404793,0.106171,-0.400681,-0.705574,-0.545670
0.005440,0.589607,0.795296,0.461884,-0.167389,-0.621941,-0.582016
-0.088264,0.499626,0.751015,0.471680,-0.118660,-0.570778,-0.578247
-0.192978,0.257149,0.409195,0.132042,-0.360359,-0.666580,-0.520676
0.004829,0.555801,0.730576,0.383133,-0.234634,-0.662155,-0.590553
-0.073227,0.526299,0.777496,0.491127,-0.107151,-0.558353,-0.541481
-0.098900,0.416805,0.602539,0.302113,-0.255383,-0.635872,-0.552830
-0.078861,0.423016,0.571617,0.241234,-0.320545,-0.680855,-0.560234
-0.023636,0.566658,0.788193,0.471455,-0.145195,-0.597015,-0.562195
-0.077412,0.501587,0.745144,0.462929,-0.126350,-0.568626,-0.545841
-0.104237,0.404640,0.582634,0.280403,-0.273994,-0.648483,-0.562424
-0.104015,0.354126,0.441818,0.066730,-0.496346,-0.822762,-0.686115
-0.205883,0.277809,0.427940,0.137180,-0.363836,-0.675650,-0.581194
-0.200405,0.153502,0.206301,-0.096883,-0.524237,-0.710303,-0.450227
0.135667,0.682987,0.824816,0.458388,-0.151834,-0.555287,-0.461809
0.064480,0.658218,0.889992,0.583376,-0.027164,-0.478806,-0.452618
0.008945,0.552231,0.762348,0.470428,-0.101120,-0.509232,-0.453579
0.009834,0.529564,0.708530,0.399426,-0.166683,-0.554741,-0.470425
0.034092,0.604305,0.819614,0.504513,-0.105640,-0.551022,-0.511787
-0.027523,0.549004,0.789131,0.504482,-0.085258,-0.528004,-0.505684
-0.070408,0.425358,0.590363,0.281113,-0.268520,-0.629501,-0.524197
-0.028175,0.498478,0.664780,0.338249,-0.238281,-0.625916,-0.532375
-0.014805,0.568352,0.793560,0.485340,-0.123848,-0.573158,-0.544643
-0.094433,0.419060,0.595772,0.288361,-0.267269,-0.638092,-0.539616
-0.040588,0.499790,0.683590,0.364635,-0.218063,-0.620605,-0.543791
-0.038885,0.538565,0.764957,0.460846,-0.143293,-0.587595,-0.554119
-0.084341,0.467096,0.684326,0.393610,-0.181621,-0.597274,-0.546150
-0.077442,0.461216,0.660901,0.360616,-0.214326,-0.620898,-0.556868
-0.063650,0.511011,0.746363,0.458944,-0.133536,-0.579961,-0.558353
-0.096430,0.460900,0.688852,0.398016,-0.189053,-0.622293,-0.585665
-0.123499,0.414543,0.618505,0.323442,-0.246319,-0.648727,-0.580570
-0.087166,0.486710,0.720306,0.431156,-0.161083,-0.605312,-0.580551
-0.116474,0.440063,0.666256,0.374657,-0.214138,-0.647137,-0.610268
-0.154686,0.365112,0.549049,0.243927,-0.317238,-0.697449,-0.611198
-0.135010,0.370056,0.517906,0.184837,-0.378609,-0.739594,-0.625488
-0.132446,0.365875,0.490448,0.137253,-0.429535,-0.776245,-0.632362
-0.097115,0.450829,0.612846,0.267433,-0.324867,-0.713470,-0.611107
-0.102364,0.436905,0.607903,0.280182,-0.296547,-0.677536,-0.570564
-0.037727,0.561539,0.803680,0.507362,-0.099800,-0.556877,-0.538017
-0.072960,0.490406,0.722382,0.433567,-0.155403,-0.595417,-0.582108
-0.172344,0.298157,0.458649,0.172295,-0.338032,-0.662006,-0.524914
0.008465,0.589706,0.809109,0.499039,-0.111012,-0.563129,-0.538376
-0.068455,0.500702,0.741341,0.461117,-0.125210,-0.567493,-0.546669
-0.104073,0.411640,0.593483,0.286270,-0.277943,-0.661186,-0.574028
-0.081333,0.454731,0.635242,0.314987,-0.265087,-0.660137,-0.575893
-0.080223,0.466595,0.657768,0.341232,-0.244923,-0.652840,-0.578415
-0.078800,0.486576,0.700035,0.395813,-0.191822,-0.610973,-0.559414
-0.102962,0.397186,0.549934,0.224644,-0.334042,-0.697144,-0.615417
-0.211103,0.157324,0.179590,-0.181187,-0.657782,-0.863325,-0.613735
-0.079222,0.357650,0.384226,-0.021138,-0.560493,-0.824329,-0.632507
-0.163044,0.230867,0.272514,-0.063213,-0.513054,-0.696991,-0.410389
0.222286,0.824738,1.006523,0.642555,0.001534,-0.451012,-0.403267
0.095276,0.683983,0.930290,0.643936,0.043701,-0.413376,-0.402344
0.036385,0.549225,0.731125,0.426880,-0.133446,-0.512848,-0.420937
0.085243,0.654167,0.871117,0.567398,-0.028549,-0.466721,-0.430099
0.042770,0.607986,0.841782,0.554764,-0.035385,-0.480484,-0.456604
0.004623,0.560272,0.784592,0.492088,-0.094688,-0.525696,-0.488831
-0.026443,0.512787,0.715950,0.417152,-0.157295,-0.566322,-0.507652
-0.032455,0.506760,0.703094,0.396545,-0.183624,-0.594414,-0.529678
-0.034790,0.539574,0.767784,0.464500,-0.143700,-0.595940,-0.575203
-0.138557,0.348808,0.494759,0.173485,-0.370476,-0.713112,-0.615997
-0.202293,0.175438,0.211807,-0.138908,-0.615311,-0.848007,-0.706383
-0.405792,-0.256317,-0.404068,-0.761345,-1.058601,-1.003380,-0.533470
0.114853,0.575592,0.588676,0.166008,-0.383690,-0.643150,-0.395256
0.223473,0.816986,0.990891,0.629868,0.004456,-0.420898,-0.347198
0.166321,0.760071,1.002594,0.710526,0.106552,-0.352264,-0.338089
0.118393,0.674210,0.901596,0.609192,0.010773,-0.436676,-0.415131
0.025223,0.526993,0.691086,0.377014,-0.178375,-0.540207,-0.430878
0.075974,0.617233,0.795059,0.467224,-0.122314,-0.527756,-0.450897
0.056976,0.637344,0.866623,0.561432,-0.050613,-0.508621,-0.484833
-0.011978,0.559097,0.798706,0.515503,-0.070862,-0.508301,-0.485611
-0.062675,0.403290,0.528999,0.197426,-0.346970,-0.679306,-0.536827
-0.014709,0.516312,0.666428,0.315079,-0.279205,-0.667831,-0.559639
-0.020706,0.580688,0.816154,0.505394,-0.118027,-0.583397,-0.562984
-0.102242,0.439270,0.644714,0.350140,-0.215237,-0.607447,-0.529188
-0.027737,0.546289,0.772219,0.471552,-0.131127,-0.578869,-0.550755
-0.080432,0.484242,0.712631,0.415389,-0.185843,-0.633117,-0.599649
-0.119131,0.458580,0.701845,0.423252,-0.160480,-0.596279,-0.565117
-0.099583,0.460346,0.690876,0.405518,-0.179047,-0.615669,-0.585320
-0.119614,0.438538,0.665352,0.370461,-0.227448,-0.671432,-0.637627
-0.159698,0.413498,0.651329,0.362465,-0.234360,-0.681168,-0.653091
-0.189621,0.355576,0.567627,0.277649,-0.289017,-0.689331,-0.620071
-0.125565,0.444519,0.671448,0.372757,-0.227951,-0.673721,-0.641693
-0.166489,0.403030,0.637207,0.344742,-0.252731,-0.699203,-0.675659
-0.247940,0.216919,0.337662,0.004135,-0.529480,-0.852081,-0.762436
-0.432281,-0.205658,-0.303345,-0.678406,-1.049942,-1.086884,-0.678970
-0.038361,0.453827,0.499069,0.078003,-0.502319,-0.809677,-0.612152
-0.029633,0.569061,0.791107,0.486588,-0.105255,-0.527618,-0.467529
0.028610,0.606155,0.837509,0.543182,-0.053223,-0.494766,-0.460526
0.014893,0.584595,0.818924,0.527557,-0.071777,-0.521103,-0.494560
-0.020920,0.550934,0.789360,0.502052,-0.095207,-0.542473,-0.514862
-0.041138,0.530807,0.773224,0.494759,-0.086899,-0.521637,-0.491379
-0.027740,0.529335,0.754089,0.463005,-0.129204,-0.568520,-0.534988
-0.063210,0.500954,0.728828,0.431084,-0.169678,-0.615509,-0.580620
-0.098686,0.480415,0.725060,0.443916,-0.144287,-0.584526,-0.563622
-0.138535,0.329575,0.455467,0.119202,-0.431778,-0.764778,-0.610245
-0.043938,0.565048,0.791435,0.465836,-0.168388,-0.636642,-0.607353
-0.118286,0.472786,0.726357,0.445267,-0.150696,-0.602524,-0.591156
-0.167686,0.314438,0.465935,0.156029,-0.379593,-0.714958,-0.579376
-0.043571,0.537148,0.753105,0.437683,-0.175705,-0.622337,-0.582375
-0.093468,0.488647,0.730408,0.439575,-0.162140,-0.616737,-0.612007
-0.186333,0.332161,0.551926,0.298897,-0.224327,-0.592346,-0.509651
-0.019432,0.536621,0.748657,0.440086,-0.162613,-0.605484,-0.567657
-0.088684,0.481636,0.713661,0.416122,-0.185410,-0.632004,-0.597862
-0.114716,0.465591,0.711426,0.428543,-0.165298,-0.613068,-0.585953
-0.113678,0.457809,0.698814,0.418961,-0.165039,-0.600128,-0.567291
-0.098137,0.462448,0.687759,0.389435,-0.209946,-0.652443,-0.615219
-0.130981,0.448471,0.690529,0.402931,-0.192657,-0.639214,-0.608940
-0.131584,0.442986,0.685104,0.405373,-0.178505,-0.614449,-0.580498
-0.110245,0.452408,0.680756,0.386406,-0.210976,-0.653458,-0.617187
-0.136826,0.438782,0.677040,0.387619,-0.208778,-0.654190,-0.621811
-0.141388,0.436234,0.681366,0.400726,-0.190895,-0.635483,-0.607170
-0.134682,0.435074,0.672409,0.389900,-0.195747,-0.631493,-0.595390
-0.121048,0.443710,0.671211,0.374069,-0.225105,-0.666420,-0.628029
-0.143600,0.437012,0.681198,0.395714,-0.197769,-0.643234,-0.612846
-0.137329,0.435425,0.675735,0.395187,-0.188515,-0.623302,-0.588207
-0.116821,0.445004,0.670578,0.371529,-0.228554,-0.669804,-0.630360
-0.142941,0.438683,0.680946,0.394524,-0.200863,-0.646252,-0.614819
-0.137295,0.439411,0.685585,0.407921,-0.178787,-0.621445,-0.594143
-0.125591,0.438305,0.667889,0.373787,-0.225304,-0.668495,-0.630001
-0.143520,0.437172,0.679485,0.390190,-0.209026,-0.656250,-0.622732
-0.140205,0.441450,0.689604,0.409019,-0.181564,-0.635868,-0.664051
-0.361799,-0.066160,-0.069108,-0.403073,-0.814982,-0.939804,-0.591663
0.095185,0.738636,0.936646,0.557513,-0.123909,-0.614517,-0.584929
-0.080912,0.526915,0.794147,0.519760,-0.076424,-0.536289,-0.544609
-0.137730,0.363110,0.568306,0.310604,-0.205532,-0.559700,-0.463287
0.036621,0.596405,0.802361,0.480919,-0.135513,-0.583206,-0.542351
-0.050613,0.536255,0.782715,0.497513,-0.099617,-0.548698,-0.522888
-0.049973,0.523125,0.767662,0.489349,-0.098022,-0.541344,-0.515686
-0.049759,0.512505,0.741432,0.449600,-0.143341,-0.581429,-0.542778
-0.062012,0.509094,0.741905,0.447083,-0.151749,-0.596657,-0.560844
-0.078987,0.499062,0.742661,0.458534,-0.134598,-0.579704,-0.550941
-0.078987,0.489235,0.725067,0.438118,-0.150963,-0.587181,-0.550583
-0.074768,0.491432,0.719376,0.420715,-0.179970,-0.623772,-0.584908
-0.100029,0.481033,0.724678,0.439621,-0.155396,-0.601402,-0.572540
-0.098549,0.476601,0.723190,0.447884,-0.136505,-0.588577,-0.616516
-0.266174,0.165970,0.333405,0.084213,-0.388298,-0.691399,-0.578537
-0.120918,0.367699,0.535393,0.243462,-0.289978,-0.650528,-0.578011
-0.143753,0.342224,0.524872,0.258514,-0.251541,-0.600662,-0.541214
-0.143372,0.296768,0.450607,0.184021,-0.296936,-0.594757,-0.443481
0.092224,0.665024,0.866272,0.531387,-0.096436,-0.551514,-0.513092
-0.021820,0.565552,0.815445,0.533646,-0.062088,-0.511734,-0.489426
-0.021927,0.547745,0.792801,0.519867,-0.062180,-0.504135,-0.482986
-0.025436,0.525589,0.744370,0.443451,-0.153625,-0.590912,-0.547562
-0.060181,0.518448,0.757736,0.467392,-0.129959,-0.576309,-0.545853
-0.070282,0.504486,0.748718,0.471085,-0.115616,-0.559235,-0.551468
-0.146210,0.305161,0.423264,0.090042,-0.449142,-0.767517,-0.598495
-0.020767,0.594650,0.823509,0.500343,-0.130493,-0.597351,-0.572540
-0.092796,0.487068,0.735397,0.458885,-0.126694,-0.574097,-0.588608
-0.230835,0.178391,0.302612,0.025253,-0.440979,-0.703667,-0.513657
0.051651,0.637177,0.835426,0.487793,-0.154587,-0.618233,-0.579506
-0.080101,0.517296,0.773216,0.492500,-0.105057,-0.557495,-0.535988
-0.066353,0.506424,0.753578,0.480782,-0.101112,-0.543900,-0.521614
-0.062935,0.490204,0.710091,0.409302,-0.188599,-0.626724,-0.582230
-0.094696,0.485077,0.724525,0.434330,-0.164803,-0.610977,-0.579353
-0.101643,0.473286,0.718674,0.439247,-0.148235,-0.597523,-0.612926
-0.253098,0.163052,0.291199,0.011881,-0.459225,-0.730644,-0.547329
0.014280,0.599077,0.798563,0.455088,-0.181215,-0.640783,-0.600941
-0.103363,0.491249,0.744419,0.464890,-0.128561,-0.576925,-0.555288
-0.092358,0.466945,0.699780,0.418665,-0.160728,-0.601016,-0.620201
-0.295367,0.053890,0.112839,-0.197907,-0.645435,-0.854403,-0.632622
-0.114920,0.358033,0.465285,0.125198,-0.407114,-0.722590,-0.599529
-0.159142,0.263576,0.361105,0.053391,-0.420465,-0.680946,-0.534649
-0.121054,0.229214,0.246170,-0.104252,-0.561813,-0.745575,-0.449036
0.206196,0.840763,1.046558,0.683907,0.017822,-0.468353,-0.444157
0.045708,0.640465,0.900589,0.628906,0.039299,-0.411140,-0.397446
0.056610,0.611008,0.845802,0.569527,-0.009972,-0.446480,-0.421906
0.035126,0.583679,0.797058,0.492744,-0.106720,-0.544441,-0.501518
-0.015556,0.561676,0.801521,0.514641,-0.080246,-0.527107,-0.503014
-0.051331,0.480221,0.680676,0.384075,-0.186237,-0.590183,-0.537228
-0.103809,0.351051,0.456005,0.103878,-0.445248,-0.761753,-0.583061
0.004242,0.627193,0.860577,0.537010,-0.096184,-0.568310,-0.549706
-0.081974,0.483065,0.721579,0.448042,-0.123846,-0.555729,-0.557800
-0.198442,0.204540,0.315726,0.030340,-0.435061,-0.693021,-0.500278
0.058943,0.634534,0.823913,0.476282,-0.157310,-0.614193,-0.593178
-0.147460,0.386006,0.609855,0.352075,-0.181724,-0.572926,-0.549336
-0.171387,0.261731,0.418394,0.158524,-0.315795,-0.624601,-0.539868
-0.160905,0.206809,0.269376,-0.048552,-0.512983,-0.738721,-0.497441
0.111827,0.723328,0.928743,0.580385,-0.067614,-0.546599,-0.552378
-0.147864,0.332080,0.513645,0.250115,-0.251280,-0.587902,-0.520970
-0.151837,0.209064,0.272695,-0.030509,-0.471564,-0.680004,-0.434290
0.165691,0.759192,0.946768,0.583659,-0.069190,-0.537357,-0.500190
-0.003327,0.590563,0.845932,0.568567,-0.022757,-0.472935,-0.459947
-0.027085,0.478976,0.659054,0.358872,-0.195458,-0.576728,-0.513022
-0.090446,0.337072,0.419817,0.067172,-0.463903,-0.760566,-0.587609
-0.049931,0.506282,0.704801,0.404329,-0.162992,-0.566904,-0.548096
-0.195393,0.175604,0.259007,-0.030462,-0.470603,-0.695716,-0.522184
-0.089416,0.277891,0.311724,-0.024917,-0.482503,-0.684862,-0.420425
0.201036,0.808979,1.001092,0.636611,-0.020536,-0.494921,-0.462946
0.026814,0.611708,0.856207,0.574906,-0.014460,-0.457816,-0.439047
-0.008274,0.481067,0.640672,0.330948,-0.214278,-0.570900,-0.458358
0.061429,0.635053,0.842016,0.514734,-0.107489,-0.558974,-0.519924
-0.029980,0.554128,0.801764,0.520648,-0.069502,-0.515580,-0.495592
-0.042118,0.502922,0.722599,0.438208,-0.134670,-0.553860,-0.515034
-0.068283,0.437878,0.609268,0.298538,-0.262333,-0.642262,-0.549873
-0.039299,0.534973,0.753338,0.438347,-0.175591,-0.626671,-0.592094
-0.107552,0.473175,0.719421,0.437927,-0.152596,-0.597069,-0.577438
-0.138954,0.368790,0.545670,0.243317,-0.311203,-0.686775,-0.599838
-0.110275,0.438301,0.641968,0.333908,-0.254593,-0.682404,-0.676529
-0.304382,0.125931,0.278854,0.026047,-0.431488,-0.715836,-0.615646
-0.244781,0.097336,0.144318,-0.159729,-0.585983,-0.769974,-0.506851
0.084991,0.641159,0.788818,0.419388,-0.200638,-0.616730,-0.532837
-0.012131,0.580002,0.814102,0.508820,-0.103317,-0.559448,-0.534775
-0.074707,0.467117,0.675797,0.383438,-0.185593,-0.590225,-0.528183
-0.061356,0.453949,0.625626,0.309296,-0.257111,-0.638626,-0.542923
-0.026138,0.554291,0.775818,0.464935,-0.144928,-0.591995,-0.556366
-0.073700,0.502213,0.744675,0.462341,-0.125107,-0.567520,-0.546814
-0.108246,0.397614,0.574585,0.271332,-0.282135,-0.655685,-0.569672
-0.103500,0.371124,0.478088,0.113281,-0.455231,-0.792892,-0.638107
-0.092041,0.468567,0.648010,0.314972,-0.274826,-0.677567,-0.627304
-0.223892,0.189545,0.283752,-0.023346,-0.493637,-0.736916,-0.529617
0.012787,0.527771,0.654190,0.293999,-0.286583,-0.654785,-0.542961
-0.029732,0.532524,0.742882,0.442421,-0.139542,-0.560898,-0.544731
-0.165344,0.255524,0.382477,0.101952,-0.368401,-0.642998,-0.494095
-0.029091,0.420929,0.526924,0.199265,-0.321728,-0.625019,-0.456699
0.101753,0.686344,0.885609,0.546787,-0.082970,-0.534111,-0.489841
0.004295,0.590595,0.836493,0.552675,-0.040159,-0.486946,-0.470598
-0.035381,0.466179,0.640823,0.339165,-0.210764,-0.580837,-0.487480
-0.001348,0.521360,0.690584,0.367924,-0.207705,-0.597383,-0.511731
-0.017605,0.523770,0.706606,0.379853,-0.211552,-0.616859,-0.542787
-0.071848,0.426051,0.565825,0.230602,-0.326203,-0.674749,-0.562003
-0.098639,0.349767,0.437580,0.087025,-0.440030,-0.739549,-0.614346
-0.224568,0.085512,0.060717,-0.299799,-0.721430,-0.850039,-0.541800
0.025429,0.498604,0.576756,0.212704,-0.320908,-0.617176,-0.455570
0.037640,0.510715,0.626854,0.298477,-0.225189,-0.532127,-0.364494
0.197159,0.795654,1.019424,0.702904,0.080582,-0.385681,-0.373024
0.087822,0.647957,0.877686,0.588585,-0.001678,-0.441040,-0.408554
0.062172,0.627228,0.864761,0.585350,0.001755,-0.437836,-0.415337
0.041588,0.594917,0.827675,0.548424,-0.031105,-0.469589,-0.447945
0.006187,0.551872,0.766327,0.466980,-0.124626,-0.557487,-0.519516
-0.062866,0.458961,0.642944,0.338821,-0.224297,-0.609383,-0.527000
-0.048798,0.467033,0.630432,0.304932,-0.265686,-0.644531,-0.550091
-0.057991,0.465755,0.629181,0.297852,-0.282448,-0.668930,-0.574242
-0.076035,0.453770,0.619289,0.288086,-0.287205,-0.665794,-0.564262
-0.070015,0.446095,0.594141,0.256371,-0.315657,-0.681242,-0.566822
-0.061762,0.459206,0.609135,0.268343,-0.309610,-0.682043,-0.563667
-0.023436,0.573389,0.802373,0.489104,-0.128017,-0.588117,-0.588849
-0.190070,0.277362,0.445560,0.175633,-0.320372,-0.635041,-0.498499
0.029450,0.604331,0.817426,0.504037,-0.106371,-0.557868,-0.530548
-0.060039,0.506769,0.744106,0.459631,-0.130909,-0.577364,-0.558718
-0.121212,0.383604,0.554653,0.245541,-0.308834,-0.675484,-0.571884
-0.071682,0.463024,0.636330,0.310890,-0.270416,-0.663754,-0.576839
-0.073635,0.486504,0.692825,0.382507,-0.212147,-0.636295,-0.584797
-0.113758,0.418427,0.601940,0.289543,-0.282738,-0.669090,-0.585991
-0.114883,0.375366,0.503670,0.160019,-0.399269,-0.745384,-0.632164
-0.192741,0.194847,0.213638,-0.169144,-0.668526,-0.884926,-0.610931
0.001472,0.553596,0.669933,0.268501,-0.354893,-0.745975,-0.653881
-0.202179,0.251289,0.366596,0.057941,-0.426617,-0.688911,-0.492649
0.060291,0.611105,0.782770,0.447868,-0.143808,-0.545491,-0.461000
0.056382,0.646179,0.883813,0.583988,-0.025688,-0.485262,-0.472792
-0.038489,0.457283,0.616427,0.298440,-0.254972,-0.612860,-0.503520
-0.004478,0.526140,0.703200,0.387327,-0.181581,-0.565577,-0.472349
0.041973,0.623859,0.851704,0.548042,-0.059570,-0.515141,-0.490887
-0.020491,0.546200,0.780481,0.489071,-0.110300,-0.559650,-0.538017
-0.096577,0.404324,0.565628,0.246859,-0.310248,-0.669839,-0.555341
-0.051179,0.469870,0.619880,0.278192,-0.300653,-0.672995,-0.553554
-0.009337,0.593388,0.826260,0.511959,-0.113026,-0.579942,-0.564967
-0.125240,0.368108,0.519981,0.200663,-0.342333,-0.690866,-0.615211
-0.256953,0.043386,0.021639,-0.331944,-0.751583,-0.898722,-0.685984
-0.366684,-0.257277,-0.467192,-0.860662,-1.144943,-1.040710,-0.502701
0.232616,0.807865,0.928520,0.543053,-0.060661,-0.438148,-0.326775
0.173286,0.693169,0.849800,0.519508,-0.046104,-0.412231,-0.298370
0.230499,0.817001,1.042572,0.733688,0.118912,-0.340851,-0.321747
0.141571,0.703171,0.933365,0.638840,0.038330,-0.412170,-0.389755
0.062210,0.589142,0.782074,0.479950,-0.086075,-0.477005,-0.396530
0.105164,0.678421,0.906494,0.607941,0.008316,-0.440338,-0.418030
0.043594,0.600616,0.827255,0.533142,-0.064026,-0.511200,-0.483521
-0.011673,0.556458,0.790207,0.499237,-0.098717,-0.546661,-0.526566
-0.091537,0.396172,0.543427,0.218559,-0.334824,-0.684860,-0.558945
-0.049324,0.469322,0.610115,0.256363,-0.328568,-0.701080,-0.573990
-0.020241,0.589005,0.825409,0.508751,-0.120525,-0.597553,-0.620914
-0.267990,0.122765,0.216965,-0.077423,-0.528294,-0.770863,-0.652702
-0.354855,-0.174911,-0.280766,-0.621937,-0.942318,-0.945183,-0.543579
0.063423,0.542805,0.619286,0.247711,-0.303123,-0.619392,-0.470768
0.036930,0.565369,0.752960,0.466072,-0.070221,-0.428757,-0.327896
0.174438,0.725868,0.923515,0.606529,0.008163,-0.422630,-0.375793
0.105240,0.670738,0.896980,0.597588,-0.007759,-0.460114,-0.435608
0.035027,0.603897,0.840332,0.552017,-0.044292,-0.493546,-0.468899
-0.000069,0.567020,0.804623,0.523335,-0.059174,-0.495731,-0.466312
-0.003498,0.550795,0.773769,0.477989,-0.115944,-0.556973,-0.525142
-0.053092,0.510359,0.738508,0.441025,-0.159472,-0.607000,-0.574763
-0.096446,0.478106,0.718235,0.434580,-0.153193,-0.598858,-0.623367
-0.329201,-0.054272,-0.082626,-0.432972,-0.846462,-0.963081,-0.603874
0.092957,0.741417,0.939514,0.557533,-0.129639,-0.626923,-0.603943
-0.104523,0.501686,0.767319,0.492325,-0.104454,-0.564903,-0.565987
-0.150963,0.339401,0.515663,0.226372,-0.304451,-0.652649,-0.536636
-0.013390,0.562691,0.776985,0.456001,-0.165833,-0.622787,-0.590111
-0.105499,0.476257,0.720596,0.432327,-0.165863,-0.616013,-0.589279
-0.114471,0.457581,0.699158,0.419861,-0.162628,-0.598160,-0.565750
-0.098984,0.460205,0.687088,0.394196,-0.197830,-0.636948,-0.603226
-0.130264,0.436066,0.665115,0.369507,-0.231064,-0.675720,-0.640640
-0.159485,0.419830,0.663712,0.379883,-0.214890,-0.660645,-0.633469
-0.160172,0.410400,0.650497,0.369751,-0.214157,-0.650116,-0.616165
-0.146896,0.413803,0.638290,0.340103,-0.260101,-0.702423,-0.664047
-0.178665,0.400955,0.643188,0.356750,-0.238663,-0.685028,-0.673126
-0.288177,0.089386,0.113861,-0.268127,-0.772552,-1.009583,-0.821442
-0.407349,-0.108307,-0.148895,-0.504532,-0.900772,-0.987595,-0.612549
0.064850,0.675491,0.853699,0.487167,-0.151459,-0.596741,-0.550568
-0.075027,0.482101,0.715714,0.451981,-0.096542,-0.492569,-0.430801
0.051361,0.609192,0.823944,0.516113,-0.088806,-0.531921,-0.494354
-0.012726,0.560226,0.794830,0.499847,-0.102097,-0.551071,-0.520264
-0.041428,0.534607,0.777176,0.493004,-0.101151,-0.548271,-0.521492
-0.050537,0.518654,0.756401,0.472328,-0.114883,-0.552177,-0.519585
-0.048729,0.511581,0.735649,0.436066,-0.165527,-0.609261,-0.571312
-0.086357,0.492813,0.733612,0.445740,-0.151100,-0.598907,-0.568909
-0.093781,0.479561,0.721420,0.440460,-0.143669,-0.578888,-0.546181
-0.077164,0.483284,0.708466,0.410980,-0.187569,-0.630234,-0.594147
-0.112015,0.463394,0.701439,0.410843,-0.186737,-0.633324,-0.601120
-0.121857,0.456558,0.703453,0.424553,-0.165344,-0.631668,-0.730347
-0.582909,-0.469925,-0.569817,-0.856209,-1.104702,-1.040215,-0.587482
0.055538,0.557915,0.638626,0.249752,-0.329945,-0.675779,-0.551559
-0.061202,0.459844,0.652819,0.378113,-0.148048,-0.511179,-0.456852
-0.069946,0.338827,0.450848,0.164318,-0.301262,-0.557465,-0.359097
0.208607,0.791603,0.983414,0.631332,-0.014503,-0.479637,-0.443375
0.051598,0.643616,0.894188,0.609131,0.009209,-0.444618,-0.423531
0.044701,0.615089,0.858887,0.581779,-0.003433,-0.448547,-0.426636
0.032654,0.586365,0.809738,0.512405,-0.083084,-0.522720,-0.483673
-0.002518,0.569962,0.804108,0.511581,-0.087936,-0.535461,-0.504211
-0.028839,0.543762,0.783890,0.499252,-0.093399,-0.539032,-0.512726
-0.042267,0.522552,0.754974,0.465637,-0.124847,-0.562462,-0.526260
-0.050858,0.513962,0.740532,0.441490,-0.161530,-0.605705,-0.569160
-0.085602,0.493164,0.736488,0.450142,-0.146164,-0.592468,-0.564880
-0.091171,0.481743,0.728058,0.451515,-0.133125,-0.576660,-0.552193
-0.090363,0.464920,0.687912,0.388252,-0.209503,-0.647476,-0.604790
-0.118065,0.460907,0.700546,0.410545,-0.187416,-0.634384,-0.602562
-0.124649,0.451454,0.696056,0.415859,-0.172386,-0.615589,-0.588829
-0.120819,0.441570,0.670631,0.376989,-0.217737,-0.655634,-0.616776
-0.133844,0.440403,0.675354,0.381689,-0.216969,-0.661688,-0.626661
-0.145570,0.432712,0.676547,0.393638,-0.199246,-0.643132,-0.615093
-0.142882,0.426601,0.668554,0.392571,-0.188567,-0.626676,-0.598775
-0.132561,0.424143,0.646595,0.344458,-0.257706,-0.700035,-0.657751
-0.166534,0.419832,0.666794,0.382103,-0.214497,-0.663040,-0.633755
-0.156395,0.422096,0.671021,0.397064,-0.186954,-0.629864,-0.604771
-0.141335,0.417496,0.642059,0.344948,-0.251263,-0.689648,-0.645412
-0.156166,0.424335,0.663540,0.373112,-0.224293,-0.669720,-0.636372
-0.154987,0.423588,0.669662,0.390934,-0.197815,-0.640526,-0.616211
-0.166245,0.359718,0.555634,0.259430,-0.304604,-0.696457,-0.616852
-0.111122,0.465202,0.686584,0.374588,-0.239296,-0.689339,-0.649818
-0.157433,0.432037,0.682083,0.399460,-0.195091,-0.643555,-0.615173
-0.139694,0.436935,0.686943,0.414062,-0.168900,-0.610764,-0.586586
-0.124069,0.432877,0.655571,0.357582,-0.238525,-0.674858,-0.630535
-0.140236,0.440331,0.682526,0.394085,-0.202332,-0.647762,-0.615395
-0.136936,0.440685,0.688747,0.413933,-0.170937,-0.612743,-0.586555
-0.122040,0.435905,0.659592,0.361603,-0.235477,-0.671795,-0.627468
-0.138134,0.443428,0.685631,0.397198,-0.200184,-0.645599,-0.613213
-0.133766,0.442886,0.687054,0.408386,-0.180305,-0.621986,-0.595676
-0.135921,0.412430,0.632469,0.345520,-0.227924,-0.643753,-0.589870
-0.104744,0.461903,0.685413,0.381392,-0.221672,-0.664898,-0.632294
-0.164347,0.394079,0.627033,0.349953,-0.221527,-0.648104,-0.640024
-0.254969,0.193993,0.359528,0.100645,-0.378545,-0.689239,-0.607343
-0.239971,0.102599,0.139290,-0.185703,-0.629770,-0.817734,-0.535108
0.105370,0.731194,0.937130,0.579521,-0.079597,-0.557880,-0.529758
-0.035995,0.560688,0.821762,0.551025,-0.035675,-0.485184,-0.467613
-0.008736,0.552399,0.791924,0.517418,-0.063248,-0.501884,-0.476479
-0.016663,0.535637,0.753708,0.453072,-0.143715,-0.579750,-0.536140
-0.049484,0.528442,0.769951,0.483749,-0.110458,-0.554687,-0.527985
-0.069801,0.469162,0.676964,0.383743,-0.188103,-0.595528,-0.530380
-0.037048,0.532845,0.753700,0.445084,-0.163513,-0.607353,-0.565605
-0.075905,0.506989,0.749519,0.462379,-0.133728,-0.580818,-0.550110
-0.074280,0.499748,0.746201,0.469780,-0.114738,-0.556206,-0.535545
-0.090187,0.436073,0.637154,0.348015,-0.210014,-0.611549,-0.579643
-0.171959,0.298431,0.470535,0.190804,-0.329567,-0.682053,-0.611290
-0.190498,0.277267,0.451645,0.191757,-0.298218,-0.627419,-0.558990
-0.176643,0.230553,0.357635,0.091904,-0.360886,-0.631729,-0.502563
-0.062958,0.385315,0.520859,0.224426,-0.284195,-0.596710,-0.444366
0.102158,0.688599,0.902390,0.578949,-0.043396,-0.500870,-0.471680
0.005569,0.577103,0.816162,0.536331,-0.046707,-0.482803,-0.458786
-0.026733,0.462921,0.622833,0.316345,-0.227631,-0.583984,-0.471161
0.049866,0.623749,0.832916,0.506851,-0.116119,-0.571274,-0.533905
-0.042679,0.546585,0.800308,0.525238,-0.064789,-0.513672,-0.498428
-0.058426,0.458603,0.651520,0.359177,-0.197159,-0.583344,-0.503998
-0.006363,0.559006,0.770493,0.454529,-0.158417,-0.603622,-0.561279
-0.070999,0.513443,0.760452,0.478714,-0.112030,-0.556763,-0.534439
-0.080612,0.456978,0.666351,0.375664,-0.194656,-0.603485,-0.548531
-0.087738,0.426468,0.600952,0.289383,-0.273293,-0.655983,-0.562424
-0.049713,0.528633,0.749084,0.436157,-0.175735,-0.624786,-0.589180
-0.115326,0.441132,0.659431,0.366844,-0.212181,-0.631596,-0.595909
-0.172764,0.288532,0.424286,0.116356,-0.399723,-0.711803,-0.555111
-0.004257,0.581608,0.788986,0.454315,-0.175224,-0.631992,-0.592308
-0.098793,0.490814,0.740978,0.461403,-0.129166,-0.575649,-0.553125
-0.096153,0.451387,0.672569,0.388701,-0.181697,-0.598420,-0.554216
-0.100177,0.410279,0.573238,0.240481,-0.342203,-0.728108,-0.623074
-0.087265,0.514955,0.756127,0.456898,-0.151193,-0.605269,-0.580498
-0.109575,0.456671,0.694437,0.416254,-0.164141,-0.597607,-0.570971
-0.134335,0.359859,0.521358,0.211578,-0.338570,-0.701023,-0.600101
-0.100597,0.452957,0.657635,0.350582,-0.237904,-0.663750,-0.648109
-0.264347,0.161846,0.292133,0.010056,-0.463787,-0.744755,-0.625584
-0.232014,0.116978,0.152222,-0.168350,-0.603157,-0.784878,-0.522438
0.050186,0.564838,0.668453,0.278835,-0.323088,-0.688019,-0.541702
0.034025,0.659178,0.906450,0.601522,-0.019070,-0.491415,-0.504292
-0.109751,0.361282,0.535968,0.267571,-0.233767,-0.561547,-0.452654
0.018594,0.509950,0.655921,0.332687,-0.222998,-0.584121,-0.470179
0.054904,0.634754,0.850813,0.533522,-0.081735,-0.531203,-0.495043
-0.013824,0.562611,0.805573,0.524709,-0.063240,-0.508115,-0.490842
-0.056661,0.445829,0.619445,0.315796,-0.236104,-0.607149,-0.514751
-0.033472,0.471738,0.610935,0.259511,-0.325071,-0.698212,-0.573698
-0.023477,0.583246,0.822036,0.516529,-0.097790,-0.555117,-0.536504
-0.096105,0.409623,0.580593,0.275303,-0.274310,-0.636245,-0.532865
-0.040700,0.480181,0.640762,0.310523,-0.265771,-0.656097,-0.593542
-0.149632,0.348841,0.536068,0.262520,-0.258570,-0.617636,-0.565125
-0.178049,0.246536,0.386932,0.122668,-0.341350,-0.623343,-0.487630
-0.013238,0.479285,0.640089,0.338391,-0.203768,-0.565163,-0.462235
0.049002,0.617086,0.826375,0.506283,-0.104908,-0.550345,-0.510186
-0.025004,0.551454,0.791510,0.507769,-0.082050,-0.525846,-0.502620
-0.054725,0.472096,0.671770,0.378307,-0.184994,-0.582967,-0.514326
-0.023382,0.547066,0.780190,0.491535,-0.100222,-0.546909,-0.528500
-0.080490,0.448404,0.644272,0.336300,-0.248203,-0.660343,-0.598888
-0.132633,0.372353,0.526966,0.201572,-0.355251,-0.710651,-0.593948
-0.103218,0.385975,0.502476,0.147137,-0.412991,-0.751141,-0.607574
-0.073627,0.486706,0.678570,0.359787,-0.227623,-0.636780,-0.589958
-0.171406,0.273624,0.394238,0.086933,-0.412891,-0.702038,-0.548004
-0.058380,0.414085,0.526703,0.187042,-0.352669,-0.672554,-0.510902
0.047787,0.638477,0.852585,0.532379,-0.083809,-0.535179,-0.501877
-0.022514,0.547203,0.778625,0.483402,-0.114864,-0.565067,-0.554047
-0.125072,0.397663,0.618687,0.364941,-0.165840,-0.546238,-0.475815
0.007122,0.566700,0.790031,0.496555,-0.097054,-0.541668,-0.515347
-0.050709,0.506371,0.732117,0.438114,-0.153080,-0.588459,-0.554928
-0.101696,0.415768,0.596413,0.290943,-0.269592,-0.648209,-0.559406
-0.073868,0.446312,0.611088,0.285007,-0.288139,-0.669483,-0.575565
-0.084957,0.435368,0.593449,0.260738,-0.314087,-0.690258,-0.591209
-0.098446,0.424011,0.585190,0.256527,-0.313313,-0.688450,-0.607910
-0.173519,0.264744,0.365955,0.041382,-0.462849,-0.750492,-0.624264
-0.237373,0.071800,0.050995,-0.303616,-0.728184,-0.869469,-0.583549
-0.048203,0.389492,0.447155,0.086253,-0.420779,-0.681907,-0.508906
-0.055182,0.339720,0.391120,0.058203,-0.405472,-0.616804,-0.359318
0.253296,0.851486,1.042721,0.691032,0.053387,-0.403633,-0.367165
0.118244,0.691978,0.922478,0.624359,0.023216,-0.423035,-0.407135
0.019806,0.513168,0.687485,0.395271,-0.140434,-0.495438,-0.390099
0.109840,0.653053,0.841599,0.524391,-0.065392,-0.481812,-0.422676
0.066650,0.635483,0.866013,0.572823,-0.024414,-0.472641,-0.452835
-0.003456,0.523857,0.720093,0.417366,-0.153168,-0.553429,-0.486092
-0.021828,0.480194,0.628922,0.297676,-0.267883,-0.633911,-0.524818
-0.035782,0.460518,0.584045,0.230766,-0.338066,-0.686806,-0.542023
0.018509,0.624699,0.850258,0.528709,-0.096622,-0.562908,-0.574657
-0.207306,0.211411,0.336231,0.056541,-0.408104,-0.673130,-0.519623
-0.057865,0.378201,0.470383,0.134895,-0.382122,-0.680489,-0.533649
-0.054085,0.423065,0.553993,0.233448,-0.300026,-0.639130,-0.560001
-0.178776,0.191181,0.263786,-0.029545,-0.460819,-0.659569,-0.407185
0.188660,0.765358,0.937267,0.576210,-0.057026,-0.500877,-0.447437
0.051872,0.638412,0.879654,0.590244,-0.009117,-0.462376,-0.443653
0.017345,0.575699,0.803669,0.515762,-0.070374,-0.502705,-0.473007
-0.030426,0.470623,0.635967,0.321190,-0.237831,-0.610069,-0.511044
-0.014408,0.520664,0.697256,0.371152,-0.213748,-0.613587,-0.531167
-0.019731,0.562232,0.791140,0.483659,-0.131635,-0.591877,-0.583959
-0.176610,0.265132,0.372721,0.044700,-0.467831,-0.758814,-0.609526
-0.167562,0.205936,0.213690,-0.164404,-0.649370,-0.860279,-0.639444
-0.183224,0.145809,0.099747,-0.294542,-0.743782,-0.874352,-0.508480
0.203736,0.867426,1.077658,0.702799,0.023640,-0.470609,-0.457344
0.002158,0.533635,0.726194,0.426650,-0.131942,-0.512561,-0.420877
0.088979,0.666431,0.892806,0.590611,-0.015553,-0.470673,-0.448908
0.016084,0.577414,0.808336,0.515542,-0.084227,-0.532021,-0.507873
-0.052227,0.477390,0.672021,0.370632,-0.194661,-0.584843,-0.502621
0.002752,0.577730,0.805573,0.505823,-0.095955,-0.543783,-0.517715
-0.049423,0.512257,0.741577,0.447212,-0.152153,-0.599533,-0.570084
-0.093552,0.479229,0.718578,0.437088,-0.147568,-0.582336,-0.557961
-0.127480,0.351830,0.493698,0.167404,-0.382500,-0.728111,-0.600723
-0.088669,0.439232,0.591148,0.243546,-0.347015,-0.732910,-0.622009
-0.080383,0.523689,0.761818,0.452728,-0.169029,-0.646416,-0.711136
-0.476341,-0.263138,-0.311615,-0.624252,-0.954437,-1.004128,-0.723137
-0.383072,-0.292152,-0.532097,-0.944572,-1.227165,-1.120270,-0.649925
-0.145683,0.060020,-0.131668,-0.570610,-0.933189,-0.903648,-0.399628
0.344966,0.931341,1.036635,0.623232,-0.000357,-0.378016,-0.238497
0.328491,0.944942,1.184528,0.874870,0.253456,-0.215836,-0.207184
0.247719,0.802917,1.028702,0.735672,0.138565,-0.309555,-0.284782
0.181206,0.742531,0.973412,0.682510,0.085571,-0.363358,-0.339378
0.126816,0.689316,0.921387,0.632637,0.040771,-0.403122,-0.377075
0.088234,0.648895,0.880119,0.589569,-0.006035,-0.453621,-0.430252
0.036324,0.598251,0.828773,0.534615,-0.065544,-0.514694,-0.499710
-0.092209,0.337959,0.419411,0.065491,-0.460014,-0.757988,-0.654694
-0.342285,-0.151817,-0.272629,-0.639374,-0.977280,-0.972107,-0.536179
0.121445,0.635345,0.709892,0.305130,-0.284462,-0.627411,-0.484711
0.035667,0.586441,0.790298,0.501945,-0.052414,-0.447395,-0.427574
-0.086586,0.257164,0.310631,0.004189,-0.432274,-0.629333,-0.381134
0.200790,0.765648,0.940475,0.593048,-0.026680,-0.460091,-0.396301
0.113251,0.707001,0.948547,0.650627,0.038925,-0.422661,-0.403412
0.064941,0.635460,0.876450,0.597527,0.012466,-0.425652,-0.399742
0.060562,0.613335,0.837723,0.544312,-0.050217,-0.492821,-0.465492
0.001114,0.562092,0.788757,0.491753,-0.107304,-0.555365,-0.524641
-0.049782,0.523286,0.763894,0.479728,-0.114415,-0.562490,-0.545452
-0.106610,0.398551,0.567009,0.252396,-0.308405,-0.680443,-0.573395
-0.048294,0.535496,0.755474,0.435249,-0.187790,-0.645927,-0.612473
-0.126114,0.458366,0.704430,0.419815,-0.177689,-0.627129,-0.620224
-0.240242,0.134354,0.156876,-0.223175,-0.726685,-0.953995,-0.718140
-0.183563,0.274887,0.340424,-0.036087,-0.571259,-0.845612,-0.623184
-0.011093,0.612991,0.836746,0.503647,-0.132141,-0.602936,-0.598633
-0.168503,0.353439,0.575623,0.321091,-0.207520,-0.583832,-0.504456
-0.011673,0.551804,0.768265,0.458206,-0.150833,-0.600006,-0.565491
-0.083939,0.491867,0.727371,0.432312,-0.170685,-0.621658,-0.589905
-0.109131,0.469803,0.715256,0.432007,-0.162216,-0.611328,-0.585556
-0.114609,0.453613,0.692368,0.410263,-0.174973,-0.612259,-0.579651
-0.109756,0.449631,0.673752,0.373260,-0.228241,-0.671875,-0.633820
-0.149734,0.429565,0.672470,0.385696,-0.210052,-0.656738,-0.628571
-0.154266,0.417297,0.659332,0.378571,-0.204376,-0.639374,-0.607422
-0.139160,0.420563,0.645050,0.347809,-0.250427,-0.692810,-0.655457
-0.173004,0.404663,0.644928,0.356567,-0.239746,-0.687042,-0.655548
-0.177948,0.397858,0.643158,0.363647,-0.225861,-0.678101,-0.698395
-0.345337,0.069977,0.206085,-0.062408,-0.525696,-0.789337,-0.602234
-0.037842,0.548737,0.750031,0.409302,-0.227203,-0.687927,-0.650208
-0.153748,0.439758,0.693787,0.413177,-0.181335,-0.634644,-0.624756
-0.185150,0.351044,0.576630,0.308838,-0.240723,-0.636780,-0.573090
-0.088013,0.471771,0.687469,0.377686,-0.229156,-0.674149,-0.632553
-0.143021,0.440704,0.685059,0.398743,-0.197510,-0.644730,-0.615128
-0.138428,0.437454,0.683807,0.407272,-0.179276,-0.621780,-0.595306
-0.128555,0.432602,0.660431,0.366547,-0.227448,-0.665588,-0.624039
-0.139420,0.437485,0.676041,0.385956,-0.211121,-0.656219,-0.622559
-0.142807,0.435120,0.679581,0.398254,-0.192062,-0.635376,-0.612625
-0.170074,0.333908,0.498260,0.181549,-0.378387,-0.741760,-0.622192
-0.083710,0.512360,0.740616,0.425659,-0.194107,-0.651932,-0.618164
-0.131500,0.455231,0.705490,0.424057,-0.169327,-0.615662,-0.588097
-0.114410,0.459457,0.707710,0.435028,-0.147728,-0.589401,-0.565033
-0.102325,0.454803,0.677673,0.377899,-0.223885,-0.665840,-0.623192
-0.132591,0.454132,0.700462,0.415146,-0.183052,-0.631241,-0.600624
-0.121956,0.456852,0.706089,0.429504,-0.157124,-0.603600,-0.593761
-0.159119,0.367283,0.581203,0.303825,-0.252316,-0.647089,-0.574293
-0.075317,0.501144,0.729493,0.428303,-0.175867,-0.623125,-0.587689
-0.104246,0.476362,0.721516,0.439909,-0.151693,-0.597245,-0.570864
-0.109091,0.439302,0.660357,0.375383,-0.196106,-0.609026,-0.554214
-0.069157,0.496445,0.717934,0.410931,-0.196072,-0.640270,-0.596920
-0.105629,0.479820,0.725868,0.440266,-0.156281,-0.603790,-0.573502
-0.096130,0.481392,0.729347,0.455391,-0.128624,-0.570572,-0.546486
-0.082108,0.474724,0.698273,0.399170,-0.199020,-0.638397,-0.603943
-0.136116,0.421211,0.651115,0.370033,-0.204430,-0.630066,-0.613243
-0.203903,0.284737,0.484688,0.234505,-0.269295,-0.622932,-0.580688
-0.224274,0.143570,0.224823,-0.067749,-0.512909,-0.732254,-0.493423
0.107559,0.710846,0.910095,0.556580,-0.092606,-0.561035,-0.526093
-0.029480,0.566132,0.822235,0.543640,-0.049881,-0.501251,-0.480637
-0.013870,0.555099,0.800415,0.527756,-0.053040,-0.493774,-0.471405
-0.012650,0.538589,0.757568,0.456863,-0.140991,-0.578064,-0.533539
-0.044998,0.534790,0.775223,0.485016,-0.112167,-0.558395,-0.526810
-0.051117,0.524750,0.771042,0.495453,-0.088257,-0.529892,-0.506485
-0.047668,0.502686,0.717850,0.415314,-0.181412,-0.613464,-0.563934
-0.071426,0.510361,0.749832,0.456726,-0.143341,-0.590439,-0.557785
-0.079041,0.497864,0.743256,0.462875,-0.125580,-0.568985,-0.546356
-0.095123,0.434021,0.634064,0.338028,-0.228775,-0.626328,-0.552368
-0.053223,0.520477,0.741211,0.430511,-0.180145,-0.630920,-0.618484
-0.187119,0.333099,0.548721,0.288651,-0.241547,-0.624283,-0.591324
-0.203110,0.247025,0.419571,0.171524,-0.303772,-0.622330,-0.551163
-0.167099,0.245712,0.376404,0.102524,-0.368103,-0.643936,-0.468903
0.085449,0.667938,0.872925,0.537827,-0.092133,-0.551300,-0.516922
-0.027710,0.559570,0.812317,0.537231,-0.049866,-0.496841,-0.481644
-0.042694,0.475281,0.667145,0.370834,-0.190399,-0.580460,-0.502045
-0.003357,0.565979,0.780411,0.464447,-0.150467,-0.601532,-0.562057
-0.071686,0.515778,0.764786,0.482117,-0.112503,-0.561050,-0.535690
-0.065170,0.505569,0.749710,0.472977,-0.111862,-0.555603,-0.531342
-0.068741,0.488281,0.710068,0.411163,-0.185867,-0.623108,-0.580673
-0.093231,0.485474,0.724838,0.436523,-0.159775,-0.605103,-0.574585
-0.098938,0.476852,0.722137,0.446503,-0.139175,-0.588631,-0.600296
-0.225044,0.215179,0.370094,0.102638,-0.378204,-0.675896,-0.526421
0.006523,0.573669,0.768364,0.428932,-0.201408,-0.660919,-0.637627
-0.181824,0.367493,0.603149,0.344368,-0.200180,-0.605942,-0.598724
-0.247734,0.137199,0.239304,-0.041405,-0.491409,-0.728249,-0.515556
0.063446,0.650818,0.844055,0.490479,-0.152916,-0.614624,-0.572998
-0.072685,0.522675,0.775612,0.494873,-0.099789,-0.549355,-0.525982
-0.059383,0.507454,0.747749,0.471092,-0.112686,-0.553417,-0.531055
-0.082058,0.441952,0.628101,0.311478,-0.273785,-0.677879,-0.595760
-0.078754,0.513622,0.751877,0.451710,-0.155355,-0.607437,-0.577763
-0.099051,0.478819,0.726145,0.450594,-0.135008,-0.578524,-0.558918
-0.114601,0.407706,0.604870,0.312837,-0.245131,-0.644646,-0.610728
-0.204957,0.262569,0.432817,0.158086,-0.353418,-0.696136,-0.620579
-0.200891,0.259915,0.427413,0.163628,-0.325312,-0.650558,-0.583086
-0.224151,0.124705,0.185200,-0.110354,-0.538935,-0.743794,-0.541397
-0.076117,0.319496,0.356955,-0.009302,-0.512837,-0.751932,-0.500448
0.129675,0.761835,0.980882,0.636257,-0.013912,-0.492125,-0.470779
0.011379,0.597530,0.852070,0.579739,-0.007574,-0.456711,-0.449528
-0.031210,0.452627,0.617525,0.319889,-0.214338,-0.566895,-0.455210
0.059822,0.627758,0.832989,0.507900,-0.112146,-0.561476,-0.521265
-0.032125,0.552164,0.799978,0.520018,-0.069965,-0.516853,-0.500599
-0.067425,0.433094,0.604755,0.301126,-0.248798,-0.616906,-0.524529
-0.053032,0.428816,0.539988,0.173499,-0.403536,-0.749654,-0.593474
-0.016757,0.606455,0.847907,0.536245,-0.087105,-0.557289,-0.564111
-0.154769,0.342655,0.541539,0.281495,-0.234031,-0.594423,-0.543230
-0.161368,0.239492,0.342710,0.048449,-0.421843,-0.687581,-0.523054
-0.020107,0.493876,0.658363,0.341757,-0.222010,-0.608720,-0.562119
-0.170155,0.247552,0.366485,0.080956,-0.389477,-0.663173,-0.539738
-0.144887,0.205364,0.243791,-0.072661,-0.506330,-0.690844,-0.417514
0.202991,0.805104,0.988512,0.617361,-0.044439,-0.516596,-0.479481
0.019283,0.616028,0.872271,0.595766,0.003338,-0.447939,-0.437996
-0.008154,0.491005,0.664242,0.363140,-0.185266,-0.554810,-0.463861
0.013044,0.518795,0.669264,0.337790,-0.229969,-0.601099,-0.492189
0.032795,0.616455,0.836294,0.521773,-0.092690,-0.542347,-0.510278
-0.032135,0.540280,0.778284,0.495442,-0.090557,-0.529588,-0.508476
-0.075370,0.416292,0.577229,0.265907,-0.284801,-0.646842,-0.535753
-0.013487,0.564558,0.777863,0.456877,-0.161051,-0.619995,-0.625431
-0.243031,0.201344,0.357452,0.089230,-0.390423,-0.692787,-0.595802
-0.213478,0.143902,0.197216,-0.112293,-0.551769,-0.762539,-0.577717
-0.153282,0.196987,0.218834,-0.115997,-0.560059,-0.755840,-0.534679
-0.042023,0.402199,0.502459,0.179852,-0.325384,-0.620878,-0.499516
-0.092079,0.282355,0.341804,0.030541,-0.415580,-0.627095,-0.417639
0.072196,0.503833,0.573055,0.220661,-0.294565,-0.568714,-0.362734
0.227165,0.832146,1.039879,0.695751,0.054855,-0.415157,-0.403275
0.034340,0.548031,0.742496,0.456558,-0.087582,-0.467556,-0.422119
-0.033279,0.371544,0.470856,0.169773,-0.305336,-0.566109,-0.380074
0.144165,0.645042,0.762337,0.398956,-0.184807,-0.554214,-0.441658
0.072281,0.632301,0.834572,0.521194,-0.073578,-0.504707,-0.489433
-0.102165,0.325539,0.455338,0.172745,-0.303581,-0.589958,-0.478127
-0.097717,0.231392,0.245926,-0.089310,-0.528900,-0.710487,-0.455734
0.100464,0.613487,0.745758,0.401115,-0.167969,-0.536530,-0.468040
-0.074921,0.315605,0.399780,0.101288,-0.349762,-0.579849,-0.386848
0.106209,0.560570,0.655228,0.311417,-0.221680,-0.531128,-0.362083
0.201958,0.801834,1.023064,0.703056,0.076294,-0.394363,-0.388008
0.060722,0.606918,0.828697,0.539536,-0.043945,-0.477554,-0.460846
-0.036995,0.472839,0.684975,0.427292,-0.099583,-0.475147,-0.402874
0.078957,0.633526,0.851875,0.554436,-0.042133,-0.488716,-0.465326
-0.004580,0.548641,0.769577,0.471778,-0.121225,-0.562310,-0.552992
-0.154028,0.298933,0.443026,0.150188,-0.355818,-0.670626,-0.550817
-0.094130,0.357426,0.463985,0.130047,-0.397152,-0.712444,-0.590179
-0.146675,0.275223,0.360214,0.030319,-0.467468,-0.738960,-0.570358
-0.086807,0.367928,0.466888,0.128357,-0.394608,-0.698860,-0.562737
-0.110390,0.317337,0.404198,0.076141,-0.419830,-0.700264,-0.582535
-0.217743,0.088089,0.097176,-0.214157,-0.610504,-0.751183,-0.484215
0.029411,0.461197,0.524704,0.169594,-0.343437,-0.619312,-0.460930
-0.009979,0.398769,0.470715,0.147404,-0.327278,-0.563198,-0.334961
0.260380,0.861961,1.068272,0.728592,0.089169,-0.383293,-0.366035
0.101318,0.669857,0.907909,0.621185,0.024490,-0.430046,-0.428215
-0.017155,0.463394,0.626007,0.326107,-0.211342,-0.562210,-0.445919
0.070740,0.633457,0.833515,0.515018,-0.086781,-0.519985,-0.471615
0.015835,0.591606,0.828045,0.537792,-0.061424,-0.514526,-0.500526
-0.068611,0.426750,0.585495,0.267120,-0.287651,-0.650787,-0.556404
-0.098541,0.363937,0.474487,0.135712,-0.400185,-0.717262,-0.584068
-0.124847,0.303818,0.373062,0.020721,-0.493446,-0.760658,-0.540939
0.065529,0.684998,0.903206,0.559708,-0.092255,-0.582977,-0.615036
-0.267792,0.126114,0.234177,-0.045486,-0.490570,-0.724472,-0.531342
-0.023468,0.466080,0.597580,0.267838,-0.279648,-0.626785,-0.509705
-0.004959,0.544998,0.748047,0.445206,-0.137146,-0.563766,-0.558670
-0.193192,0.227570,0.372971,0.117584,-0.334717,-0.599243,-0.428650
0.104721,0.662491,0.854721,0.528458,-0.080048,-0.518936,-0.476181
0.003738,0.574005,0.807922,0.517120,-0.077744,-0.525558,-0.502411
-0.037994,0.520828,0.749268,0.460861,-0.125778,-0.562485,-0.540054
-0.107590,0.394180,0.573929,0.279297,-0.267563,-0.637527,-0.543076
-0.041199,0.516647,0.721664,0.410049,-0.187836,-0.619110,-0.571747
-0.085266,0.486633,0.717285,0.418381,-0.188400,-0.645081,-0.651199
-0.272400,0.151810,0.271332,-0.023346,-0.501877,-0.776718,-0.649536
-0.260712,0.062088,0.059677,-0.286469,-0.720245,-0.890167,-0.671692
-0.260773,0.024353,-0.023193,-0.377930,-0.776245,-0.878799,-0.547684
0.051010,0.581726,0.724686,0.392609,-0.163055,-0.515381,-0.403488
0.081482,0.582520,0.726349,0.397079,-0.159714,-0.515106,-0.391594
0.142960,0.731209,0.955566,0.643562,0.027664,-0.433197,-0.413223
0.052917,0.618309,0.851295,0.560547,-0.038185,-0.488861,-0.465622
-0.001122,0.561676,0.796989,0.519287,-0.056740,-0.483940,-0.447205
0.019928,0.577515,0.803749,0.514130,-0.074684,-0.514557,-0.485489
-0.021065,0.536774,0.762291,0.465126,-0.135063,-0.581306,-0.548782
-0.072136,0.500755,0.739235,0.455902,-0.130585,-0.569115,-0.549454
-0.129501,0.340355,0.479691,0.160652,-0.378151,-0.711784,-0.569611
-0.021416,0.572556,0.796753,0.477776,-0.145988,-0.609726,-0.583794
-0.105858,0.472221,0.713898,0.425911,-0.172981,-0.632599,-0.665062
-0.347527,0.006233,0.087227,-0.189957,-0.606186,-0.816368,-0.697357
-0.443588,-0.330742,-0.482552,-0.818443,-1.087669,-1.021263,-0.574448
0.029503,0.472664,0.521080,0.152958,-0.365145,-0.641157,-0.482910
-0.038925,0.358041,0.422227,0.105880,-0.346265,-0.553996,-0.298807
0.313469,0.918156,1.115814,0.761696,0.112843,-0.362137,-0.339554
0.137951,0.712631,0.950905,0.658539,0.055267,-0.397972,-0.374359
0.095390,0.664345,0.902809,0.616501,0.021187,-0.428070,-0.407333
0.044914,0.577980,0.778946,0.480896,-0.087952,-0.488503,-0.417549
0.075668,0.644455,0.868103,0.566139,-0.039795,-0.490768,-0.463921
0.006111,0.572433,0.805374,0.512627,-0.086113,-0.533875,-0.503822
-0.029640,0.540810,0.776855,0.491104,-0.097771,-0.550400,-0.596474
-0.327576,-0.050346,-0.031494,-0.322380,-0.698456,-0.816109,-0.486275
0.169724,0.785522,0.966873,0.583923,-0.093475,-0.580101,-0.548523
-0.045471,0.558464,0.820854,0.542648,-0.057320,-0.524849,-0.563225
-0.227142,0.174263,0.307335,0.044609,-0.407135,-0.663277,-0.471672
0.092278,0.675476,0.873367,0.526352,-0.116402,-0.583351,-0.547897
-0.052727,0.541447,0.795151,0.512238,-0.088478,-0.546001,-0.537354
-0.092175,0.451488,0.683479,0.417152,-0.135864,-0.540257,-0.486774
-0.011833,0.541782,0.758232,0.454033,-0.146286,-0.589733,-0.554430
-0.076984,0.493769,0.726227,0.432039,-0.169097,-0.616281,-0.584679
-0.105034,0.471808,0.714210,0.430853,-0.162482,-0.609749,-0.585066
-0.124973,0.420781,0.632387,0.333174,-0.251442,-0.670525,-0.610092
-0.113598,0.466272,0.698977,0.398205,-0.211407,-0.664051,-0.631020
-0.146042,0.438042,0.686649,0.403587,-0.191406,-0.650078,-0.680637
-0.357292,-0.001694,0.072334,-0.217598,-0.644508,-0.835968,-0.574387
0.036461,0.636833,0.827339,0.467148,-0.184746,-0.652931,-0.611847
-0.110115,0.489586,0.745857,0.463531,-0.136589,-0.596451,-0.597916
-0.176430,0.341827,0.561348,0.306122,-0.218300,-0.590439,-0.511826
-0.024681,0.531273,0.743195,0.432564,-0.172165,-0.616081,-0.579285
-0.099380,0.473816,0.708702,0.414963,-0.185722,-0.633430,-0.600403
-0.120308,0.457947,0.703712,0.421738,-0.170227,-0.616142,-0.589134
-0.118927,0.448563,0.686592,0.402809,-0.182159,-0.618202,-0.583366
-0.111267,0.451271,0.676567,0.377243,-0.224091,-0.666580,-0.628365
-0.142159,0.438255,0.682259,0.396576,-0.198074,-0.644691,-0.616425
-0.141060,0.431549,0.671715,0.390053,-0.194756,-0.629669,-0.595673
-0.123413,0.439278,0.665703,0.368484,-0.230766,-0.674126,-0.635788
-0.151421,0.427185,0.668404,0.379982,-0.216415,-0.662796,-0.631371
-0.152870,0.424797,0.670952,0.391319,-0.198318,-0.662422,-0.755974
-0.589775,-0.436714,-0.494957,-0.764496,-1.030487,-1.008736,-0.594452
0.037811,0.560783,0.672653,0.300964,-0.287094,-0.660755,-0.562153
-0.080582,0.448368,0.652103,0.377316,-0.157713,-0.535488,-0.486883
-0.074388,0.394897,0.569799,0.307470,-0.188838,-0.511640,-0.386104
0.128968,0.690099,0.886627,0.553881,-0.069853,-0.522842,-0.481384
0.009964,0.596436,0.843475,0.557858,-0.040665,-0.491135,-0.466717
0.002857,0.573616,0.818764,0.543976,-0.039917,-0.483704,-0.461449
-0.002808,0.550285,0.770111,0.467316,-0.135529,-0.578545,-0.538918
-0.051331,0.530449,0.772850,0.481674,-0.119415,-0.569496,-0.539787
-0.061058,0.517807,0.763184,0.481781,-0.110596,-0.556915,-0.531311
-0.061516,0.505554,0.740227,0.453110,-0.137115,-0.575455,-0.539970
-0.064293,0.502747,0.732498,0.435631,-0.164253,-0.609222,-0.573479
-0.090706,0.488258,0.732765,0.449532,-0.142700,-0.589859,-0.566048
-0.099991,0.466324,0.709038,0.436729,-0.140778,-0.577240,-0.548698
-0.085762,0.468666,0.688858,0.385445,-0.217987,-0.659622,-0.617638
-0.125744,0.459332,0.705013,0.419044,-0.178829,-0.627659,-0.599644
-0.123547,0.453690,0.700390,0.423244,-0.163933,-0.607048,-0.581184
-0.114063,0.448421,0.676598,0.381107,-0.214481,-0.653229,-0.612286
-0.127289,0.450954,0.688892,0.398182,-0.200480,-0.646185,-0.612133
-0.132013,0.446283,0.690128,0.408205,-0.182730,-0.626637,-0.597647
-0.126448,0.441051,0.676155,0.388502,-0.200294,-0.638176,-0.600284
-0.123192,0.444287,0.674486,0.378067,-0.221367,-0.664902,-0.626748
-0.141582,0.438785,0.682731,0.397979,-0.194780,-0.640495,-0.611340
-0.136070,0.439373,0.687229,0.414163,-0.168972,-0.610037,-0.586045
-0.124683,0.431117,0.652675,0.354533,-0.242699,-0.679166,-0.634006
-0.144826,0.435613,0.676700,0.388139,-0.208392,-0.653937,-0.621680
-0.142360,0.434169,0.680171,0.402340,-0.185516,-0.633209,-0.639217
-0.259333,0.172785,0.299175,-0.003370,-0.504324,-0.793596,-0.610378
-0.035188,0.569912,0.787563,0.456234,-0.176826,-0.640994,-0.608638
-0.118477,0.471718,0.725397,0.446376,-0.145594,-0.593464,-0.568404
-0.098176,0.473243,0.719060,0.445921,-0.136314,-0.577470,-0.553572
-0.092309,0.462412,0.684850,0.387574,-0.208803,-0.645406,-0.601362
-0.113293,0.466039,0.707002,0.419291,-0.175426,-0.620155,-0.589049
-0.112826,0.462582,0.709422,0.434370,-0.148783,-0.588892,-0.563957
-0.101664,0.454080,0.675578,0.376397,-0.220891,-0.657417,-0.612319
-0.123203,0.457167,0.698184,0.408575,-0.188999,-0.633626,-0.600465
-0.122203,0.454249,0.700173,0.421286,-0.166644,-0.608553,-0.580515
-0.111239,0.457284,0.701210,0.426202,-0.154954,-0.595037,-0.570073
-0.108728,0.445100,0.666655,0.366554,-0.233595,-0.672956,-0.629686
-0.139451,0.444961,0.691937,0.407257,-0.187385,-0.637897,-0.632050
-0.210144,0.295831,0.499289,0.234016,-0.291564,-0.663864,-0.614695
-0.206506,0.255604,0.422438,0.147257,-0.356880,-0.680578,-0.545162
-0.010509,0.571018,0.787777,0.467279,-0.151142,-0.604715,-0.569679
-0.082729,0.501350,0.752869,0.476589,-0.109741,-0.554958,-0.532158
-0.068077,0.496265,0.737999,0.464714,-0.114735,-0.552158,-0.527496
-0.068409,0.482197,0.700558,0.399239,-0.199196,-0.638813,-0.595802
-0.106808,0.477348,0.724068,0.442055,-0.149948,-0.594921,-0.570896
-0.113411,0.426826,0.637852,0.347824,-0.221832,-0.629025,-0.564632
-0.073006,0.496170,0.718281,0.410908,-0.195477,-0.639069,-0.597069
-0.107121,0.476028,0.719795,0.432907,-0.161972,-0.606865,-0.575924
-0.100845,0.474407,0.720116,0.444912,-0.139366,-0.582542,-0.572369
-0.152042,0.332825,0.490952,0.175877,-0.377556,-0.733498,-0.606583
-0.060814,0.540527,0.773991,0.463215,-0.154369,-0.612965,-0.586811
-0.113544,0.458935,0.705803,0.435661,-0.140671,-0.580860,-0.585300
-0.193130,0.287285,0.489834,0.246124,-0.251259,-0.594646,-0.496330
-0.001377,0.550575,0.749756,0.425514,-0.186844,-0.627571,-0.580772
-0.086075,0.498840,0.743385,0.459213,-0.134933,-0.580078,-0.552315
-0.081367,0.488800,0.730453,0.453186,-0.131187,-0.571533,-0.551712
-0.118912,0.370506,0.518486,0.185539,-0.381691,-0.742523,-0.612633
-0.060989,0.548126,0.785385,0.476410,-0.141335,-0.600098,-0.573135
-0.093208,0.487823,0.739250,0.464836,-0.119644,-0.563026,-0.544266
-0.099815,0.423599,0.622841,0.331879,-0.226002,-0.618599,-0.545605
-0.051319,0.513657,0.729645,0.417183,-0.190342,-0.637993,-0.618565
-0.179302,0.347775,0.568226,0.306110,-0.229046,-0.618660,-0.597393
-0.242249,0.134106,0.225754,-0.061401,-0.507053,-0.741531,-0.555786
-0.055248,0.441704,0.592255,0.274544,-0.274681,-0.629395,-0.506165
0.030075,0.620987,0.847031,0.536705,-0.078484,-0.532768,-0.503334
-0.026833,0.549820,0.796906,0.521103,-0.063782,-0.507568,-0.487274
-0.034470,0.509911,0.732834,0.454590,-0.113182,-0.532188,-0.489288
-0.020920,0.530090,0.742981,0.434280,-0.169518,-0.610550,-0.568947
-0.079391,0.504333,0.751595,0.471100,-0.120384,-0.566795,-0.548119
-0.105690,0.408882,0.594475,0.296837,-0.256920,-0.635651,-0.545013
-0.037148,0.534439,0.749168,0.433502,-0.180134,-0.627003,-0.585320
-0.095684,0.489098,0.736439,0.455040,-0.135380,-0.579762,-0.555157
-0.095142,0.453457,0.674713,0.389938,-0.183308,-0.607738,-0.588745
-0.190933,0.256008,0.395123,0.104195,-0.396984,-0.709934,-0.591206
-0.122887,0.373402,0.541859,0.242874,-0.299507,-0.669903,-0.616890
-0.237118,0.151917,0.241474,-0.053612,-0.507126,-0.747437,-0.586025
-0.167213,0.185303,0.209373,-0.122276,-0.562206,-0.740219,-0.451653
0.186886,0.801987,0.993385,0.622330,-0.042297,-0.518234,-0.482918
0.015045,0.611977,0.868401,0.590126,-0.003075,-0.454147,-0.440094
-0.001289,0.513580,0.703354,0.408875,-0.146652,-0.530098,-0.452927
0.019119,0.526894,0.675453,0.328415,-0.260620,-0.645020,-0.531670
0.010406,0.617851,0.861259,0.561295,-0.048515,-0.507240,-0.491982
-0.051971,0.457268,0.635612,0.331764,-0.222290,-0.600349,-0.535416
-0.120407,0.302551,0.396408,0.074303,-0.423584,-0.695175,-0.497383
0.079529,0.674606,0.878403,0.536255,-0.099716,-0.566780,-0.569534
-0.182533,0.256630,0.394867,0.113815,-0.367813,-0.658463,-0.542061
-0.141487,0.221275,0.267212,-0.054504,-0.502174,-0.704468,-0.464378
0.089012,0.600235,0.716064,0.343430,-0.249489,-0.621132,-0.508827
0.000977,0.559830,0.775604,0.491249,-0.071838,-0.482307,-0.463181
-0.074036,0.386757,0.571808,0.329292,-0.150314,-0.475128,-0.384789
0.063179,0.559776,0.740234,0.453110,-0.091225,-0.472374,-0.396843
0.089195,0.643036,0.849937,0.535278,-0.069550,-0.510643,-0.472046
0.003769,0.566063,0.792076,0.502235,-0.082878,-0.516159,-0.488373
-0.054520,0.436905,0.601509,0.297729,-0.246490,-0.605042,-0.501240
-0.006706,0.516514,0.671593,0.325157,-0.271091,-0.664593,-0.562210
-0.028061,0.573479,0.812996,0.512115,-0.098595,-0.555275,-0.537975
-0.092041,0.426007,0.612112,0.312049,-0.246063,-0.632049,-0.581797
-0.194026,0.186328,0.240914,-0.096636,-0.574643,-0.812847,-0.623949
-0.150549,0.271677,0.343327,0.006067,-0.487295,-0.748537,-0.590290
-0.167772,0.187435,0.209293,-0.127480,-0.567601,-0.743854,-0.475024
0.091227,0.588816,0.686265,0.312994,-0.257112,-0.593457,-0.434453
0.133321,0.736905,0.955961,0.626972,-0.003795,-0.465715,-0.437018
0.044608,0.622415,0.865749,0.584270,-0.005274,-0.448808,-0.429241
0.015995,0.542123,0.743052,0.450823,-0.114196,-0.516813,-0.455712
0.028727,0.594675,0.826264,0.539988,-0.050396,-0.496710,-0.478912
-0.024681,0.523064,0.742485,0.447094,-0.143520,-0.577351,-0.540333
-0.078770,0.454762,0.652298,0.353794,-0.215477,-0.615456,-0.550751
-0.083229,0.429832,0.596352,0.276886,-0.291656,-0.671371,-0.580719
-0.100182,0.400391,0.533058,0.181030,-0.393394,-0.754501,-0.640526
-0.156395,0.332123,0.464569,0.135780,-0.399994,-0.724762,-0.597229
-0.127998,0.329147,0.432465,0.096298,-0.429192,-0.738892,-0.627686
-0.231247,0.122528,0.159576,-0.164085,-0.601952,-0.793549,-0.567253
-0.071457,0.360252,0.434456,0.091888,-0.410645,-0.679031,-0.512253
-0.042229,0.390305,0.478012,0.150780,-0.345360,-0.609375,-0.403114
0.182175,0.784561,0.998512,0.668365,0.035477,-0.433441,-0.415596
0.052353,0.616608,0.846504,0.554649,-0.038330,-0.478432,-0.444717
0.023323,0.580841,0.806030,0.521233,-0.057922,-0.486275,-0.449699
0.018250,0.576645,0.808571,0.526535,-0.056717,-0.497910,-0.475044
-0.018715,0.533051,0.761345,0.476692,-0.111092,-0.551895,-0.528625
-0.079712,0.447151,0.641983,0.340797,-0.228195,-0.624962,-0.557076
-0.092270,0.409332,0.557648,0.226013,-0.337975,-0.704384,-0.609329
-0.159584,0.279243,0.361481,0.009323,-0.515404,-0.797951,-0.596367
-0.022499,0.543198,0.704231,0.344170,-0.268524,-0.682220,-0.633057
-0.219009,0.215698,0.337814,0.045685,-0.430313,-0.692917,-0.496964
0.070328,0.652931,0.852188,0.517273,-0.105682,-0.554962,-0.516663
-0.031357,0.546188,0.786354,0.496864,-0.103539,-0.562698,-0.577148
-0.204666,0.227928,0.366501,0.083824,-0.400383,-0.687729,-0.517265
0.032585,0.607674,0.805351,0.476692,-0.137131,-0.579308,-0.533958
-0.044617,0.535004,0.777206,0.490723,-0.105728,-0.557060,-0.540321
-0.093971,0.428398,0.617813,0.316139,-0.246498,-0.633057,-0.551147
-0.067558,0.459473,0.632011,0.309715,-0.266518,-0.654831,-0.563919
-0.054794,0.514130,0.730133,0.423538,-0.173279,-0.607407,-0.562866
-0.079178,0.492859,0.724640,0.426865,-0.177841,-0.628555,-0.604355
-0.156448,0.354767,0.526291,0.212784,-0.346924,-0.718842,-0.637070
-0.206329,0.213654,0.287994,-0.057343,-0.563583,-0.830734,-0.656845
-0.190491,0.215958,0.263199,-0.093353,-0.587265,-0.829498,-0.641663
-0.188850,0.190529,0.225586,-0.109818,-0.556412,-0.736137,-0.451225
0.162209,0.725094,0.866714,0.488354,-0.133694,-0.542034,-0.444607
0.089493,0.692924,0.936247,0.637167,0.026268,-0.436478,-0.420322
0.043015,0.607584,0.842686,0.556958,-0.033861,-0.474748,-0.449624
-0.007668,0.493729,0.656488,0.336216,-0.228251,-0.600031,-0.491761
0.024774,0.588346,0.789260,0.469666,-0.131261,-0.557734,-0.498784
-0.000844,0.580441,0.814533,0.512184,-0.098028,-0.554216,-0.533499
-0.088085,0.417728,0.583899,0.270924,-0.280443,-0.636305,-0.522024
-0.024918,0.485229,0.624435,0.276924,-0.297926,-0.662403,-0.535170
0.011883,0.614483,0.847229,0.534754,-0.088427,-0.554535,-0.533880
-0.058256,0.517525,0.761799,0.482243,-0.102451,-0.540188,-0.514862
-0.075628,0.423084,0.586124,0.271023,-0.286358,-0.652083,-0.545620
-0.036725,0.514402,0.702997,0.377069,-0.219378,-0.635541,-0.564408
-0.057316,0.529138,0.764453,0.463325,-0.148601,-0.604525,-0.580609
-0.117370,0.427594,0.637439,0.344295,-0.223569,-0.622150,-0.549224
-0.050124,0.525482,0.754931,0.457757,-0.142437,-0.589667,-0.561046
-0.091193,0.473992,0.704843,0.409063,-0.191692,-0.637520,-0.603594
-0.121645,0.457485,0.701180,0.423010,-0.160301,-0.595680,-0.566059
-0.107910,0.430058,0.636871,0.340725,-0.234993,-0.646240,-0.584881
-0.095287,0.474812,0.701744,0.402084,-0.201542,-0.650211,-0.618122
-0.139942,0.435452,0.675449,0.385807,-0.211792,-0.659374,-0.639877
-0.223976,0.218437,0.314972,-0.027893,-0.551216,-0.844093,-0.706429
-0.306252,-0.003426,-0.054928,-0.440914,-0.872135,-0.982883,-0.600281
0.121689,0.788223,0.994446,0.608795,-0.083977,-0.587791,-0.573242
-0.109522,0.422245,0.606319,0.298388,-0.255802,-0.625204,-0.553638
-0.136939,0.290624,0.399785,0.095780,-0.389057,-0.655541,-0.457578
0.120482,0.716683,0.921589,0.576632,-0.067995,-0.537781,-0.506124
-0.014719,0.577667,0.831551,0.549786,-0.047848,-0.502319,-0.484795
-0.032784,0.499088,0.699852,0.399658,-0.173248,-0.574879,-0.500099
0.003757,0.584072,0.814270,0.510990,-0.099163,-0.554317,-0.525742
-0.047150,0.530594,0.773880,0.487484,-0.110825,-0.561073,-0.541306
-0.105621,0.384697,0.537468,0.220013,-0.325043,-0.667809,-0.537617
-0.022789,0.507851,0.663448,0.319477,-0.269447,-0.655689,-0.549046
-0.014580,0.583363,0.816383,0.503208,-0.118706,-0.581604,-0.554836
-0.072170,0.512539,0.762733,0.481228,-0.112228,-0.577206,-0.643318
-0.410877,-0.185379,-0.209957,-0.509670,-0.853447,-0.917587,-0.564011
0.052048,0.595093,0.734642,0.377701,-0.217255,-0.603622,-0.495155
0.040131,0.638878,0.876595,0.575874,-0.033707,-0.488304,-0.460167
0.018959,0.596252,0.842003,0.562927,-0.022285,-0.461517,-0.433784
0.029312,0.585831,0.811981,0.517387,-0.078300,-0.521080,-0.490013
-0.015793,0.552734,0.786880,0.495338,-0.103188,-0.550728,-0.521446
-0.046059,0.527534,0.770615,0.489868,-0.096001,-0.535881,-0.507797
-0.041412,0.516418,0.741936,0.446716,-0.148605,-0.588074,-0.551765
-0.073318,0.495499,0.725060,0.427025,-0.176949,-0.624016,-0.588387
-0.104752,0.476048,0.720413,0.434116,-0.162128,-0.610325,-0.593403
-0.177128,0.274433,0.381008,0.040264,-0.491707,-0.792187,-0.605427
-0.019892,0.594481,0.815456,0.481556,-0.159914,-0.630463,-0.602478
-0.112745,0.478003,0.731251,0.449851,-0.146431,-0.597597,-0.572873
-0.101999,0.468106,0.707738,0.427498,-0.155913,-0.590417,-0.556997
-0.086298,0.474842,0.703638,0.410707,-0.184299,-0.626383,-0.592654
-0.116762,0.453434,0.686325,0.393547,-0.204233,-0.650042,-0.616093
-0.135096,0.443092,0.686832,0.402851,-0.190121,-0.636047,-0.608078
-0.135941,0.434448,0.673393,0.389542,-0.195484,-0.631584,-0.596809
-0.124763,0.438694,0.664913,0.366501,-0.233932,-0.677475,-0.638351
-0.153198,0.427155,0.672073,0.387299,-0.206451,-0.653145,-0.623985
-0.150658,0.420906,0.661995,0.381248,-0.202660,-0.637642,-0.602745
-0.131546,0.430099,0.654510,0.356270,-0.243988,-0.685402,-0.647102
-0.160812,0.418724,0.660866,0.374336,-0.222137,-0.668602,-0.637253
-0.159805,0.416824,0.662926,0.383247,-0.205460,-0.648140,-0.625732
-0.180595,0.332779,0.508408,0.193092,-0.374252,-0.753746,-0.648209
-0.117760,0.478172,0.712151,0.403839,-0.211281,-0.666458,-0.635933
-0.151489,0.431091,0.680161,0.398537,-0.194054,-0.643509,-0.633682
-0.204903,0.305923,0.503448,0.225464,-0.312721,-0.679916,-0.583702
-0.073242,0.499954,0.717255,0.400238,-0.214729,-0.664864,-0.625435
-0.134132,0.452324,0.699364,0.414749,-0.180809,-0.629295,-0.599960
-0.124512,0.452080,0.700096,0.425240,-0.158699,-0.600563,-0.575409
-0.111923,0.445976,0.669617,0.370605,-0.230415,-0.672600,-0.631149
-0.140762,0.443802,0.688972,0.400558,-0.197792,-0.647087,-0.615623
-0.136108,0.444511,0.692619,0.413940,-0.175735,-0.620346,-0.594009
-0.122513,0.446266,0.682632,0.397202,-0.192322,-0.629944,-0.594727
-0.117359,0.452343,0.684750,0.389534,-0.208706,-0.652035,-0.614658
-0.130260,0.450314,0.695446,0.411865,-0.180714,-0.626251,-0.596920
-0.121479,0.453152,0.701180,0.428284,-0.154686,-0.596569,-0.572411
-0.110886,0.445072,0.667763,0.367813,-0.231216,-0.669464,-0.624115
-0.132797,0.450731,0.694880,0.406422,-0.190989,-0.640337,-0.624546
-0.179119,0.361877,0.593193,0.331093,-0.218700,-0.618910,-0.560293
-0.078300,0.482313,0.699843,0.392819,-0.210288,-0.649652,-0.604439
-0.113257,0.468183,0.708305,0.416831,-0.181616,-0.627108,-0.593829
-0.112521,0.465971,0.710984,0.429239,-0.160545,-0.603318,-0.574183
-0.102843,0.463816,0.697106,0.407652,-0.183908,-0.620624,-0.582554
-0.103338,0.468197,0.700459,0.406078,-0.192316,-0.634825,-0.597612
-0.114359,0.465084,0.709087,0.424387,-0.168324,-0.613018,-0.582857
-0.108545,0.465942,0.713825,0.440781,-0.141361,-0.582420,-0.558430
-0.097069,0.458721,0.680267,0.380157,-0.216103,-0.652584,-0.607441
-0.117306,0.464069,0.705109,0.415520,-0.181057,-0.626652,-0.593475
-0.114220,0.462234,0.708164,0.430256,-0.156704,-0.598633,-0.574520
-0.125736,0.395138,0.575260,0.257561,-0.322906,-0.721264,-0.652008
-0.180943,0.356159,0.567993,0.289520,-0.259880,-0.652870,-0.610519
-0.191521,0.292046,0.481110,0.223068,-0.280701,-0.628464,-0.573540
-0.189926,0.230247,0.373116,0.114235,-0.347382,-0.622116,-0.455765
0.087059,0.657143,0.849854,0.507469,-0.123856,-0.576538,-0.531845
-0.032402,0.559166,0.808334,0.523865,-0.072556,-0.522888,-0.498322
-0.027618,0.543289,0.788574,0.513931,-0.067841,-0.508560,-0.485214
-0.025497,0.526718,0.743729,0.442047,-0.156754,-0.593811,-0.548264
-0.058731,0.522049,0.761520,0.470367,-0.126801,-0.573959,-0.542343
-0.065628,0.510269,0.754654,0.476196,-0.110352,-0.552841,-0.528320
-0.069382,0.480103,0.703217,0.419296,-0.156021,-0.577652,-0.533417
-0.056885,0.503189,0.722137,0.414566,-0.191040,-0.634842,-0.594025
-0.103287,0.482574,0.730026,0.446777,-0.147430,-0.594589,-0.568817
-0.106674,0.443054,0.662506,0.374977,-0.199051,-0.621323,-0.593361
-0.162239,0.345055,0.541016,0.260498,-0.281174,-0.653786,-0.560013
-0.047089,0.533432,0.758949,0.453003,-0.154907,-0.605873,-0.572159
-0.091408,0.488487,0.736839,0.461327,-0.124237,-0.570641,-0.561722
-0.130913,0.396561,0.620331,0.359543,-0.186028,-0.585960,-0.530983
-0.056511,0.496651,0.708748,0.400246,-0.203346,-0.643204,-0.598473
-0.107765,0.475151,0.720642,0.437416,-0.154816,-0.600014,-0.574257
-0.114075,0.432739,0.650276,0.362793,-0.210197,-0.624607,-0.570293
-0.085728,0.479389,0.699429,0.391964,-0.211582,-0.654312,-0.610477
-0.120663,0.461380,0.704052,0.416080,-0.178894,-0.622902,-0.592056
-0.116089,0.459061,0.705650,0.431328,-0.152082,-0.594397,-0.574575
-0.137856,0.365208,0.527687,0.201296,-0.374096,-0.753750,-0.649351
-0.126863,0.458254,0.687374,0.388906,-0.207675,-0.651317,-0.646472
-0.253880,0.207433,0.379345,0.120918,-0.363682,-0.682670,-0.606062
-0.241000,0.108068,0.160965,-0.142116,-0.572288,-0.763096,-0.498919
0.115459,0.716396,0.905487,0.539982,-0.116215,-0.585737,-0.546974
-0.045597,0.552776,0.809662,0.531853,-0.061859,-0.511471,-0.492054
-0.028400,0.536488,0.776802,0.501133,-0.081665,-0.521435,-0.498123
-0.045265,0.490379,0.690006,0.378914,-0.211617,-0.629734,-0.563469
-0.059250,0.527290,0.765621,0.471386,-0.130779,-0.579964,-0.552303
-0.088291,0.459389,0.673874,0.382393,-0.191643,-0.604156,-0.552851
-0.104467,0.383780,0.528645,0.207264,-0.338755,-0.683445,-0.551252
-0.011980,0.575104,0.790527,0.464804,-0.159775,-0.614563,-0.576824
-0.086218,0.500509,0.749769,0.471251,-0.119251,-0.564692,-0.543090
-0.092893,0.438169,0.642050,0.350807,-0.213220,-0.613860,-0.545906
-0.054662,0.510231,0.725160,0.412627,-0.195943,-0.643653,-0.619403
-0.169500,0.369094,0.594120,0.328719,-0.219463,-0.622958,-0.605682
-0.233980,0.186121,0.324038,0.056348,-0.411053,-0.698342,-0.593255
-0.207787,0.150754,0.208148,-0.096343,-0.531827,-0.730833,-0.476738
0.129600,0.726476,0.912517,0.545940,-0.111317,-0.583844,-0.546108
-0.045744,0.551620,0.809461,0.532598,-0.060175,-0.509830,-0.496319
-0.064888,0.429020,0.594135,0.287926,-0.257719,-0.616703,-0.503563
0.019751,0.597855,0.810236,0.486378,-0.134403,-0.586409,-0.545916
-0.054539,0.531969,0.781984,0.503233,-0.085550,-0.532225,-0.510872
-0.052137,0.501049,0.728795,0.447515,-0.128138,-0.555938,-0.524668
-0.086378,0.408469,0.568657,0.255618,-0.296790,-0.664421,-0.575469
-0.096617,0.434517,0.629681,0.329803,-0.240824,-0.648000,-0.620697
-0.237103,0.184040,0.310292,0.030072,-0.439976,-0.716213,-0.591381
-0.186350,0.179855,0.231165,-0.085217,-0.530532,-0.730489,-0.468549
0.147515,0.753048,0.943759,0.579849,-0.076721,-0.546621,-0.510195
-0.012110,0.583967,0.839552,0.562403,-0.030661,-0.482559,-0.476158
-0.057634,0.426411,0.590544,0.291174,-0.244764,-0.595106,-0.483175
0.017454,0.542807,0.698046,0.347855,-0.253096,-0.650280,-0.549597
-0.012251,0.594410,0.840948,0.547022,-0.059734,-0.516407,-0.498129
-0.040489,0.509655,0.733412,0.449154,-0.125544,-0.545561,-0.506582
-0.057727,0.447586,0.617162,0.306580,-0.254142,-0.630017,-0.532639
-0.018099,0.558150,0.776514,0.463469,-0.147569,-0.594801,-0.559343
-0.085649,0.471624,0.691706,0.397954,-0.185168,-0.606687,-0.561375
-0.111115,0.384851,0.538340,0.219643,-0.331528,-0.686211,-0.572704
-0.090033,0.385315,0.481264,0.105562,-0.465946,-0.801695,-0.660622
-0.164295,0.328503,0.467142,0.149364,-0.377447,-0.702126,-0.600880
-0.202618,0.162743,0.209311,-0.112741,-0.555859,-0.751680,-0.507126
0.036055,0.518605,0.610929,0.242355,-0.316248,-0.641187,-0.471851
0.104214,0.714064,0.937378,0.611637,-0.017864,-0.485363,-0.487582
-0.088340,0.367817,0.515064,0.224366,-0.279531,-0.593239,-0.477233
-0.035067,0.394278,0.483706,0.152321,-0.354773,-0.635500,-0.445795
0.113337,0.670279,0.831406,0.470428,-0.147087,-0.562656,-0.477272
0.048809,0.649181,0.894363,0.601040,-0.003174,-0.459293,-0.445354
-0.005699,0.509048,0.696751,0.399235,-0.158318,-0.543762,-0.467602
0.003445,0.513161,0.672440,0.345783,-0.225986,-0.605976,-0.505842
0.016306,0.601065,0.826878,0.519255,-0.088373,-0.537119,-0.511959
-0.068005,0.437334,0.604984,0.294450,-0.261340,-0.629398,-0.541852
-0.087835,0.371814,0.477601,0.132154,-0.410354,-0.740815,-0.657989
-0.318984,-0.051386,-0.091888,-0.428882,-0.803748,-0.886008,-0.557225
-0.008705,0.423479,0.473723,0.110350,-0.397181,-0.656855,-0.475580
0.003916,0.438017,0.518478,0.180157,-0.323071,-0.589233,-0.379242
0.213654,0.822590,1.039120,0.703709,0.063641,-0.412392,-0.395733
0.075912,0.649685,0.889999,0.607468,0.019814,-0.419907,-0.398506
0.037788,0.536507,0.701485,0.389267,-0.168209,-0.539906,-0.442303
0.056820,0.600201,0.785015,0.463142,-0.129303,-0.544441,-0.476212
0.024082,0.601833,0.830467,0.530521,-0.070477,-0.513630,-0.488792
-0.052002,0.439405,0.593250,0.274897,-0.276918,-0.631271,-0.519402
-0.032497,0.459730,0.581182,0.223899,-0.348906,-0.700607,-0.566569
-0.052809,0.455290,0.576845,0.211850,-0.369569,-0.724920,-0.587660
-0.058008,0.484393,0.646769,0.311469,-0.263980,-0.639797,-0.551149
-0.097992,0.361784,0.474533,0.142820,-0.384127,-0.688429,-0.517193
0.029510,0.579031,0.737701,0.384069,-0.223227,-0.628654,-0.535168
-0.009834,0.581013,0.807980,0.500526,-0.104004,-0.556511,-0.575111
-0.236038,0.144901,0.251827,-0.018234,-0.452820,-0.677315,-0.459229
0.111431,0.677837,0.852249,0.496620,-0.133179,-0.576542,-0.521633
-0.019878,0.570072,0.814705,0.522800,-0.081947,-0.540539,-0.534897
-0.113205,0.372032,0.532463,0.228470,-0.307167,-0.648407,-0.525497
-0.024727,0.489052,0.629906,0.279144,-0.305763,-0.682159,-0.568687
-0.051865,0.492470,0.664574,0.329140,-0.263039,-0.660324,-0.568527
-0.057556,0.505394,0.705704,0.392365,-0.193565,-0.602242,-0.537369
-0.074570,0.420143,0.558723,0.221336,-0.342499,-0.699951,-0.590172
-0.124863,0.323524,0.403511,0.038368,-0.501183,-0.792564,-0.591911
-0.014084,0.552597,0.711685,0.346748,-0.272720,-0.691185,-0.646729
-0.247116,0.167435,0.270561,-0.023773,-0.482414,-0.714142,-0.485634
0.101212,0.679756,0.856430,0.498154,-0.134262,-0.575340,-0.513283
-0.001518,0.597374,0.845978,0.554092,-0.053558,-0.516991,-0.512245
-0.080704,0.434799,0.634979,0.352768,-0.189613,-0.563927,-0.476730
0.019897,0.576447,0.781136,0.468224,-0.132927,-0.567429,-0.521317
-0.036095,0.538452,0.775635,0.485153,-0.113304,-0.562721,-0.538216
-0.068550,0.497429,0.731987,0.442810,-0.148476,-0.587860,-0.559280
-0.115829,0.384132,0.542557,0.218987,-0.345810,-0.713005,-0.599205
-0.086937,0.453865,0.623451,0.286514,-0.305206,-0.702019,-0.603897
-0.071999,0.529259,0.768509,0.461510,-0.157211,-0.622795,-0.615280
-0.191727,0.290482,0.445984,0.141998,-0.383850,-0.712463,-0.590698
-0.115463,0.358383,0.473358,0.131149,-0.415955,-0.751953,-0.653122
-0.245522,0.139832,0.209145,-0.104042,-0.558884,-0.771202,-0.515648
0.105812,0.722565,0.930252,0.582191,-0.064537,-0.539337,-0.536087
-0.114815,0.385635,0.578728,0.307076,-0.215080,-0.566406,-0.461327
0.051079,0.622269,0.838539,0.524384,-0.088737,-0.540970,-0.510483
-0.032921,0.540863,0.778275,0.486053,-0.115089,-0.566200,-0.541428
-0.085152,0.445091,0.639366,0.337639,-0.227997,-0.615570,-0.527840
-0.017975,0.562431,0.788818,0.484703,-0.123360,-0.574471,-0.544823
-0.069069,0.501961,0.738594,0.446587,-0.153366,-0.601326,-0.571480
-0.094551,0.480576,0.723228,0.443047,-0.140305,-0.576706,-0.552010
-0.125107,0.347725,0.479271,0.145668,-0.406586,-0.746696,-0.613869
-0.114975,0.365707,0.457184,0.079987,-0.489098,-0.812675,-0.629272
-0.029472,0.604889,0.844688,0.520653,-0.119835,-0.603092,-0.616024
-0.224449,0.228035,0.374599,0.088127,-0.404728,-0.702591,-0.570873
-0.109211,0.354107,0.483063,0.170338,-0.350491,-0.664368,-0.504570
0.054234,0.649920,0.867018,0.536106,-0.097528,-0.564230,-0.536350
-0.059425,0.504950,0.730112,0.439435,-0.138694,-0.553318,-0.496300
-0.006133,0.566473,0.797826,0.503509,-0.093861,-0.540254,-0.511785
-0.041117,0.523893,0.755539,0.462494,-0.136538,-0.582619,-0.550905
-0.073108,0.502876,0.745398,0.462156,-0.132046,-0.579200,-0.552457
-0.081539,0.487631,0.723404,0.435431,-0.157597,-0.601630,-0.568861
-0.092946,0.479224,0.716994,0.427094,-0.170771,-0.617641,-0.587682
-0.109665,0.464589,0.704428,0.415602,-0.183148,-0.631873,-0.608631
-0.170469,0.319380,0.466818,0.144089,-0.404230,-0.745333,-0.621294
-0.146730,0.297153,0.359985,-0.021170,-0.564857,-0.847633,-0.623794
0.000440,0.641434,0.874134,0.537194,-0.115110,-0.598354,-0.578071
-0.089136,0.506676,0.769822,0.499199,-0.091294,-0.554311,-0.610672
-0.340254,-0.049793,-0.019790,-0.313300,-0.705645,-0.853087,-0.601596
-0.101332,0.328949,0.405642,0.070436,-0.428707,-0.689827,-0.471901
0.131805,0.751461,0.970818,0.631382,-0.014626,-0.491638,-0.469109
0.015198,0.602509,0.853310,0.573364,-0.016602,-0.460564,-0.433594
0.033615,0.595192,0.826355,0.534767,-0.058922,-0.502647,-0.471542
0.000755,0.567375,0.800606,0.509132,-0.088356,-0.534874,-0.504570
-0.029152,0.545441,0.791466,0.514618,-0.069359,-0.510292,-0.490089
-0.047142,0.468910,0.649124,0.332481,-0.247925,-0.646233,-0.560341
-0.041557,0.547699,0.779922,0.471825,-0.144081,-0.600037,-0.569321
-0.083725,0.499992,0.748222,0.465759,-0.127678,-0.580910,-0.589485
-0.226799,0.160934,0.233574,-0.094879,-0.575584,-0.817444,-0.609703
-0.086380,0.391159,0.485367,0.121613,-0.431221,-0.743584,-0.556892
0.038330,0.666206,0.900543,0.575974,-0.062134,-0.537178,-0.517563
-0.038094,0.544426,0.790497,0.507828,-0.082886,-0.523659,-0.492554
-0.021233,0.543449,0.772812,0.479454,-0.116959,-0.559471,-0.525200
-0.048782,0.519974,0.753380,0.458168,-0.142029,-0.589264,-0.555763
-0.076195,0.502525,0.748726,0.469139,-0.120476,-0.566986,-0.542542
-0.076828,0.485229,0.715908,0.425819,-0.164421,-0.601784,-0.564362
-0.086765,0.481213,0.711895,0.415955,-0.183990,-0.629993,-0.596237
-0.114460,0.463522,0.707052,0.422863,-0.169342,-0.615490,-0.587742
-0.115824,0.451412,0.685275,0.396390,-0.193627,-0.630766,-0.593115
-0.115288,0.453896,0.685782,0.391034,-0.208701,-0.654489,-0.619544
-0.139513,0.437720,0.678558,0.390730,-0.204102,-0.649914,-0.618902
-0.140814,0.435469,0.681229,0.404133,-0.182018,-0.640717,-0.710365
-0.494114,-0.293434,-0.339661,-0.643223,-0.970287,-0.999294,-0.576714
0.145805,0.790417,0.969063,0.566826,-0.130650,-0.627401,-0.597061
-0.088390,0.525999,0.796808,0.526937,-0.066721,-0.527018,-0.533813
-0.116636,0.397333,0.607721,0.339533,-0.200670,-0.582590,-0.504881
-0.009834,0.554911,0.770665,0.456988,-0.154674,-0.602524,-0.563771
-0.075092,0.507769,0.754176,0.469898,-0.124354,-0.572537,-0.545837
-0.073986,0.497084,0.742550,0.468085,-0.114491,-0.555988,-0.532434
-0.072487,0.480925,0.701084,0.399597,-0.201931,-0.644615,-0.604645
-0.115728,0.467373,0.710117,0.421242,-0.178535,-0.626326,-0.596298
-0.117237,0.462936,0.711571,0.434387,-0.153805,-0.598909,-0.580872
-0.147873,0.344669,0.496727,0.170757,-0.390545,-0.749393,-0.620480
-0.071751,0.531551,0.762074,0.445454,-0.178886,-0.640274,-0.609070
-0.122002,0.466103,0.718689,0.441517,-0.149597,-0.596619,-0.572674
-0.104523,0.458981,0.688164,0.394646,-0.200943,-0.640671,-0.606556
-0.137119,0.422779,0.649380,0.360138,-0.226322,-0.654072,-0.604187
-0.112278,0.468903,0.709747,0.421913,-0.174873,-0.627518,-0.626713
-0.213711,0.293209,0.510300,0.262436,-0.253708,-0.617638,-0.534794
-0.044422,0.511787,0.719093,0.401939,-0.206329,-0.647877,-0.602875
-0.110924,0.472256,0.711166,0.419472,-0.180172,-0.625874,-0.592804
-0.113655,0.463676,0.710468,0.431461,-0.155613,-0.597649,-0.571693
-0.105457,0.455166,0.682480,0.388084,-0.204468,-0.640205,-0.598236
-0.114178,0.458252,0.690422,0.394005,-0.206409,-0.650917,-0.614708
-0.129513,0.451855,0.698742,0.418858,-0.171036,-0.614891,-0.588783
-0.118484,0.452030,0.698906,0.427795,-0.150475,-0.588676,-0.565754
-0.108383,0.442482,0.659145,0.357132,-0.240032,-0.676430,-0.629250
-0.138069,0.444351,0.685448,0.397873,-0.197685,-0.643242,-0.611000
-0.133648,0.442879,0.688881,0.413002,-0.169994,-0.613850,-0.604340
-0.191505,0.283997,0.436749,0.124176,-0.419937,-0.764679,-0.628620
-0.077694,0.523876,0.753666,0.439251,-0.181934,-0.640186,-0.607834
-0.122559,0.463772,0.715580,0.439587,-0.147430,-0.599178,-0.606281
-0.206980,0.287340,0.499758,0.258013,-0.245235,-0.599319,-0.511602
-0.024220,0.524147,0.721724,0.395901,-0.219975,-0.664177,-0.615940
-0.116879,0.476274,0.727025,0.444126,-0.151686,-0.600432,-0.574287
-0.101029,0.473392,0.722183,0.451015,-0.128292,-0.568500,-0.545618
-0.086338,0.465440,0.683983,0.381873,-0.216364,-0.652856,-0.605770
-0.114687,0.468608,0.710569,0.421892,-0.173783,-0.619460,-0.587342
-0.110115,0.466287,0.713135,0.437113,-0.147001,-0.587086,-0.561151
-0.095914,0.468605,0.710515,0.437412,-0.140879,-0.579103,-0.555229
-0.096919,0.452923,0.670527,0.368465,-0.230699,-0.669084,-0.624848
-0.132680,0.452671,0.700576,0.418768,-0.174007,-0.625601,-0.627663
-0.218478,0.284658,0.499955,0.255202,-0.255909,-0.616808,-0.531933
-0.042480,0.510870,0.713385,0.391483,-0.219532,-0.659893,-0.610783
-0.112810,0.475359,0.721172,0.435333,-0.160461,-0.607235,-0.578157
-0.102970,0.471411,0.718208,0.445065,-0.136198,-0.575413,-0.550570
-0.089346,0.462404,0.679949,0.376844,-0.221397,-0.656918,-0.609844
-0.116823,0.465466,0.706432,0.416767,-0.179886,-0.624577,-0.591480
-0.113285,0.464077,0.709923,0.431934,-0.152176,-0.593231,-0.566307
-0.099110,0.467354,0.711185,0.439014,-0.139332,-0.577610,-0.554768
-0.097481,0.452328,0.668919,0.368786,-0.227493,-0.662041,-0.614983
-0.124901,0.457405,0.701313,0.416523,-0.175301,-0.618137,-0.588085
-0.114864,0.456596,0.702457,0.431316,-0.147961,-0.586185,-0.565239
-0.120571,0.399158,0.580093,0.259289,-0.326202,-0.734421,-0.676888
-0.216457,0.312065,0.524193,0.256763,-0.276817,-0.656067,-0.611835
-0.205608,0.255535,0.428246,0.169628,-0.317123,-0.644108,-0.579334
-0.226006,0.116322,0.169369,-0.130630,-0.557755,-0.746521,-0.483253
0.130226,0.731239,0.920410,0.555954,-0.099197,-0.566719,-0.526955
-0.026527,0.570885,0.827797,0.551971,-0.038811,-0.487465,-0.467110
-0.006439,0.556473,0.797752,0.524986,-0.052979,-0.489922,-0.466743
-0.011093,0.535133,0.748161,0.443504,-0.154335,-0.589470,-0.542015
-0.052536,0.528183,0.768562,0.482208,-0.111168,-0.555550,-0.526070
-0.054398,0.516495,0.758850,0.484238,-0.097519,-0.536247,-0.517769
-0.085320,0.415466,0.589348,0.286942,-0.263725,-0.634514,-0.536003
-0.024246,0.548271,0.761963,0.443306,-0.173279,-0.624062,-0.585274
-0.095581,0.492195,0.743469,0.467926,-0.120598,-0.566040,-0.546387
-0.102036,0.419342,0.613617,0.317749,-0.242065,-0.631691,-0.551842
-0.051743,0.518013,0.733856,0.420280,-0.189331,-0.634163,-0.593399
-0.105644,0.475327,0.718887,0.437660,-0.150642,-0.598785,-0.606216
-0.221886,0.240997,0.422272,0.170189,-0.316925,-0.647194,-0.584709
-0.224846,0.132736,0.199928,-0.095833,-0.533409,-0.742302,-0.498970
0.098648,0.693733,0.883858,0.525246,-0.126076,-0.593689,-0.556953
-0.058548,0.538834,0.800591,0.529572,-0.057411,-0.507195,-0.494789
-0.055656,0.465408,0.663284,0.370972,-0.189232,-0.583160,-0.511490
-0.018517,0.546120,0.761772,0.449951,-0.155968,-0.599098,-0.557625
-0.070160,0.510521,0.756721,0.476143,-0.111511,-0.554138,-0.528770
-0.064102,0.497898,0.735352,0.456856,-0.122879,-0.560581,-0.538147
-0.104702,0.389252,0.541721,0.210297,-0.362274,-0.736202,-0.631996
-0.120441,0.448959,0.672272,0.382702,-0.194321,-0.618584,-0.612122
-0.244297,0.168056,0.295372,0.023039,-0.437239,-0.709654,-0.589827
-0.206356,0.131653,0.157963,-0.164623,-0.596546,-0.772480,-0.485756
0.148037,0.761368,0.952969,0.587009,-0.072567,-0.546425,-0.511967
-0.015831,0.579292,0.836861,0.563629,-0.024570,-0.477516,-0.491684
-0.117950,0.315865,0.455631,0.171200,-0.321594,-0.623318,-0.493484
-0.028820,0.424767,0.521610,0.167294,-0.379128,-0.693935,-0.517479
0.064667,0.680550,0.911797,0.593918,-0.031685,-0.496307,-0.475159
-0.002968,0.570389,0.817131,0.543915,-0.038406,-0.479668,-0.462723
-0.021057,0.505447,0.707729,0.416843,-0.150742,-0.556873,-0.497295
-0.013386,0.548141,0.767544,0.463341,-0.135029,-0.573616,-0.535458
-0.055180,0.517399,0.757519,0.476780,-0.109085,-0.548960,-0.528679
-0.088581,0.423681,0.607962,0.308044,-0.251877,-0.638677,-0.570676
-0.122351,0.350220,0.473694,0.131126,-0.423177,-0.767277,-0.663782
-0.210545,0.267881,0.433303,0.160626,-0.332241,-0.653565,-0.577324
-0.214584,0.133158,0.187665,-0.111869,-0.540487,-0.739524,-0.527451
-0.044774,0.374908,0.435232,0.082830,-0.425546,-0.688004,-0.469446
0.130976,0.744451,0.956701,0.614136,-0.030081,-0.501419,-0.476191
0.004936,0.584206,0.829973,0.551886,-0.033316,-0.474495,-0.454544
-0.023573,0.467918,0.629656,0.320095,-0.230829,-0.594069,-0.484177
0.037872,0.617649,0.834616,0.518223,-0.095161,-0.544729,-0.508661
-0.026558,0.551733,0.795557,0.516527,-0.069603,-0.513652,-0.493607
-0.048865,0.479713,0.683079,0.391321,-0.175176,-0.579247,-0.523485
-0.065810,0.439453,0.600193,0.275974,-0.293371,-0.671926,-0.569384
-0.043863,0.546200,0.775324,0.468060,-0.144087,-0.601208,-0.595081
-0.182671,0.289482,0.445755,0.150333,-0.367992,-0.699894,-0.599945
-0.170742,0.249687,0.335182,0.004807,-0.496380,-0.775139,-0.621552
-0.145050,0.337864,0.496979,0.214134,-0.288815,-0.612320,-0.518719
-0.092884,0.355442,0.496887,0.210205,-0.288731,-0.608265,-0.524399
-0.144344,0.225430,0.296867,-0.001534,-0.446621,-0.662970,-0.426067
0.169085,0.765614,0.963024,0.615519,-0.028711,-0.498110,-0.471935
0.011103,0.591291,0.834061,0.548120,-0.046816,-0.494711,-0.471643
-0.013168,0.533894,0.751663,0.463423,-0.111319,-0.529427,-0.482698
-0.016403,0.519855,0.717154,0.410589,-0.172535,-0.585270,-0.522467
-0.025587,0.550743,0.781883,0.486378,-0.110210,-0.551922,-0.523693
-0.074745,0.441402,0.621716,0.313957,-0.248848,-0.630695,-0.547047
-0.080288,0.404678,0.530663,0.184715,-0.376850,-0.724247,-0.606449
-0.145885,0.278267,0.326439,-0.053619,-0.576679,-0.836086,-0.625225
-0.088070,0.411964,0.533348,0.191631,-0.352074,-0.681778,-0.573795
-0.154213,0.238121,0.303600,-0.018288,-0.480789,-0.699734,-0.453682
0.151516,0.746284,0.935116,0.580091,-0.060841,-0.519154,-0.476133
0.019691,0.607666,0.853264,0.567194,-0.026897,-0.472004,-0.449106
-0.003500,0.517139,0.706776,0.406292,-0.158112,-0.550346,-0.476023
0.009802,0.552711,0.746832,0.432228,-0.156910,-0.574629,-0.511885
-0.017019,0.558290,0.787445,0.489971,-0.107594,-0.549297,-0.519108
-0.065289,0.456661,0.643700,0.338696,-0.227245,-0.616108,-0.539413
-0.071735,0.424889,0.566322,0.227867,-0.338978,-0.698448,-0.577969
-0.063969,0.470737,0.630371,0.288452,-0.299408,-0.687523,-0.584686
-0.063751,0.503220,0.704582,0.387398,-0.204300,-0.616722,-0.553612
-0.089630,0.408218,0.550873,0.215584,-0.345200,-0.699638,-0.590767
-0.126358,0.323082,0.408028,0.048767,-0.487877,-0.789085,-0.641129
-0.193649,0.192154,0.219917,-0.139320,-0.610497,-0.814583,-0.583088
-0.078228,0.361488,0.442638,0.108921,-0.386803,-0.649429,-0.465221
0.045498,0.532017,0.652685,0.311214,-0.240076,-0.574381,-0.427031
0.120404,0.701886,0.905881,0.575648,-0.043647,-0.489311,-0.444504
0.045274,0.623345,0.860106,0.571138,-0.018013,-0.454319,-0.423683
0.028614,0.553923,0.743298,0.436690,-0.136716,-0.537872,-0.463604
0.035837,0.611767,0.842501,0.543657,-0.059181,-0.511974,-0.488874
-0.021576,0.543020,0.776207,0.489569,-0.096284,-0.530287,-0.499310
-0.050571,0.465367,0.646444,0.338466,-0.227494,-0.615398,-0.535801
-0.059389,0.451744,0.605602,0.270660,-0.306381,-0.682796,-0.578131
-0.074919,0.454958,0.613718,0.272888,-0.313896,-0.698982,-0.593143
-0.075096,0.481201,0.671021,0.350212,-0.231392,-0.626984,-0.545235
-0.053997,0.480618,0.656761,0.331196,-0.254139,-0.651474,-0.575356
-0.099457,0.417034,0.583042,0.262096,-0.304008,-0.676418,-0.571693
-0.073307,0.445930,0.594147,0.250687,-0.326004,-0.700111,-0.619526
-0.190952,0.246433,0.358501,0.052494,-0.435291,-0.703716,-0.505714
0.073368,0.673515,0.886246,0.552956,-0.082062,-0.550137,-0.525570
-0.046074,0.532570,0.775768,0.488308,-0.112030,-0.564289,-0.543583
-0.093300,0.431015,0.620396,0.313812,-0.253689,-0.643120,-0.554287
-0.045280,0.526463,0.744274,0.434597,-0.167244,-0.605362,-0.559891
-0.070419,0.509323,0.748734,0.458504,-0.143600,-0.594681,-0.571823
-0.114517,0.423592,0.628593,0.334564,-0.231247,-0.625839,-0.558731
-0.101524,0.380821,0.506165,0.159584,-0.403580,-0.759392,-0.682159
-0.326225,-0.044785,-0.095001,-0.467018,-0.880486,-0.980476,-0.616516
0.032303,0.582413,0.693825,0.303135,-0.296925,-0.665874,-0.572369
-0.149551,0.252827,0.325317,0.007452,-0.454975,-0.672876,-0.426771
0.162854,0.720703,0.865146,0.489584,-0.135552,-0.549881,-0.456436
0.078607,0.684923,0.928179,0.623173,0.002499,-0.472860,-0.505329
-0.169260,0.206734,0.297035,0.008539,-0.430645,-0.642120,-0.403328
0.176121,0.728767,0.876842,0.502926,-0.122536,-0.542072,-0.457695
0.069340,0.671631,0.914803,0.614601,0.000641,-0.462212,-0.445168
0.023926,0.595184,0.835937,0.549950,-0.045036,-0.493950,-0.474823
-0.034904,0.468391,0.634003,0.313637,-0.252869,-0.626671,-0.520401
-0.007797,0.544075,0.727547,0.396530,-0.201050,-0.611504,-0.530811
-0.010345,0.585445,0.824146,0.519527,-0.096844,-0.560108,-0.543472
-0.098194,0.417248,0.595894,0.290390,-0.264317,-0.641068,-0.594357
-0.238415,0.092827,0.114391,-0.219727,-0.658184,-0.841560,-0.619812
-0.169529,0.181942,0.188377,-0.163673,-0.612091,-0.790695,-0.530052
0.025166,0.544060,0.699738,0.390022,-0.146423,-0.486534,-0.357651
0.168549,0.736794,0.938408,0.613625,0.000702,-0.442558,-0.400269
0.084084,0.658730,0.895020,0.602646,0.003281,-0.449005,-0.427368
0.039444,0.603554,0.838203,0.550072,-0.046059,-0.494156,-0.471291
-0.014977,0.523117,0.725166,0.425255,-0.150299,-0.554565,-0.485321
0.012070,0.584999,0.810806,0.506111,-0.101540,-0.553238,-0.524166
-0.047039,0.525349,0.762352,0.470711,-0.128891,-0.578461,-0.550209
-0.074863,0.499668,0.743681,0.463869,-0.123028,-0.564899,-0.547570
-0.132857,0.318129,0.426081,0.076928,-0.472174,-0.792556,-0.620635
-0.040035,0.574333,0.800190,0.471130,-0.165544,-0.633291,-0.603508
-0.113945,0.476633,0.729715,0.448149,-0.148296,-0.607437,-0.627720
-0.274681,0.124985,0.233871,-0.058662,-0.525276,-0.782467,-0.628990
-0.195572,0.188999,0.237022,-0.103127,-0.578823,-0.800091,-0.542652
0.084587,0.708038,0.917488,0.563362,-0.095234,-0.576900,-0.551151
-0.060715,0.531700,0.785618,0.504871,-0.085888,-0.530613,-0.503426
-0.035004,0.527779,0.759171,0.467831,-0.126595,-0.568100,-0.536743
-0.063210,0.503670,0.734238,0.439156,-0.161896,-0.608994,-0.575356
-0.095650,0.482231,0.726631,0.444283,-0.148056,-0.595314,-0.569649
-0.100777,0.465393,0.700157,0.414108,-0.174072,-0.611351,-0.576767
-0.102966,0.462234,0.691147,0.393448,-0.206276,-0.651077,-0.616135
-0.134155,0.443054,0.683876,0.397980,-0.197868,-0.643723,-0.613724
-0.139557,0.431854,0.668884,0.382156,-0.206696,-0.647552,-0.641922
-0.278809,0.082977,0.110397,-0.251114,-0.735275,-0.944397,-0.662201
-0.005539,0.640259,0.861115,0.507553,-0.154388,-0.641312,-0.619781
-0.127640,0.471344,0.735672,0.466248,-0.123062,-0.573181,-0.556213
-0.095963,0.463623,0.693802,0.401276,-0.193329,-0.634048,-0.597000
-0.114899,0.459503,0.695587,0.401077,-0.200363,-0.648834,-0.615555
-0.131317,0.451050,0.698929,0.418076,-0.173752,-0.621490,-0.595306
-0.123962,0.444672,0.681854,0.397247,-0.190491,-0.627319,-0.591309
-0.117081,0.450500,0.681778,0.386429,-0.212921,-0.657349,-0.622040
-0.140671,0.437881,0.680038,0.394485,-0.201019,-0.646515,-0.616180
-0.139725,0.436890,0.683945,0.408142,-0.176743,-0.620499,-0.595276
-0.129761,0.430161,0.657745,0.362656,-0.235474,-0.678680,-0.640198
-0.154709,0.425980,0.668304,0.379013,-0.220200,-0.668396,-0.635834
-0.154266,0.427429,0.677582,0.399948,-0.188690,-0.645935,-0.697540
-0.439011,-0.187653,-0.205162,-0.520332,-0.891144,-0.982063,-0.650131
-0.058434,0.448769,0.558693,0.196823,-0.370758,-0.717278,-0.596657
-0.103996,0.423241,0.620399,0.343014,-0.189709,-0.560307,-0.506538
-0.096741,0.364017,0.533403,0.269522,-0.221482,-0.534142,-0.398553
0.127460,0.694548,0.895025,0.562285,-0.064377,-0.519288,-0.480711
0.009733,0.596289,0.842430,0.555927,-0.042496,-0.492874,-0.468357
0.003269,0.577034,0.823208,0.549431,-0.033455,-0.477219,-0.455925
0.001770,0.554893,0.777679,0.481720,-0.112389,-0.548721,-0.509300
-0.027779,0.545052,0.778587,0.483498,-0.116585,-0.562729,-0.531082
-0.051399,0.525467,0.769844,0.489410,-0.100067,-0.545464,-0.519920
-0.053123,0.508049,0.736877,0.442993,-0.150032,-0.587227,-0.548660
-0.067986,0.503036,0.734787,0.436974,-0.165817,-0.611702,-0.575882
-0.092064,0.488907,0.734428,0.450249,-0.142921,-0.588081,-0.560333
-0.088425,0.484665,0.730179,0.456741,-0.125793,-0.582878,-0.656784
-0.440865,-0.219032,-0.231613,-0.514549,-0.849518,-0.922501,-0.599182
-0.035553,0.453598,0.572975,0.238052,-0.302826,-0.641464,-0.541359
-0.097359,0.378731,0.552559,0.289177,-0.202309,-0.531082,-0.458328
-0.060974,0.368881,0.510590,0.236862,-0.244370,-0.535614,-0.377838
0.163330,0.737610,0.935440,0.597137,-0.035034,-0.493454,-0.456406
0.035446,0.623398,0.873856,0.593567,0.000305,-0.449829,-0.429962
0.032166,0.598465,0.843109,0.573654,-0.002975,-0.442520,-0.424850
0.024353,0.566132,0.775742,0.468658,-0.131577,-0.568115,-0.522079
-0.032028,0.549240,0.790176,0.502411,-0.094330,-0.541061,-0.513916
-0.043579,0.526962,0.769943,0.493027,-0.091019,-0.532028,-0.516769
-0.095322,0.374039,0.503128,0.161240,-0.399231,-0.744568,-0.597382
-0.032501,0.579956,0.813690,0.495361,-0.130692,-0.595718,-0.568138
-0.085648,0.498901,0.750893,0.474091,-0.115677,-0.561371,-0.540993
-0.091042,0.442719,0.651215,0.363571,-0.201775,-0.606651,-0.544853
-0.057755,0.504013,0.717796,0.402176,-0.211411,-0.662125,-0.635979
-0.176369,0.375740,0.608299,0.339622,-0.217667,-0.632141,-0.615978
-0.219986,0.250549,0.440384,0.193844,-0.295589,-0.634998,-0.581566
-0.202362,0.214428,0.349056,0.076157,-0.400322,-0.684887,-0.515579
0.036053,0.618771,0.825958,0.494999,-0.132820,-0.590824,-0.556274
-0.068832,0.516708,0.769676,0.496780,-0.089128,-0.535885,-0.516565
-0.057892,0.502069,0.743366,0.471605,-0.105363,-0.543258,-0.521993
-0.069203,0.476142,0.690264,0.384747,-0.214913,-0.654767,-0.610037
-0.120311,0.464571,0.711034,0.428771,-0.164455,-0.611614,-0.584872
-0.114925,0.457193,0.703705,0.432234,-0.147369,-0.587868,-0.566252
-0.109196,0.440380,0.656750,0.353462,-0.243984,-0.679687,-0.632793
-0.141895,0.440247,0.683018,0.397102,-0.197784,-0.642673,-0.616611
-0.150269,0.414383,0.654480,0.382523,-0.191704,-0.628815,-0.637039
-0.272041,0.147278,0.272705,-0.020042,-0.510307,-0.792892,-0.609894
-0.038818,0.562202,0.777763,0.447296,-0.183937,-0.645309,-0.612137
-0.123123,0.463989,0.717537,0.443275,-0.143005,-0.588165,-0.566284
-0.105064,0.454498,0.692482,0.418419,-0.157890,-0.591225,-0.563477
-0.102303,0.449402,0.665924,0.363770,-0.232567,-0.667160,-0.621132
-0.132065,0.448257,0.690208,0.405426,-0.185410,-0.628242,-0.599159
-0.128853,0.436798,0.676895,0.402008,-0.175117,-0.607300,-0.584274
-0.157074,0.318985,0.450813,0.108704,-0.456863,-0.807228,-0.663063
-0.098236,0.517105,0.758591,0.450874,-0.166595,-0.628006,-0.603668
-0.126335,0.453102,0.704910,0.434792,-0.144463,-0.584602,-0.561661
-0.106224,0.444679,0.673103,0.394455,-0.179558,-0.612556,-0.606941
-0.203827,0.280602,0.467590,0.192841,-0.332352,-0.696457,-0.631348
-0.205406,0.267456,0.436157,0.161842,-0.342415,-0.678925,-0.612854
-0.246506,0.109703,0.167709,-0.136162,-0.572975,-0.783058,-0.586815
-0.105160,0.353558,0.480881,0.176308,-0.330589,-0.631634,-0.465969
0.090832,0.683552,0.898684,0.574606,-0.049334,-0.508389,-0.478799
0.001764,0.581455,0.833498,0.562605,-0.018399,-0.461282,-0.447902
-0.015631,0.493749,0.681020,0.386987,-0.167116,-0.552073,-0.473467
0.021482,0.584177,0.795940,0.482210,-0.125601,-0.568663,-0.527124
-0.040573,0.540173,0.785458,0.507877,-0.077797,-0.519436,-0.496025
-0.034279,0.524822,0.761353,0.484863,-0.094833,-0.530556,-0.505184
-0.047348,0.500061,0.715248,0.411758,-0.183945,-0.617928,-0.571289
-0.083588,0.495377,0.736946,0.453739,-0.136520,-0.578789,-0.550137
-0.081234,0.484962,0.725601,0.449287,-0.133167,-0.571609,-0.550884
-0.116203,0.386791,0.561893,0.259726,-0.292652,-0.666113,-0.569265
-0.057201,0.518555,0.735458,0.419996,-0.193428,-0.645948,-0.617678
-0.149141,0.413773,0.655077,0.388220,-0.177042,-0.603325,-0.603748
-0.238844,0.178431,0.310616,0.036274,-0.432833,-0.711067,-0.560873
-0.061378,0.457001,0.627804,0.312576,-0.255678,-0.639017,-0.544149
-0.025261,0.562136,0.796425,0.500134,-0.100166,-0.548485,-0.523876
-0.062889,0.486668,0.706917,0.421139,-0.154083,-0.574615,-0.534187
-0.090729,0.401428,0.555046,0.234520,-0.320419,-0.680790,-0.562180
-0.027576,0.561722,0.786175,0.472332,-0.142433,-0.595310,-0.562515
-0.085598,0.481701,0.714645,0.430706,-0.149532,-0.577965,-0.544392
-0.104794,0.385498,0.539219,0.222706,-0.328255,-0.683704,-0.567059
-0.045139,0.527687,0.740707,0.427258,-0.176365,-0.619175,-0.607651
-0.194771,0.300301,0.506630,0.258850,-0.243546,-0.598736,-0.559967
-0.207993,0.159355,0.247936,-0.033474,-0.471489,-0.700352,-0.512959
-0.022511,0.434166,0.527229,0.173077,-0.371231,-0.685902,-0.509308
0.070045,0.683151,0.912636,0.593979,-0.030441,-0.493889,-0.472557
0.000793,0.574318,0.820251,0.545265,-0.038818,-0.480843,-0.463684
-0.020828,0.504898,0.706413,0.413795,-0.151604,-0.554588,-0.490921
-0.003937,0.560638,0.780128,0.476013,-0.123253,-0.561752,-0.525459
-0.054848,0.496437,0.712532,0.419708,-0.158592,-0.576309,-0.530167
-0.084946,0.403091,0.546768,0.222252,-0.329796,-0.680473,-0.558113
-0.054955,0.453392,0.583000,0.222076,-0.361176,-0.722244,-0.582832
-0.018829,0.597649,0.840233,0.537514,-0.076973,-0.537407,-0.522850
-0.077682,0.441559,0.631775,0.333824,-0.223171,-0.607075,-0.529377
-0.066566,0.420349,0.551189,0.209076,-0.353580,-0.708897,-0.594063
-0.086632,0.465004,0.672665,0.380280,-0.184879,-0.590557,-0.568611
-0.196190,0.209965,0.325272,0.042988,-0.421291,-0.686932,-0.552578
-0.141052,0.229630,0.280487,-0.044167,-0.501587,-0.713547,-0.460571
0.152466,0.759888,0.957344,0.601097,-0.046906,-0.514183,-0.480042
0.009911,0.597931,0.849434,0.573120,-0.015205,-0.461441,-0.447479
-0.016586,0.485573,0.661789,0.360703,-0.192566,-0.567909,-0.479774
0.008995,0.545059,0.728493,0.409157,-0.176849,-0.584633,-0.512039
-0.009361,0.568802,0.799797,0.502205,-0.095490,-0.538292,-0.511147
-0.064259,0.450829,0.629116,0.321301,-0.240585,-0.621525,-0.536003
-0.063480,0.431099,0.565632,0.224239,-0.342587,-0.697151,-0.563999
-0.014984,0.585663,0.814522,0.500153,-0.115131,-0.568531,-0.540165
-0.078382,0.461227,0.663809,0.365416,-0.207653,-0.615299,-0.577723
-0.170286,0.266659,0.385119,0.076660,-0.425283,-0.719454,-0.572353
-0.089595,0.378027,0.487804,0.145335,-0.396178,-0.721748,-0.589159
-0.090503,0.438769,0.629157,0.336266,-0.211814,-0.595677,-0.557976
-0.184597,0.210791,0.317379,0.034275,-0.418124,-0.661251,-0.458697
0.092660,0.638969,0.800312,0.449316,-0.160259,-0.575769,-0.496187
0.021221,0.613979,0.852598,0.556683,-0.044231,-0.492189,-0.465281
0.003836,0.568277,0.805212,0.525213,-0.056995,-0.495207,-0.474263
-0.032541,0.483277,0.669117,0.365853,-0.202274,-0.597214,-0.522637
-0.031670,0.522202,0.728163,0.418461,-0.176562,-0.604014,-0.550910
-0.061684,0.510974,0.740436,0.445229,-0.152039,-0.592459,-0.562950
-0.113703,0.393961,0.562943,0.247875,-0.313377,-0.684885,-0.586100
-0.106293,0.380867,0.499264,0.142868,-0.423183,-0.768181,-0.635300
-0.126587,0.394104,0.551579,0.229996,-0.323063,-0.680592,-0.599205
-0.192299,0.201157,0.270672,-0.050133,-0.518394,-0.745972,-0.516281
0.047329,0.573559,0.698410,0.324947,-0.273670,-0.651936,-0.529579
0.006781,0.578279,0.773378,0.447048,-0.150785,-0.569307,-0.526892
-0.090250,0.408823,0.600542,0.331436,-0.186241,-0.541935,-0.469494
-0.040220,0.423223,0.568895,0.267838,-0.257072,-0.591604,-0.461079
0.070670,0.651263,0.869033,0.551480,-0.067944,-0.526428,-0.503105
-0.035585,0.521421,0.743185,0.452068,-0.126495,-0.545462,-0.500559
-0.052670,0.439966,0.588192,0.260366,-0.298880,-0.657661,-0.540411
-0.031570,0.499971,0.661348,0.320175,-0.268906,-0.659210,-0.557566
-0.025127,0.572765,0.809643,0.507126,-0.100319,-0.553768,-0.540104
-0.115345,0.374886,0.542225,0.245060,-0.290634,-0.645615,-0.560734
-0.132790,0.293217,0.381306,0.042751,-0.471428,-0.763065,-0.635914
-0.250057,0.049305,0.011940,-0.355164,-0.780384,-0.910587,-0.611729
-0.071367,0.365437,0.423199,0.072165,-0.420206,-0.664852,-0.469664
0.018735,0.455796,0.534305,0.189164,-0.320823,-0.591728,-0.380578
0.214443,0.825485,1.042147,0.705891,0.064007,-0.411869,-0.394077
0.080639,0.656479,0.897861,0.613464,0.024929,-0.416634,-0.401951
0.014027,0.480888,0.619198,0.301071,-0.234898,-0.569649,-0.435440
0.083355,0.625721,0.794872,0.456505,-0.142517,-0.550503,-0.469326
0.045753,0.636196,0.874474,0.575287,-0.035709,-0.496590,-0.483459
-0.037758,0.482006,0.668823,0.366528,-0.193802,-0.575161,-0.489079
-0.009182,0.501495,0.652935,0.314617,-0.264803,-0.643578,-0.540281
-0.048197,0.456001,0.587362,0.234037,-0.343636,-0.701139,-0.561131
0.001514,0.615660,0.853010,0.543142,-0.074524,-0.539079,-0.549114
-0.169327,0.265612,0.400641,0.111525,-0.380047,-0.675666,-0.545631
-0.092483,0.347753,0.446024,0.113644,-0.406148,-0.704335,-0.534849
0.013053,0.586223,0.789813,0.468963,-0.138091,-0.585283,-0.603498
-0.287472,0.043291,0.097589,-0.187490,-0.587127,-0.740836,-0.451625
0.153375,0.701067,0.822754,0.426604,-0.206228,-0.615476,-0.509175
0.038615,0.653663,0.900690,0.597474,-0.023376,-0.493045,-0.477882
-0.008684,0.563653,0.807436,0.528363,-0.054882,-0.492168,-0.467379
-0.029658,0.469498,0.631018,0.311476,-0.255196,-0.631107,-0.531811
-0.034904,0.494581,0.657827,0.320459,-0.268757,-0.660172,-0.558655
-0.026337,0.572411,0.807205,0.498722,-0.122456,-0.586571,-0.576633
-0.157520,0.301739,0.420815,0.091476,-0.436039,-0.742851,-0.591675
-0.111706,0.320927,0.374557,-0.007900,-0.543121,-0.813602,-0.581493
0.043118,0.673737,0.891270,0.544182,-0.108418,-0.583164,-0.552505
-0.057205,0.539055,0.795799,0.516876,-0.075981,-0.523766,-0.511330
-0.083893,0.411926,0.583817,0.279434,-0.272202,-0.638100,-0.530838
-0.007477,0.578484,0.804520,0.494186,-0.121002,-0.579193,-0.553612
-0.077011,0.498764,0.740097,0.452759,-0.144531,-0.593765,-0.571037
-0.123619,0.391991,0.569832,0.259636,-0.303635,-0.679092,-0.575432
-0.053688,0.528725,0.752228,0.441353,-0.169495,-0.618477,-0.583778
-0.102043,0.473938,0.711586,0.418633,-0.183228,-0.632111,-0.605118
-0.142731,0.397491,0.600677,0.302902,-0.266617,-0.662918,-0.588715
-0.103958,0.433029,0.615433,0.294128,-0.291870,-0.694748,-0.611404
-0.097092,0.491638,0.725311,0.419632,-0.193878,-0.650375,-0.620193
-0.138031,0.444229,0.692978,0.411041,-0.182846,-0.634552,-0.642593
-0.283279,0.095261,0.155884,-0.180557,-0.662338,-0.902328,-0.716141
-0.276672,0.066055,0.049194,-0.324951,-0.776672,-0.927277,-0.591019
0.091873,0.737259,0.945969,0.582336,-0.083740,-0.569893,-0.564217
-0.130768,0.375893,0.563408,0.284286,-0.237442,-0.578590,-0.456581
0.064781,0.629219,0.829033,0.503464,-0.109253,-0.547409,-0.496132
-0.001892,0.581589,0.819809,0.523506,-0.082672,-0.535843,-0.509201
-0.032539,0.544270,0.789558,0.511002,-0.077587,-0.520164,-0.494759
-0.032982,0.519310,0.737377,0.439667,-0.153240,-0.585434,-0.538986
-0.052452,0.521446,0.753109,0.454224,-0.150597,-0.600456,-0.566624
-0.083797,0.496197,0.741714,0.459492,-0.134678,-0.582779,-0.563805
-0.129883,0.360645,0.511677,0.189571,-0.363995,-0.714207,-0.589436
-0.084854,0.423920,0.551033,0.190571,-0.391235,-0.748920,-0.604202
-0.034935,0.583832,0.822830,0.507767,-0.121876,-0.590481,-0.568390
-0.087429,0.495598,0.742172,0.460014,-0.131157,-0.583126,-0.612907
-0.299549,0.040287,0.104553,-0.187254,-0.612108,-0.797638,-0.526276
0.098158,0.711014,0.909964,0.549341,-0.110806,-0.589127,-0.558106
-0.061466,0.538071,0.799044,0.524310,-0.070261,-0.526578,-0.530407
-0.132754,0.322812,0.459716,0.149011,-0.373724,-0.688503,-0.528624
0.031243,0.628961,0.846126,0.516256,-0.117318,-0.582004,-0.550170
-0.060537,0.528151,0.780327,0.499809,-0.094627,-0.544950,-0.522329
-0.054523,0.511559,0.746222,0.459099,-0.130161,-0.566557,-0.535994
-0.092541,0.405470,0.560980,0.234518,-0.332165,-0.699284,-0.578571
-0.036999,0.565065,0.799240,0.488186,-0.131624,-0.593410,-0.567492
-0.087622,0.495300,0.747629,0.472151,-0.116314,-0.579269,-0.664864
-0.497622,-0.380661,-0.508850,-0.839893,-1.121887,-1.066177,-0.594797
0.075493,0.580467,0.634457,0.213249,-0.378952,-0.708851,-0.541492
0.010170,0.586082,0.802162,0.511253,-0.056366,-0.464493,-0.442070
-0.074081,0.310089,0.386017,0.070572,-0.399231,-0.639099,-0.436256
0.098793,0.629913,0.799652,0.477478,-0.096710,-0.482056,-0.384308
0.138397,0.729538,0.961655,0.655380,0.042236,-0.420792,-0.413712
0.024033,0.560318,0.790848,0.531830,-0.015900,-0.418991,-0.370087
0.100296,0.649384,0.859360,0.550705,-0.052109,-0.493149,-0.453522
0.030151,0.603149,0.836838,0.540909,-0.059998,-0.508926,-0.479080
-0.003143,0.570999,0.814606,0.534393,-0.053894,-0.499115,-0.483154
-0.055161,0.430450,0.577591,0.247711,-0.313583,-0.672424,-0.544495
0.001297,0.599731,0.825409,0.504959,-0.121231,-0.584457,-0.554108
-0.068878,0.517395,0.769142,0.490150,-0.102768,-0.551590,-0.529434
-0.064034,0.503563,0.747543,0.473564,-0.107559,-0.569107,-0.663063
-0.495331,-0.334908,-0.387810,-0.664780,-0.953773,-0.964592,-0.603096
-0.044609,0.410149,0.499359,0.163857,-0.350250,-0.649651,-0.525314
-0.083679,0.371513,0.524643,0.258331,-0.219460,-0.526840,-0.436798
-0.035019,0.388489,0.519989,0.242004,-0.236603,-0.522331,-0.357124
0.187485,0.760300,0.954720,0.612061,-0.022484,-0.483261,-0.446587
0.043915,0.630516,0.880615,0.599976,0.006371,-0.444107,-0.426544
0.034279,0.598320,0.841682,0.571960,-0.004959,-0.444778,-0.428360
0.019615,0.559196,0.766617,0.456406,-0.148895,-0.590446,-0.547401
-0.056427,0.527725,0.774437,0.488503,-0.108368,-0.558174,-0.535038
-0.064766,0.506691,0.751564,0.477486,-0.105686,-0.548752,-0.532608
-0.097588,0.405741,0.571405,0.245234,-0.331901,-0.717192,-0.613504
-0.080007,0.518943,0.754924,0.447619,-0.168471,-0.626564,-0.597959
-0.117374,0.464306,0.713457,0.435810,-0.152842,-0.600353,-0.593494
-0.175476,0.313950,0.488312,0.201046,-0.330700,-0.703239,-0.690437
-0.377838,-0.031906,0.076492,-0.161812,-0.560020,-0.771896,-0.611603
-0.185097,0.226799,0.342903,0.065315,-0.397240,-0.671921,-0.551414
-0.139938,0.269760,0.383682,0.103935,-0.356873,-0.615181,-0.427666
0.129284,0.702618,0.888771,0.535984,-0.105656,-0.564663,-0.521347
-0.021317,0.571808,0.822517,0.537609,-0.060211,-0.510960,-0.488766
-0.021385,0.546219,0.788246,0.513298,-0.068794,-0.508835,-0.487747
-0.041977,0.482735,0.672501,0.356537,-0.232971,-0.644211,-0.571121
-0.061119,0.526268,0.762512,0.463272,-0.142868,-0.595016,-0.565407
-0.088715,0.488129,0.733459,0.455925,-0.131638,-0.575142,-0.550644
-0.085861,0.478210,0.719681,0.447105,-0.132607,-0.579079,-0.592674
-0.212509,0.250160,0.427322,0.156502,-0.356979,-0.705566,-0.625076
-0.181946,0.308922,0.491547,0.217354,-0.302414,-0.661148,-0.604385
-0.209183,0.222473,0.365982,0.097961,-0.374649,-0.671997,-0.579803
-0.214935,0.113441,0.132156,-0.203812,-0.648010,-0.826332,-0.532204
0.117722,0.747047,0.951569,0.590599,-0.069901,-0.551498,-0.525688
-0.035194,0.559227,0.819031,0.549973,-0.036041,-0.487801,-0.490044
-0.070320,0.447144,0.667824,0.410805,-0.128113,-0.521469,-0.465836
0.004402,0.549438,0.755440,0.441856,-0.161888,-0.599945,-0.554420
-0.064888,0.515884,0.760223,0.477798,-0.113640,-0.558060,-0.534470
-0.068626,0.496483,0.738976,0.466446,-0.112259,-0.549919,-0.527443
-0.072479,0.473068,0.685440,0.380142,-0.219299,-0.654060,-0.607208
-0.116356,0.465736,0.709435,0.423454,-0.169548,-0.613556,-0.585640
-0.114532,0.455803,0.699577,0.426369,-0.153008,-0.592300,-0.575340
-0.147324,0.342247,0.505020,0.198463,-0.347511,-0.716576,-0.656380
-0.240189,0.220085,0.381203,0.105247,-0.396721,-0.725098,-0.634346
-0.202538,0.266373,0.435066,0.168556,-0.326012,-0.654884,-0.587097
-0.222961,0.131042,0.192734,-0.106522,-0.543655,-0.756989,-0.563957
-0.084518,0.374931,0.502975,0.198135,-0.311958,-0.617149,-0.456573
0.098118,0.689716,0.905693,0.583427,-0.038715,-0.496971,-0.469521
0.007946,0.585543,0.835510,0.564514,-0.015615,-0.459585,-0.442400
0.010241,0.564217,0.801524,0.530684,-0.042451,-0.478509,-0.459341
-0.009614,0.531710,0.742815,0.439185,-0.157638,-0.594689,-0.552074
-0.065428,0.514440,0.759833,0.480409,-0.108059,-0.552465,-0.528862
-0.071801,0.476800,0.700984,0.417155,-0.159067,-0.581566,-0.539181
-0.064484,0.493778,0.711907,0.408405,-0.191216,-0.630059,-0.587259
-0.099449,0.479624,0.723259,0.440145,-0.150021,-0.598055,-0.600501
-0.211233,0.240919,0.393007,0.111030,-0.388116,-0.705888,-0.614400
-0.222874,0.147532,0.203011,-0.116072,-0.571872,-0.795884,-0.596831
-0.095795,0.388961,0.534271,0.227978,-0.297232,-0.636937,-0.558406
-0.167029,0.225681,0.320826,0.031263,-0.417768,-0.660488,-0.509289
-0.107441,0.227280,0.240547,-0.095955,-0.531906,-0.701096,-0.403801
0.238503,0.855377,1.045586,0.673355,0.008522,-0.468605,-0.435440
0.060379,0.656151,0.914352,0.640762,0.052193,-0.396248,-0.381554
0.069603,0.617195,0.843292,0.563309,-0.013046,-0.447418,-0.445145
-0.061951,0.377319,0.516617,0.228790,-0.270309,-0.579269,-0.432190
0.104233,0.679687,0.882599,0.552261,-0.071030,-0.523575,-0.487534
-0.001572,0.580566,0.827194,0.547058,-0.042145,-0.491196,-0.486847
-0.078156,0.398087,0.560364,0.264999,-0.264023,-0.609451,-0.489746
0.033264,0.608109,0.819229,0.497040,-0.120117,-0.570503,-0.546959
-0.098747,0.425468,0.628426,0.347015,-0.199463,-0.587593,-0.552170
-0.180069,0.205254,0.290161,-0.012474,-0.474457,-0.718277,-0.537888
-0.060234,0.368141,0.430244,0.064957,-0.463020,-0.738052,-0.521210
0.089241,0.715584,0.942551,0.613586,-0.023010,-0.499496,-0.509636
-0.107506,0.376915,0.564857,0.300804,-0.207947,-0.556755,-0.493111
-0.102829,0.299530,0.396416,0.093918,-0.382591,-0.643753,-0.447350
0.123299,0.711182,0.909798,0.568375,-0.065918,-0.523499,-0.490501
-0.017303,0.534592,0.747375,0.453217,-0.122498,-0.538635,-0.513397
-0.121124,0.300789,0.408257,0.099640,-0.393669,-0.670509,-0.489632
0.043182,0.554520,0.669502,0.289192,-0.309364,-0.678780,-0.540810
0.024696,0.644600,0.889603,0.587318,-0.027725,-0.491646,-0.479576
-0.033943,0.493561,0.695854,0.404991,-0.156715,-0.556046,-0.510239
-0.090752,0.359108,0.480576,0.160439,-0.363834,-0.683067,-0.542252
-0.024708,0.521313,0.710709,0.396313,-0.184803,-0.594566,-0.566906
-0.189804,0.207321,0.302940,0.004082,-0.460014,-0.711796,-0.552971
-0.120117,0.258018,0.298679,-0.042915,-0.515171,-0.734989,-0.500542
0.056061,0.574368,0.700161,0.339344,-0.241859,-0.605804,-0.491722
0.012989,0.557037,0.757164,0.462189,-0.097744,-0.498253,-0.474129
-0.108356,0.280460,0.376617,0.087078,-0.369755,-0.611420,-0.406452
0.146317,0.688156,0.838226,0.476051,-0.139721,-0.554539,-0.470364
0.050610,0.645927,0.885117,0.588787,-0.014492,-0.465778,-0.448032
-0.004597,0.519753,0.716969,0.424969,-0.136887,-0.533436,-0.475113
-0.026627,0.463669,0.615433,0.294041,-0.261772,-0.623989,-0.512100
-0.008579,0.521597,0.680639,0.340080,-0.247419,-0.637135,-0.553469
-0.075951,0.443117,0.621439,0.318546,-0.232605,-0.607789,-0.550745
-0.157223,0.246400,0.338683,0.029681,-0.447402,-0.712053,-0.564999
-0.146742,0.215959,0.245238,-0.098834,-0.562796,-0.776343,-0.563994
-0.073225,0.363268,0.450017,0.121844,-0.371320,-0.642151,-0.498302
-0.087136,0.268530,0.298641,-0.031918,-0.474688,-0.661390,-0.398046
0.178385,0.698740,0.811897,0.432686,-0.167736,-0.541946,-0.412659
0.142269,0.750702,0.985302,0.674641,0.057144,-0.404335,-0.394737
0.029869,0.519932,0.684151,0.380943,-0.159782,-0.515862,-0.414509
0.061958,0.554569,0.689087,0.349613,-0.217281,-0.577793,-0.458366
0.058479,0.604774,0.780758,0.448177,-0.148033,-0.556160,-0.480984
0.011543,0.555241,0.742325,0.423681,-0.158718,-0.561947,-0.511211
-0.093678,0.342522,0.451443,0.132542,-0.373897,-0.661785,-0.487962
0.036888,0.534478,0.639749,0.262516,-0.325180,-0.680896,-0.535215
0.015467,0.589438,0.777220,0.441684,-0.161362,-0.585049,-0.560441
-0.185389,0.205799,0.295531,-0.001343,-0.454684,-0.687022,-0.493305
0.003405,0.459446,0.549925,0.196135,-0.345861,-0.663128,-0.526226
-0.046745,0.434225,0.572845,0.258944,-0.269907,-0.607361,-0.528559
-0.146683,0.224892,0.298117,0.002462,-0.434044,-0.645798,-0.443410
0.040400,0.473886,0.548851,0.198243,-0.323021,-0.607054,-0.410862
0.172271,0.772515,0.981418,0.642367,0.006510,-0.459479,-0.430909
0.050591,0.629248,0.870495,0.585969,-0.002687,-0.449248,-0.458071
-0.093696,0.314240,0.422506,0.123468,-0.358404,-0.628790,-0.447393
0.085930,0.603628,0.731741,0.359550,-0.245623,-0.635273,-0.520292
0.027311,0.637295,0.878326,0.570152,-0.054630,-0.531120,-0.545174
-0.158627,0.286919,0.424641,0.133305,-0.357540,-0.652443,-0.527557
-0.106861,0.270947,0.306396,-0.051098,-0.541065,-0.782337,-0.611130
-0.210926,0.072376,0.010307,-0.369560,-0.786915,-0.883934,-0.505322
0.160923,0.715591,0.810005,0.395626,-0.221085,-0.595806,-0.498260
-0.067547,0.347523,0.430626,0.112514,-0.361889,-0.608273,-0.432392
0.030033,0.445263,0.512883,0.170629,-0.330636,-0.591921,-0.380027
0.204012,0.799289,1.001313,0.659349,0.019627,-0.457030,-0.486882
-0.145294,0.250813,0.384478,0.144792,-0.267531,-0.485620,-0.279768
0.267997,0.812672,0.977251,0.626507,0.007385,-0.430300,-0.380527
0.107327,0.677622,0.903741,0.598361,-0.015843,-0.476000,-0.453367
0.026160,0.633139,0.973738,0.862837,0.457896,0.107365,0.058847
0.283225,0.537737,0.562304,0.284805,-0.111300,-0.321152,-0.175522
0.224663,0.574284,0.581760,0.191620,-0.345383,-0.645981,-0.489632
0.031570,0.564613,0.713791,0.334160,-0.315491,-0.777519,-0.775253
-0.393021,0.075638,0.356415,0.344528,0.143250,-0.023987,-0.042236
0.002182,-0.035828,-0.225830,-0.520508,-0.755768,-0.737793,-0.438629
-0.039597,0.213242,0.146332,-0.240280,-0.707321,-0.911194,-0.691208
-0.180145,0.329208,0.564331,0.431000,0.097656,-0.128159,-0.044296
0.295670,0.628555,0.666336,0.324738,-0.182709,-0.496063,-0.389465
0.067780,0.555969,0.700775,0.352936,-0.261322,-0.701965,-0.662872
-0.183624,0.385040,0.617371,0.318207,-0.297607,-0.765167,-0.749817
-0.288239,0.272705,0.541382,0.360229,-0.075165,-0.391327,-0.332489
0.063782,0.508148,0.645660,0.333557,-0.219849,-0.609009,-0.557037
-0.111877,0.397583,0.571259,0.240356,-0.368805,-0.803436,-0.752502
-0.252716,0.364624,0.708710,0.600311,0.190063,-0.179352,-0.252380
-0.031738,0.265961,0.363678,0.130341,-0.281525,-0.550934,-0.452545
-0.033722,0.414490,0.540192,0.202759,-0.378693,-0.785828,-0.729187
-0.253998,0.301849,0.534210,0.265350,-0.295044,-0.727203,-0.782288
-0.578918,-0.429108,-0.530579,-0.835144,-1.100677,-1.067719,-0.688202
-0.158752,0.240906,0.288239,-0.049683,-0.534882,-0.794861,-0.623657
-0.123840,0.380219,0.540771,0.231995,-0.318146,-0.689392,-0.638184
-0.307098,-0.047333,-0.094604,-0.412933,-0.740997,-0.772949,-0.404144
0.137177,0.457672,0.313293,-0.206787,-0.752350,-0.927597,-0.565933
0.162613,0.844467,1.064865,0.685455,-0.010925,-0.523193,-0.512161
-0.017761,0.597137,0.890907,0.664268,0.123199,-0.297714,-0.292862
0.096756,0.547249,0.688858,0.386696,-0.142265,-0.489616,-0.386452
0.110355,0.660229,0.856350,0.526134,-0.097044,-0.553383,-0.520120
-0.031027,0.559073,0.819481,0.551995,-0.029537,-0.474894,-0.473730
-0.090670,0.320156,0.422497,0.137119,-0.305832,-0.547424,-0.410751
-0.038937,0.247463,0.202103,-0.176857,-0.625572,-0.785919,-0.469093
0.191589,0.819847,1.014503,0.638878,-0.039093,-0.533127,-0.510849
-0.015060,0.596329,0.885620,0.655548,0.107147,-0.321991,-0.317474
0.097214,0.602814,0.798035,0.508942,-0.058838,-0.473969,-0.431122
0.035217,0.584198,0.796066,0.485352,-0.127274,-0.579010,-0.545105
-0.055359,0.538315,0.804230,0.543182,-0.033936,-0.480774,-0.473267
-0.047775,0.457809,0.659882,0.404938,-0.101654,-0.458084,-0.384445
0.076279,0.596268,0.776443,0.444122,-0.175278,-0.624924,-0.584045
-0.090317,0.500473,0.754730,0.477264,-0.117081,-0.568283,-0.548492
-0.078598,0.502258,0.776947,0.549011,0.011551,-0.411621,-0.408035
0.004776,0.510498,0.706833,0.410049,-0.172165,-0.601578,-0.564087
-0.093262,0.468018,0.693039,0.392456,-0.212082,-0.661652,-0.627518
-0.139496,0.453461,0.725494,0.480301,-0.081100,-0.539688,-0.646362
-0.466812,-0.228271,-0.152039,-0.329407,-0.609604,-0.714294,-0.510300
-0.121567,0.206985,0.247360,-0.065216,-0.517517,-0.754654,-0.593033
-0.146667,0.290756,0.435089,0.179596,-0.271835,-0.550140,-0.445953
-0.049683,0.358597,0.497482,0.263916,-0.153091,-0.397324,-0.235962
0.267731,0.785339,0.933838,0.565216,-0.078461,-0.534576,-0.487457
0.017334,0.616150,0.874451,0.597015,0.001740,-0.452362,-0.436401
0.026703,0.600830,0.870789,0.643036,0.107697,-0.314362,-0.313599
0.092499,0.589600,0.779327,0.481873,-0.092255,-0.513672,-0.473145
-0.007141,0.542511,0.756012,0.448883,-0.155319,-0.600647,-0.562332
-0.076035,0.512268,0.778717,0.530899,-0.027237,-0.461121,-0.451523
-0.020081,0.508011,0.727509,0.453659,-0.109726,-0.533203,-0.505463
-0.056015,0.477219,0.676407,0.359024,-0.251404,-0.695099,-0.649277
-0.149673,0.446960,0.710922,0.446976,-0.131042,-0.573868,-0.555542
-0.099792,0.466064,0.735672,0.520279,0.003075,-0.406876,-0.407745
-0.015968,0.458168,0.616386,0.283806,-0.319221,-0.748718,-0.688828
-0.186028,0.404984,0.649719,0.359901,-0.241787,-0.692432,-0.662296
-0.182140,0.406940,0.681988,0.448559,-0.096283,-0.528711,-0.554768
-0.208433,0.220709,0.381250,0.120346,-0.370616,-0.696882,-0.581587
-0.078585,0.472570,0.662176,0.322605,-0.305905,-0.757730,-0.708246
-0.199144,0.410807,0.687977,0.437120,-0.130846,-0.572514,-0.561815
-0.117538,0.442814,0.723572,0.534859,0.046028,-0.353382,-0.367260
-0.004974,0.433105,0.561455,0.213936,-0.392159,-0.811020,-0.737656
-0.220512,0.382767,0.640633,0.366753,-0.222069,-0.667786,-0.647415
-0.182793,0.392845,0.668243,0.450798,-0.072357,-0.487198,-0.498772
-0.154694,0.211662,0.248466,-0.137955,-0.690750,-0.997185,-0.821175
-0.271645,0.300247,0.512383,0.219566,-0.344040,-0.743271,-0.695381
-0.261108,0.246391,0.473824,0.261612,-0.204559,-0.542427,-0.515793
-0.195381,0.153389,0.272385,0.075798,-0.269394,-0.452217,-0.270996
0.206467,0.671722,0.763489,0.353325,-0.306076,-0.751404,-0.676926
-0.140137,0.487480,0.770424,0.514534,-0.063316,-0.512840,-0.507980
-0.063629,0.498734,0.782455,0.593742,0.100990,-0.302307,-0.318092
0.044250,0.485298,0.615616,0.266129,-0.343880,-0.765648,-0.692238
-0.171150,0.436028,0.698723,0.424736,-0.164192,-0.612961,-0.593666
-0.129143,0.447365,0.727524,0.516739,-0.000793,-0.413994,-0.424927
-0.064590,0.366676,0.532234,0.304596,-0.134872,-0.434570,-0.351578
0.070549,0.523964,0.636253,0.261086,-0.365570,-0.793098,-0.719528
-0.196320,0.418816,0.700142,0.460243,-0.095894,-0.532684,-0.535713
-0.125549,0.390259,0.639580,0.449036,-0.013283,-0.382507,-0.408455
-0.135277,0.155930,0.163208,-0.206558,-0.719406,-1.002846,-0.883156
-0.499779,-0.126663,-0.004982,-0.210587,-0.556854,-0.724098,-0.560600
-0.195389,0.118668,0.184719,-0.035015,-0.355278,-0.490921,-0.321537
0.006500,0.215332,0.104841,-0.313251,-0.772399,-0.910831,-0.548838
0.165402,0.837936,1.062799,0.704390,0.034697,-0.457989,-0.444153
0.038372,0.640511,0.938229,0.734055,0.212303,-0.210968,-0.226044
0.161400,0.662460,0.908852,0.717308,0.245178,-0.141624,-0.157684
0.186775,0.599350,0.705338,0.343445,-0.263237,-0.674881,-0.592438
-0.069244,0.539017,0.811569,0.563934,0.002068,-0.436508,-0.441322
-0.034897,0.481110,0.737450,0.554810,0.096405,-0.275787,-0.312515
-0.054909,0.246246,0.329773,0.108780,-0.255730,-0.468422,-0.365631
-0.035210,0.278526,0.320808,0.006203,-0.460800,-0.725227,-0.593575
-0.171043,0.259377,0.417267,0.206467,-0.191895,-0.445961,-0.372444
-0.071999,0.204224,0.240585,0.000214,-0.334641,-0.471077,-0.236076
0.280998,0.762054,0.855789,0.448532,-0.203110,-0.642723,-0.575294
-0.057220,0.552811,0.837852,0.611374,0.073395,-0.359093,-0.390121
-0.038971,0.418358,0.641953,0.466927,0.040497,-0.295135,-0.308319
-0.045944,0.254082,0.338432,0.109467,-0.267815,-0.481453,-0.320023
0.153458,0.632355,0.764015,0.413887,-0.185059,-0.604683,-0.552608
-0.073189,0.501469,0.778812,0.576946,0.075073,-0.333359,-0.361053
-0.032978,0.365353,0.508034,0.269455,-0.172064,-0.468901,-0.380142
0.048681,0.509716,0.637362,0.286206,-0.312763,-0.725550,-0.658873
-0.161064,0.426950,0.703866,0.488889,-0.025957,-0.443325,-0.486696
-0.191708,0.175810,0.322176,0.127308,-0.250366,-0.498581,-0.434879
-0.152946,0.092255,0.083252,-0.215721,-0.598846,-0.766468,-0.586739
-0.200554,0.123539,0.158524,-0.133011,-0.537094,-0.728424,-0.557541
-0.167435,0.162495,0.213020,-0.040661,-0.396511,-0.554714,-0.385216
-0.030685,0.236626,0.220215,-0.083191,-0.453152,-0.584312,-0.310865
0.256029,0.783527,0.917419,0.543114,-0.086645,-0.526070,-0.478980
0.002323,0.581769,0.859937,0.655942,0.151954,-0.254682,-0.270847
0.091106,0.548373,0.745522,0.522789,0.045175,-0.318709,-0.301292
0.069526,0.491636,0.600246,0.252695,-0.324142,-0.706209,-0.612024
-0.097709,0.494933,0.764706,0.538733,0.012987,-0.401516,-0.411781
-0.048845,0.386957,0.553097,0.314314,-0.143040,-0.464357,-0.423298
-0.097389,0.222626,0.262341,-0.044048,-0.482399,-0.706715,-0.515789
0.001598,0.523048,0.693954,0.385658,-0.176720,-0.580616,-0.572529
-0.223610,0.170006,0.310978,0.096127,-0.292561,-0.530193,-0.440380
-0.131596,0.131424,0.133228,-0.154064,-0.523670,-0.674000,-0.472271
-0.063332,0.251068,0.233456,-0.135597,-0.598911,-0.803024,-0.585228
-0.079292,0.411291,0.597528,0.377678,-0.056042,-0.357863,-0.322890
-0.027446,0.281907,0.366712,0.146977,-0.209447,-0.400474,-0.241063
0.187435,0.602229,0.698689,0.375217,-0.152390,-0.496443,-0.396851
0.088612,0.633102,0.855146,0.597492,0.061825,-0.342983,-0.329979
0.078465,0.581799,0.810917,0.596416,0.107414,-0.279480,-0.301472
0.007835,0.374866,0.485558,0.220165,-0.236197,-0.526245,-0.415129
0.025114,0.470123,0.575058,0.235590,-0.307846,-0.655842,-0.572828
-0.146734,0.306740,0.469893,0.235003,-0.202858,-0.493134,-0.435959
-0.127286,0.159056,0.184946,-0.096068,-0.480947,-0.658137,-0.486931
-0.124830,0.128513,0.059212,-0.319036,-0.748470,-0.891642,-0.611496
-0.072098,0.409653,0.554909,0.299339,-0.139488,-0.412174,-0.332703
-0.013668,0.276089,0.310223,0.049080,-0.311249,-0.467072,-0.263000
0.176552,0.551521,0.588989,0.234436,-0.273170,-0.552467,-0.374054
0.175835,0.752899,0.973022,0.690010,0.123344,-0.309258,-0.328682
0.023209,0.463684,0.660812,0.463455,0.033463,-0.283241,-0.262047
0.037315,0.357376,0.427391,0.157837,-0.265533,-0.501404,-0.332703
0.161659,0.656364,0.790009,0.435982,-0.168777,-0.585381,-0.519569
-0.019714,0.573242,0.856979,0.650696,0.140533,-0.273201,-0.312996
-0.008621,0.364250,0.490509,0.246391,-0.190842,-0.468781,-0.356415
0.077248,0.511818,0.605423,0.250824,-0.312492,-0.670425,-0.564041
-0.081596,0.421844,0.585663,0.304543,-0.193787,-0.525429,-0.476028
-0.138924,0.201958,0.283840,0.033875,-0.353462,-0.560448,-0.421711
-0.063473,0.229980,0.217983,-0.126945,-0.570267,-0.773125,-0.596085
-0.216469,0.048386,-0.019264,-0.399773,-0.825569,-0.950481,-0.646370
-0.104710,0.335342,0.427574,0.154648,-0.244720,-0.437286,-0.269623
0.111397,0.413719,0.407562,0.076195,-0.346878,-0.520920,-0.265556
0.298058,0.818398,0.938354,0.553154,-0.072739,-0.493683,-0.416580
0.100327,0.704285,0.988159,0.773209,0.252487,-0.173676,-0.241425
-0.002853,0.278458,0.340363,0.102814,-0.258545,-0.432983,-0.236618
0.226547,0.641510,0.699066,0.322388,-0.238388,-0.577225,-0.444107
0.063812,0.581757,0.718887,0.351746,-0.263092,-0.675003,-0.618195
-0.184875,0.290421,0.484970,0.293877,-0.093765,-0.338196,-0.250267
0.071266,0.346893,0.334785,-0.002457,-0.437195,-0.633530,-0.442238
-0.028008,0.276970,0.225609,-0.179817,-0.658653,-0.835167,-0.518738
0.154259,0.815231,1.083321,0.824387,0.263977,-0.184906,-0.265404
-0.037506,0.236160,0.297333,0.062004,-0.296181,-0.468437,-0.282600
0.152557,0.541725,0.595222,0.236031,-0.295692,-0.604744,-0.451897
0.076576,0.631462,0.814003,0.472282,-0.153496,-0.611420,-0.625626
-0.283157,0.111893,0.274803,0.112938,-0.200790,-0.360245,-0.180305
0.248993,0.638206,0.693687,0.335472,-0.201164,-0.524864,-0.389473
0.125603,0.671112,0.846298,0.499260,-0.130829,-0.581310,-0.536381
-0.036701,0.573658,0.886360,0.708771,0.218239,-0.193626,-0.251114
0.014229,0.327925,0.391638,0.105099,-0.336065,-0.580767,-0.414943
0.063882,0.515865,0.593524,0.206518,-0.384994,-0.749367,-0.616158
-0.063171,0.537506,0.755667,0.420937,-0.224277,-0.706337,-0.725880
-0.355484,0.080917,0.261364,0.076847,-0.286659,-0.501297,-0.393585
-0.080750,0.156982,0.102478,-0.256226,-0.677055,-0.833191,-0.600075
-0.159042,0.168610,0.145592,-0.235634,-0.705147,-0.894867,-0.633507
-0.065842,0.484932,0.713219,0.512558,0.078300,-0.227982,-0.173035
0.177330,0.535217,0.596786,0.271957,-0.221817,-0.509880,-0.358711
0.147583,0.664848,0.810104,0.447075,-0.174423,-0.602722,-0.532883
-0.019257,0.570732,0.799782,0.484627,-0.142181,-0.610893,-0.611374
-0.204529,0.273834,0.469460,0.254051,-0.173294,-0.444374,-0.313492
0.152176,0.630180,0.754105,0.396317,-0.203377,-0.608116,-0.528595
-0.021988,0.549332,0.759888,0.429337,-0.201965,-0.663414,-0.623482
-0.119942,0.501083,0.815575,0.630981,0.129616,-0.283195,-0.311340
0.012375,0.377075,0.445435,0.109772,-0.402527,-0.702087,-0.549576
-0.044861,0.449387,0.556244,0.168884,-0.444458,-0.831436,-0.702057
-0.132355,0.496628,0.743820,0.430038,-0.202225,-0.683182,-0.722137
-0.404190,-0.050995,0.045074,-0.186874,-0.539749,-0.695938,-0.527359
-0.209854,-0.029984,-0.162292,-0.556076,-0.943237,-1.003479,-0.633331
-0.022339,0.491287,0.605621,0.249100,-0.316132,-0.668137,-0.576401
-0.169006,0.234688,0.353416,0.128227,-0.234566,-0.400658,-0.178452
0.323006,0.764168,0.816422,0.406158,-0.193779,-0.554810,-0.415382
0.138840,0.733887,0.941544,0.595413,-0.055271,-0.531055,-0.498508
0.001587,0.606495,0.869846,0.594528,0.000347,-0.452663,-0.441513
-0.013401,0.480137,0.652687,0.363605,-0.162151,-0.511204,-0.405823
0.097095,0.652046,0.845387,0.506557,-0.129055,-0.592831,-0.556187
-0.058857,0.536484,0.785480,0.492050,-0.118114,-0.576202,-0.558342
-0.124546,0.362926,0.528511,0.255005,-0.228935,-0.539478,-0.473080
-0.166000,0.066029,-0.013638,-0.395313,-0.815430,-0.924950,-0.571415
0.088547,0.683876,0.846909,0.467308,-0.181358,-0.628761,-0.582726
-0.113194,0.436052,0.677483,0.446878,-0.052197,-0.409985,-0.365032
0.010622,0.403351,0.487745,0.164068,-0.338318,-0.623176,-0.439517
0.127297,0.713330,0.907184,0.548350,-0.108072,-0.582702,-0.545097
-0.038026,0.569889,0.833298,0.555115,-0.042879,-0.499663,-0.484426
-0.037615,0.493989,0.709140,0.447610,-0.078202,-0.451738,-0.386249
0.076162,0.601722,0.783524,0.448898,-0.171802,-0.619816,-0.574387
-0.079090,0.507399,0.746658,0.447487,-0.162498,-0.617472,-0.584801
-0.098236,0.495228,0.766788,0.524040,-0.028099,-0.457027,-0.454235
-0.073467,0.344849,0.429214,0.069382,-0.483463,-0.805595,-0.635406
-0.055550,0.558090,0.777367,0.436905,-0.212036,-0.687050,-0.653717
-0.150864,0.458748,0.733627,0.475609,-0.102394,-0.566704,-0.662430
-0.492531,-0.333870,-0.389503,-0.662346,-0.937477,-0.940422,-0.591637
-0.086769,0.274834,0.267860,-0.114098,-0.604851,-0.827354,-0.602394
-0.070801,0.437389,0.598103,0.304131,-0.212784,-0.548191,-0.459557
-0.029861,0.439857,0.626904,0.401011,-0.048466,-0.344414,-0.228430
0.248835,0.760766,0.915369,0.556702,-0.077095,-0.525403,-0.474422
0.028314,0.618252,0.857006,0.554388,-0.059028,-0.517419,-0.488147
-0.003014,0.589994,0.861092,0.615911,0.055493,-0.381650,-0.382128
0.017848,0.481551,0.620634,0.295463,-0.264089,-0.628061,-0.514004
0.014127,0.595051,0.805345,0.470629,-0.164814,-0.628412,-0.589636
-0.088233,0.516026,0.787540,0.527159,-0.050260,-0.495445,-0.483365
-0.035775,0.512225,0.743620,0.470835,-0.099333,-0.527561,-0.503557
-0.058798,0.469801,0.665373,0.347343,-0.258850,-0.694431,-0.638626
-0.133038,0.463657,0.714012,0.427795,-0.171303,-0.628185,-0.632561
-0.221760,0.290794,0.533974,0.334419,-0.130943,-0.487541,-0.509750
-0.277779,-0.047882,-0.060310,-0.368515,-0.761742,-0.907120,-0.646736
-0.119102,0.359787,0.482689,0.154198,-0.384209,-0.719398,-0.614899
-0.163597,0.323643,0.516350,0.283386,-0.179913,-0.495399,-0.436836
-0.089680,0.260181,0.330437,0.036724,-0.407635,-0.631077,-0.409023
0.168486,0.744602,0.915932,0.538681,-0.125244,-0.597540,-0.551762
-0.035614,0.581294,0.857520,0.595938,0.012435,-0.439765,-0.430737
0.019679,0.585120,0.862106,0.656940,0.147884,-0.260842,-0.270289
0.106133,0.559180,0.694530,0.342208,-0.274525,-0.704920,-0.635185
-0.115795,0.489689,0.743868,0.454597,-0.150461,-0.606415,-0.581553
-0.103703,0.484056,0.760708,0.532768,-0.007622,-0.438587,-0.482738
-0.219772,0.024227,-0.033813,-0.421394,-0.873734,-1.029816,-0.738029
-0.160713,0.362534,0.508873,0.183098,-0.365318,-0.713356,-0.617680
-0.166338,0.326805,0.527311,0.297195,-0.167194,-0.486691,-0.430149
-0.077185,0.301865,0.439127,0.241084,-0.123156,-0.330729,-0.169170
0.296603,0.755148,0.843181,0.427353,-0.234743,-0.684702,-0.626543
-0.127414,0.455068,0.707942,0.453517,-0.096504,-0.511605,-0.505846
-0.123110,0.346970,0.569541,0.388625,-0.032884,-0.332376,-0.251151
0.177025,0.642280,0.762368,0.386128,-0.246500,-0.682884,-0.610298
-0.086133,0.521149,0.773196,0.481810,-0.124372,-0.580467,-0.554771
-0.077077,0.509548,0.785074,0.554060,0.012571,-0.411670,-0.411076
-0.006129,0.495707,0.724331,0.503492,-0.000563,-0.402358,-0.401010
-0.008987,0.461487,0.613142,0.273085,-0.332464,-0.753719,-0.680779
-0.161137,0.445580,0.711727,0.448971,-0.124931,-0.568573,-0.567646
-0.151608,0.373940,0.635841,0.455803,-0.001961,-0.379364,-0.447609
-0.254417,-0.021935,-0.000557,-0.290894,-0.707451,-0.910126,-0.720192
-0.257469,0.186417,0.320557,0.045227,-0.422913,-0.708008,-0.593903
-0.172157,0.276039,0.457405,0.254234,-0.155136,-0.428898,-0.370022
-0.067486,0.205929,0.191662,-0.167233,-0.636105,-0.839859,-0.563107
0.080341,0.713020,0.922825,0.565140,-0.095028,-0.575325,-0.549194
-0.061306,0.535418,0.818018,0.593031,0.057508,-0.369617,-0.402161
-0.081808,0.317664,0.492736,0.313596,-0.061221,-0.305653,-0.190385
0.235383,0.671875,0.754671,0.348315,-0.295594,-0.724593,-0.637847
-0.098671,0.524463,0.797101,0.532948,-0.048208,-0.499050,-0.509176
-0.105070,0.410595,0.667584,0.491461,0.044410,-0.312627,-0.333348
-0.068674,0.214102,0.221802,-0.134860,-0.631799,-0.882894,-0.664765
-0.080363,0.510433,0.720756,0.406589,-0.187974,-0.616922,-0.593618
-0.172000,0.336615,0.575885,0.385149,-0.059762,-0.394157,-0.385594
-0.099708,0.208974,0.296055,0.086398,-0.252218,-0.420711,-0.232132
0.233079,0.672523,0.743594,0.331482,-0.308362,-0.730402,-0.661174
-0.175485,0.382943,0.630550,0.403145,-0.098613,-0.475656,-0.466372
-0.116282,0.309731,0.510127,0.343381,-0.040644,-0.319593,-0.291260
-0.012164,0.276103,0.299002,-0.038707,-0.529574,-0.789318,-0.577820
0.016600,0.630980,0.859772,0.547281,-0.065172,-0.524563,-0.528507
-0.118273,0.394678,0.645073,0.465349,0.020594,-0.325375,-0.336105
-0.072271,0.214554,0.278025,0.047905,-0.303167,-0.471300,-0.267710
0.227030,0.700617,0.796726,0.395744,-0.249683,-0.686054,-0.616383
-0.097059,0.514215,0.799519,0.572329,0.032675,-0.399517,-0.430241
-0.081713,0.368137,0.580425,0.395179,-0.031600,-0.356820,-0.349915
-0.054934,0.271541,0.326439,-0.008862,-0.521763,-0.831661,-0.722586
-0.297016,0.153034,0.326489,0.105733,-0.317124,-0.588611,-0.504014
-0.158395,0.187021,0.289998,0.077536,-0.272645,-0.462360,-0.338750
-0.025788,0.222797,0.213220,-0.067788,-0.415555,-0.536449,-0.268465
0.283247,0.790813,0.901049,0.499399,-0.150612,-0.601305,-0.570253
-0.120451,0.420963,0.683933,0.499084,0.042412,-0.316349,-0.332916
-0.063152,0.243225,0.331921,0.114094,-0.241409,-0.435429,-0.299484
0.082333,0.440147,0.487984,0.133942,-0.396572,-0.703434,-0.535706
0.027054,0.632523,0.884712,0.620792,0.058407,-0.376781,-0.383133
0.012974,0.510933,0.744499,0.545155,0.078018,-0.292091,-0.318932
-0.051533,0.251518,0.320316,0.070080,-0.322414,-0.538425,-0.387146
0.046989,0.476177,0.582037,0.252274,-0.290339,-0.650217,-0.594603
-0.216162,0.192059,0.340662,0.134340,-0.246874,-0.479061,-0.393627
-0.099930,0.147156,0.146847,-0.122038,-0.461691,-0.589188,-0.375586
0.051941,0.421844,0.468973,0.122044,-0.388729,-0.684818,-0.562084
-0.121048,0.344299,0.536789,0.337791,-0.074284,-0.357582,-0.312073
-0.019855,0.274574,0.341667,0.115128,-0.230457,-0.404881,-0.255386
0.102741,0.400948,0.406326,0.082497,-0.351669,-0.557213,-0.336960
0.214333,0.761536,0.936447,0.607658,0.011276,-0.427322,-0.433136
-0.059921,0.388992,0.583748,0.386009,-0.032639,-0.332222,-0.302849
-0.025650,0.245117,0.272163,0.003021,-0.370110,-0.536652,-0.314873
0.201805,0.696152,0.821625,0.461456,-0.141594,-0.553566,-0.490990
-0.007034,0.565277,0.833443,0.624428,0.121330,-0.287346,-0.333855
-0.055664,0.285423,0.401672,0.182812,-0.203995,-0.442711,-0.344215
-0.005360,0.293293,0.294254,-0.046635,-0.501591,-0.726734,-0.544434
-0.081493,0.353798,0.472561,0.195633,-0.259457,-0.539452,-0.455482
-0.125141,0.173882,0.214291,-0.039650,-0.389896,-0.539619,-0.357819
0.010857,0.284367,0.251621,-0.091408,-0.506485,-0.674534,-0.448364
0.032642,0.465305,0.567776,0.263950,-0.217804,-0.511532,-0.425549
-0.079544,0.242805,0.302414,0.058693,-0.291206,-0.450371,-0.289658
0.041519,0.271996,0.221039,-0.097069,-0.457176,-0.558067,-0.269279
0.256165,0.680099,0.707474,0.299927,-0.265076,-0.582695,-0.423691
0.114784,0.687386,0.925552,0.679962,0.158188,-0.243607,-0.270607
0.022018,0.359818,0.462059,0.231270,-0.154678,-0.376923,-0.254311
0.111366,0.431694,0.444344,0.098412,-0.372307,-0.614059,-0.434570
0.049988,0.521332,0.666992,0.390335,-0.088943,-0.405624,-0.357048
-0.047142,0.249199,0.298660,0.056602,-0.288719,-0.444321,-0.283981
0.043877,0.269135,0.202248,-0.142372,-0.530708,-0.664436,-0.459923
-0.133194,0.019684,-0.145248,-0.545959,-0.905823,-0.924362,-0.526581
0.062958,0.512329,0.593277,0.301315,-0.119858,-0.335007,-0.193665
0.159317,0.436783,0.428436,0.128113,-0.246628,-0.384521,-0.128510
0.389832,0.833069,0.888336,0.492767,-0.089691,-0.447083,-0.336304
0.155350,0.700104,0.936081,0.715637,0.231491,-0.139877,-0.154312
0.142929,0.496994,0.628036,0.416962,0.025131,-0.230301,-0.154282
0.174011,0.491470,0.530548,0.215683,-0.244781,-0.506653,-0.386185
-0.012848,0.304337,0.298279,-0.070084,-0.549332,-0.772156,-0.569000
-0.099060,0.316788,0.421188,0.177872,-0.198975,-0.390717,-0.250565
0.081696,0.326935,0.282776,-0.050095,-0.439484,-0.576218,-0.337601
0.091278,0.384384,0.309509,-0.110413,-0.590942,-0.771103,-0.510040
0.018250,0.480179,0.609695,0.360001,-0.045654,-0.275726,-0.171631
0.140518,0.392181,0.378799,0.087158,-0.272141,-0.412308,-0.234726
0.082886,0.262802,0.140274,-0.237030,-0.618668,-0.711563,-0.472458
-0.169037,-0.102753,-0.354446,-0.765884,-1.031860,-0.889969,-0.349823
0.299698,0.708878,0.695251,0.323257,-0.122543,-0.299606,-0.070709
0.396347,0.769226,0.781174,0.407135,-0.093414,-0.344269,-0.144547
0.376633,0.851959,0.927322,0.520416,-0.089890,-0.471954,-0.386597
0.057419,0.539368,0.745346,0.563583,0.176376,-0.084274,-0.031021
0.248322,0.501633,0.504517,0.210419,-0.181625,-0.357147,-0.161896
0.274780,0.634186,0.637665,0.244522,-0.284698,-0.558075,-0.349380
0.238327,0.831375,1.017517,0.645157,-0.027618,-0.526260,-0.564224
-0.226761,0.174072,0.338791,0.169930,-0.161484,-0.344337,-0.214928
0.100838,0.324837,0.246941,-0.127159,-0.553490,-0.707291,-0.486526
-0.118294,0.062996,-0.114799,-0.557549,-0.960045,-0.992508,-0.578232
0.038399,0.498032,0.569595,0.274216,-0.128868,-0.305588,-0.105652
0.328804,0.682095,0.690258,0.323242,-0.170353,-0.420155,-0.227184
0.289253,0.769680,0.857910,0.463757,-0.144638,-0.526754,-0.405300
0.141865,0.737720,0.954978,0.630068,0.017990,-0.426392,-0.429151
-0.075375,0.319127,0.443377,0.198261,-0.218473,-0.449732,-0.273533
0.221409,0.701054,0.806099,0.426662,-0.181797,-0.581543,-0.488297
0.033859,0.616669,0.830788,0.499855,-0.138680,-0.619995,-0.650536
-0.308624,0.085876,0.228714,0.033310,-0.312683,-0.488464,-0.320770
0.068100,0.376266,0.351471,-0.031540,-0.517502,-0.746017,-0.555328
-0.116318,0.220078,0.186188,-0.219498,-0.712265,-0.903549,-0.588058
0.096695,0.754684,0.969040,0.606110,-0.051468,-0.532104,-0.567871
-0.266296,0.054047,0.112671,-0.152527,-0.529510,-0.697906,-0.545319
-0.270966,-0.153412,-0.324982,-0.703918,-1.025574,-1.012115,-0.635345
-0.152557,0.136414,0.071167,-0.298187,-0.702209,-0.797760,-0.455795
0.128250,0.596588,0.676758,0.353760,-0.110886,-0.344696,-0.145660
0.365051,0.831009,0.909775,0.519913,-0.073502,-0.439804,-0.314407
0.223938,0.807144,1.012848,0.670609,0.022797,-0.455048,-0.428452
0.064774,0.677490,0.987656,0.796768,0.287201,-0.137665,-0.191452
0.094131,0.432785,0.505569,0.203583,-0.269485,-0.542892,-0.389893
0.086960,0.532104,0.596161,0.193710,-0.401382,-0.749771,-0.586060
0.001038,0.626724,0.856934,0.521454,-0.130371,-0.621948,-0.659698
-0.331787,0.030273,0.125366,-0.113434,-0.475006,-0.633057,-0.441895
-0.081512,0.126190,-0.021545,-0.461884,-0.897156,-0.982605,-0.596436
0.047058,0.548920,0.590057,0.147339,-0.461304,-0.789886,-0.596771
0.000885,0.636078,0.921600,0.701447,0.183411,-0.228363,-0.285767
-0.062317,0.169830,0.158630,-0.146454,-0.535614,-0.688751,-0.474152
-0.045624,0.299896,0.317017,-0.033249,-0.506287,-0.733719,-0.538071
-0.051163,0.413742,0.549133,0.253525,-0.247437,-0.546509,-0.384766
0.147614,0.690750,0.868469,0.560059,0.008286,-0.366577,-0.292648
0.159561,0.637878,0.760178,0.400772,-0.191727,-0.575684,-0.465790
0.070892,0.665161,0.886719,0.558273,-0.079773,-0.549850,-0.519470
-0.023468,0.585190,0.881577,0.668274,0.137482,-0.288864,-0.308945
0.035477,0.416779,0.483994,0.130600,-0.404160,-0.713272,-0.543869
0.021530,0.614975,0.817154,0.466583,-0.186508,-0.661743,-0.627655
-0.125031,0.482391,0.750214,0.480331,-0.110413,-0.574661,-0.633194
-0.368851,-0.086349,-0.053482,-0.321686,-0.677246,-0.802887,-0.567886
-0.139633,0.178284,0.156357,-0.217941,-0.684479,-0.875168,-0.610855
-0.036377,0.505524,0.669357,0.342331,-0.228836,-0.610168,-0.542633
-0.119171,0.335587,0.495132,0.254715,-0.179855,-0.437561,-0.285614
0.189194,0.641083,0.717651,0.320770,-0.283493,-0.654633,-0.517426
0.046356,0.658691,0.886429,0.554337,-0.089264,-0.565842,-0.538956
-0.043472,0.560760,0.836151,0.582535,0.008881,-0.436493,-0.437302
-0.037643,0.413055,0.539261,0.215988,-0.319199,-0.649261,-0.506485
0.035461,0.616394,0.815948,0.468643,-0.177338,-0.644516,-0.605392
-0.100708,0.505814,0.770798,0.497116,-0.094467,-0.545868,-0.542862
-0.153076,0.259537,0.338257,0.004105,-0.491074,-0.759964,-0.619049
-0.227386,0.080658,0.050919,-0.323288,-0.773132,-0.932610,-0.636391
-0.038094,0.513725,0.677620,0.344795,-0.231133,-0.616219,-0.548477
-0.109207,0.388573,0.598549,0.375847,-0.089012,-0.415833,-0.369484
-0.045181,0.256634,0.260735,-0.088760,-0.550282,-0.753601,-0.494987
0.102158,0.678211,0.855345,0.501436,-0.126660,-0.568337,-0.527380
-0.069725,0.470676,0.708218,0.472782,-0.037920,-0.414069,-0.396097
-0.051079,0.324974,0.426062,0.150183,-0.295071,-0.536022,-0.338169
0.217304,0.780369,0.950478,0.577873,-0.081455,-0.552132,-0.507683
0.004208,0.614937,0.881134,0.605698,0.010422,-0.446602,-0.431618
0.029587,0.604736,0.878647,0.656761,0.125275,-0.295906,-0.304016
0.073730,0.515404,0.633636,0.280960,-0.311707,-0.703598,-0.597656
-0.055099,0.554779,0.796696,0.488434,-0.135445,-0.602238,-0.576397
-0.088791,0.508633,0.787048,0.547176,-0.010899,-0.454502,-0.506290
-0.272373,-0.094261,-0.225380,-0.639446,-1.048656,-1.127804,-0.820312
-0.398315,-0.187145,-0.323578,-0.707741,-1.046291,-1.041756,-0.659172
-0.163765,0.138657,0.095528,-0.236282,-0.595306,-0.672638,-0.392715
0.035110,0.322281,0.295273,-0.028412,-0.403809,-0.510117,-0.213013
0.334335,0.811188,0.906631,0.537186,-0.042831,-0.408554,-0.309952
0.159897,0.671295,0.864471,0.594788,0.075531,-0.284668,-0.230438
0.173950,0.636108,0.832245,0.620209,0.178589,-0.125244,-0.028839
0.422180,0.909058,1.047577,0.681763,0.046722,-0.398956,-0.345367
0.157013,0.745605,0.981995,0.677063,0.061310,-0.399414,-0.373444
0.107422,0.695190,0.964020,0.718536,0.158783,-0.278687,-0.277588
0.147400,0.686646,0.951355,0.756439,0.266327,-0.148071,-0.248108
-0.090363,0.076721,0.016663,-0.326080,-0.735931,-0.883118,-0.615753
-0.081238,0.408401,0.552689,0.260986,-0.239990,-0.559601,-0.475815
-0.078278,0.345917,0.510330,0.305969,-0.090897,-0.346436,-0.273422
0.030411,0.291443,0.259995,-0.114960,-0.593887,-0.816391,-0.619766
-0.150421,0.290253,0.417282,0.143677,-0.314941,-0.583786,-0.461426
-0.050064,0.372192,0.523941,0.301178,-0.111008,-0.369019,-0.286728
0.031189,0.323730,0.374298,0.141144,-0.191467,-0.327667,-0.094391
0.418015,0.888565,0.963089,0.526047,-0.155151,-0.611328,-0.538849
-0.001129,0.627380,0.908264,0.651291,0.073334,-0.385117,-0.419395
-0.064621,0.381645,0.585503,0.400681,-0.008087,-0.302780,-0.266609
0.042717,0.366783,0.409515,0.062149,-0.458817,-0.756203,-0.573219
0.005642,0.619251,0.851189,0.538887,-0.080212,-0.546186,-0.552744
-0.137284,0.385731,0.643169,0.457730,0.000477,-0.359827,-0.375965
-0.103814,0.209812,0.308630,0.103765,-0.243778,-0.441628,-0.331936
-0.001518,0.299515,0.313580,-0.040703,-0.544083,-0.824036,-0.677483
-0.214775,0.262291,0.441986,0.207870,-0.242889,-0.544968,-0.483849
-0.143921,0.212456,0.332146,0.129410,-0.225800,-0.424400,-0.274460
0.148575,0.553085,0.610062,0.210373,-0.399567,-0.788071,-0.693390
-0.199097,0.353226,0.585007,0.339005,-0.177261,-0.554993,-0.534668
-0.173630,0.250549,0.435471,0.254364,-0.130188,-0.395004,-0.348755
-0.079239,0.174164,0.196701,-0.064194,-0.434036,-0.608047,-0.388763
0.142044,0.661133,0.797470,0.422668,-0.213409,-0.654205,-0.596741
-0.093414,0.506882,0.789139,0.567703,0.038651,-0.383041,-0.395569
-0.025085,0.425980,0.608231,0.379547,-0.079544,-0.413330,-0.379745
-0.027069,0.361450,0.446564,0.096252,-0.465698,-0.827148,-0.738892
-0.281189,0.226074,0.434723,0.203888,-0.268982,-0.603729,-0.570068
-0.254425,0.070099,0.155334,-0.062012,-0.403320,-0.571564,-0.429565
-0.118866,0.077667,-0.047913,-0.477020,-0.936310,-1.077789,-0.776428
-0.212067,0.291504,0.446701,0.173645,-0.299088,-0.592667,-0.495773
-0.097931,0.329498,0.507858,0.325134,-0.055191,-0.311905,-0.255692
0.031494,0.312134,0.365570,0.132324,-0.215012,-0.379471,-0.176147
0.315369,0.783813,0.876755,0.475555,-0.167175,-0.600876,-0.532486
-0.022263,0.574142,0.844681,0.612640,0.080856,-0.340607,-0.370483
-0.058228,0.303925,0.419540,0.190308,-0.201904,-0.436218,-0.337265
-0.022369,0.213486,0.127823,-0.290085,-0.769569,-0.939873,-0.611404
0.077438,0.743378,0.985153,0.666954,0.041992,-0.428833,-0.429474
0.005501,0.549789,0.811676,0.611092,0.125130,-0.265587,-0.290390
0.007339,0.352158,0.449631,0.196533,-0.221268,-0.489716,-0.461700
-0.255150,-0.088539,-0.135345,-0.418037,-0.741051,-0.821739,-0.561729
-0.134087,0.192993,0.230927,-0.027424,-0.373253,-0.511768,-0.325695
0.032555,0.298660,0.289829,0.008574,-0.336519,-0.459661,-0.230046
0.225046,0.620284,0.668069,0.291489,-0.266268,-0.603070,-0.492369
-0.029089,0.473909,0.684158,0.468555,0.016567,-0.307270,-0.286308
0.000130,0.293716,0.360954,0.138451,-0.200203,-0.364838,-0.223221
0.091934,0.322174,0.279755,-0.031860,-0.398232,-0.516090,-0.224579
0.357262,0.895653,1.032509,0.658195,0.027428,-0.420815,-0.407875
0.005402,0.502777,0.732864,0.540802,0.099442,-0.234390,-0.236038
0.029938,0.311066,0.363022,0.117569,-0.245773,-0.428040,-0.279465
0.064087,0.307800,0.224060,-0.183182,-0.646240,-0.813950,-0.533722
0.032120,0.544922,0.702377,0.429596,-0.046829,-0.359726,-0.309341
-0.004501,0.280960,0.319641,0.071777,-0.270508,-0.419205,-0.250076
0.084549,0.312592,0.243576,-0.109024,-0.507217,-0.644867,-0.412018
0.025803,0.385391,0.437943,0.150101,-0.259171,-0.462509,-0.310410
0.055206,0.354965,0.379471,0.111710,-0.239578,-0.382523,-0.195999
0.166595,0.425278,0.385620,0.057220,-0.328751,-0.461151,-0.185028
0.358109,0.814224,0.860764,0.441910,-0.158737,-0.517548,-0.395462
0.111313,0.667160,0.911179,0.696777,0.211777,-0.165329,-0.193237
0.071106,0.368195,0.441803,0.207062,-0.159348,-0.354431,-0.205887
0.177673,0.503983,0.509857,0.151352,-0.334778,-0.583008,-0.383575
0.164688,0.727432,0.939240,0.663620,0.117950,-0.295807,-0.319016
-0.012848,0.341293,0.454834,0.229385,-0.157120,-0.388702,-0.296829
0.005188,0.246841,0.208893,-0.122681,-0.524460,-0.688095,-0.511292
-0.202209,-0.062927,-0.228622,-0.598816,-0.903030,-0.867432,-0.452133
0.114716,0.510345,0.531189,0.199234,-0.232254,-0.434189,-0.269958
0.103745,0.393951,0.387497,0.078308,-0.309113,-0.462494,-0.234512
0.235565,0.630997,0.668228,0.294861,-0.237244,-0.546677,-0.431335
0.001373,0.458466,0.641769,0.439514,0.031036,-0.247742,-0.204590
0.081345,0.367599,0.426575,0.190018,-0.169403,-0.350723,-0.193405
0.199799,0.544479,0.575363,0.232834,-0.256012,-0.524536,-0.362793
0.114914,0.567734,0.672577,0.355461,-0.141426,-0.446259,-0.365425
-0.018669,0.301483,0.349129,0.083794,-0.286552,-0.457184,-0.292206
0.062714,0.321609,0.271454,-0.081993,-0.497635,-0.650612,-0.401703
0.072525,0.428162,0.395714,-0.026138,-0.548630,-0.787949,-0.572815
-0.066582,0.394989,0.531975,0.290680,-0.111542,-0.340157,-0.234596
0.076088,0.321426,0.294945,-0.011620,-0.380806,-0.524887,-0.357025
-0.085175,0.007454,-0.197647,-0.598106,-0.922554,-0.905029,-0.549644
-0.160309,-0.045006,-0.253998,-0.605576,-0.816147,-0.664330,-0.169067
0.401779,0.737846,0.679146,0.292755,-0.145828,-0.310852,-0.067078
0.425446,0.834305,0.872116,0.495377,-0.037155,-0.335342,-0.171768
0.348740,0.863464,0.990540,0.611435,-0.013336,-0.440002,-0.407639
-0.010269,0.433273,0.612930,0.423676,0.048569,-0.183456,-0.091064
0.229004,0.507050,0.506119,0.182846,-0.244919,-0.445099,-0.243988
0.228775,0.640549,0.683212,0.295715,-0.260178,-0.572662,-0.393936
0.185577,0.807602,1.072281,0.822647,0.273415,-0.168304,-0.249519
-0.037956,0.202919,0.227707,-0.024139,-0.367424,-0.508308,-0.313843
0.058586,0.313347,0.235649,-0.161682,-0.613953,-0.780754,-0.542595
-0.110237,0.169754,0.080948,-0.335182,-0.783596,-0.908459,-0.586735
-0.031528,0.406307,0.482658,0.196915,-0.201485,-0.383324,-0.212860
0.144558,0.392242,0.322174,-0.050034,-0.471569,-0.628445,-0.448830
-0.177036,-0.106918,-0.335274,-0.738255,-1.031971,-0.954689,-0.506870
0.033607,0.372864,0.379860,0.115250,-0.186996,-0.247200,0.033028
0.484520,0.807793,0.779366,0.395599,-0.087257,-0.312759,-0.089867
0.456200,0.963028,1.069580,0.675972,0.050499,-0.362228,-0.274071
0.244965,0.825630,1.035637,0.697670,0.053116,-0.431267,-0.462921
-0.118233,0.286797,0.446877,0.261673,-0.087891,-0.277031,-0.120644
0.277496,0.621178,0.631550,0.255009,-0.261684,-0.535339,-0.347427
0.182568,0.685238,0.790634,0.393970,-0.229597,-0.623804,-0.500645
0.064825,0.708129,1.012444,0.800154,0.270347,-0.173609,-0.272665
-0.092455,0.107611,0.087082,-0.200851,-0.557415,-0.689938,-0.509617
-0.226372,-0.128304,-0.337746,-0.753235,-1.092552,-1.067276,-0.640701
-0.068512,0.309990,0.282639,-0.119499,-0.606819,-0.795647,-0.525604
0.019402,0.477386,0.567848,0.259926,-0.191704,-0.425308,-0.268051
0.140747,0.483284,0.490593,0.125687,-0.358948,-0.593987,-0.398079
0.100784,0.578484,0.708954,0.379143,-0.174278,-0.531212,-0.442429
-0.007706,0.446487,0.609360,0.389786,-0.009476,-0.241028,-0.094460
0.347664,0.770073,0.845734,0.479172,-0.087242,-0.443390,-0.331383
0.169312,0.698601,0.855774,0.494766,-0.134483,-0.570480,-0.502411
0.013351,0.608398,0.841476,0.525406,-0.103271,-0.576782,-0.592758
-0.227646,0.180069,0.305725,0.053223,-0.364944,-0.590775,-0.425766
0.006348,0.373001,0.382721,-0.010040,-0.536926,-0.795227,-0.554962
0.073822,0.704651,0.912628,0.544357,-0.134109,-0.628632,-0.610733
-0.148575,0.380692,0.584747,0.335663,-0.145538,-0.477814,-0.468109
-0.251404,-0.107941,-0.222565,-0.567596,-0.902527,-0.939331,-0.623138
-0.197449,0.024231,-0.113586,-0.529388,-0.931580,-0.993011,-0.624054
-0.031830,0.475922,0.648865,0.430481,0.027512,-0.212601,-0.075500
0.354324,0.756714,0.810593,0.433197,-0.127335,-0.464966,-0.330688
0.190109,0.736389,0.904526,0.545593,-0.089432,-0.537979,-0.483337
0.023041,0.613647,0.847214,0.535538,-0.087814,-0.558975,-0.572632
-0.203262,0.212570,0.345291,0.100754,-0.310516,-0.531448,-0.368439
0.056793,0.415649,0.416656,0.018188,-0.509460,-0.766602,-0.525177
0.099884,0.725067,0.929382,0.561401,-0.112885,-0.603271,-0.574432
-0.068237,0.544678,0.818909,0.552429,-0.036896,-0.499756,-0.544250
-0.249359,0.063354,0.097809,-0.204956,-0.618225,-0.784454,-0.520325
0.033447,0.511841,0.578583,0.167084,-0.436005,-0.784485,-0.607239
0.001129,0.651794,0.904816,0.585083,-0.058990,-0.556519,-0.619751
-0.338562,-0.028656,0.031372,-0.213821,-0.555405,-0.685760,-0.497452
-0.187729,-0.039993,-0.197311,-0.588501,-0.943817,-0.960785,-0.563385
0.038467,0.520584,0.613434,0.261017,-0.275726,-0.591705,-0.472092
-0.028305,0.441711,0.634903,0.436584,0.031021,-0.224350,-0.092590
0.357315,0.801109,0.887215,0.503639,-0.098183,-0.485504,-0.377037
0.154327,0.740387,0.950867,0.612404,-0.030678,-0.501862,-0.468674
0.030106,0.631744,0.895767,0.625015,0.035347,-0.417099,-0.409302
0.013535,0.503792,0.671135,0.375908,-0.156914,-0.509056,-0.402832
0.100914,0.653763,0.843063,0.500237,-0.135437,-0.596336,-0.556847
-0.057671,0.537537,0.786415,0.496765,-0.107697,-0.562088,-0.536667
-0.060219,0.523216,0.789719,0.546829,-0.005447,-0.447205,-0.523537
-0.337379,-0.186066,-0.291969,-0.644905,-0.996475,-1.029259,-0.617241
0.064537,0.653168,0.798820,0.409821,-0.235451,-0.669716,-0.610657
-0.133102,0.420189,0.661728,0.426346,-0.085266,-0.472076,-0.512512
-0.324959,-0.182037,-0.271843,-0.581490,-0.885292,-0.896149,-0.536644
0.003242,0.426876,0.487198,0.136742,-0.373623,-0.655636,-0.514076
-0.070021,0.375849,0.523645,0.268646,-0.184260,-0.463082,-0.362334
0.011963,0.370145,0.448631,0.177702,-0.232382,-0.429703,-0.201324
0.360931,0.910187,1.059757,0.670696,0.001881,-0.471375,-0.427540
0.082752,0.687004,0.939934,0.647446,0.037216,-0.423897,-0.404167
0.071495,0.656090,0.927628,0.688728,0.138435,-0.294556,-0.300690
0.079994,0.513832,0.621361,0.272736,-0.289543,-0.639610,-0.501030
0.050415,0.646629,0.861320,0.524117,-0.117706,-0.587631,-0.553177
-0.054108,0.550758,0.825806,0.571846,-0.001171,-0.446884,-0.449005
-0.030144,0.481579,0.681915,0.389107,-0.183311,-0.618641,-0.688572
-0.509712,-0.346081,-0.396782,-0.670593,-0.958405,-0.972935,-0.624882
-0.095341,0.327816,0.407215,0.096180,-0.369259,-0.622379,-0.476612
-0.050854,0.370045,0.514587,0.291519,-0.109245,-0.348129,-0.215637
0.208649,0.630005,0.721245,0.362320,-0.211151,-0.576233,-0.466209
0.045219,0.603729,0.810371,0.503288,-0.085251,-0.509224,-0.477104
-0.042854,0.473373,0.701607,0.477463,-0.009361,-0.368690,-0.349678
-0.009506,0.373466,0.484329,0.197624,-0.283768,-0.570282,-0.405853
0.137016,0.705185,0.888176,0.530296,-0.119324,-0.583298,-0.538063
-0.028320,0.582245,0.855110,0.596062,0.017998,-0.429794,-0.423233
0.014977,0.568314,0.839180,0.638687,0.140129,-0.260155,-0.268066
0.103039,0.546913,0.671223,0.310894,-0.305954,-0.730602,-0.653214
-0.129166,0.477028,0.728983,0.441416,-0.159021,-0.611374,-0.589776
-0.121020,0.455778,0.728411,0.505281,-0.023505,-0.445897,-0.477645
-0.150631,0.245684,0.361975,0.053320,-0.474201,-0.820076,-0.744701
-0.336895,0.103374,0.254448,-0.008003,-0.478020,-0.768867,-0.652645
-0.215118,0.247742,0.424110,0.187672,-0.265388,-0.565826,-0.493324
-0.119652,0.292618,0.466705,0.284645,-0.092094,-0.337440,-0.221130
0.208611,0.648071,0.731850,0.323547,-0.326195,-0.761940,-0.677002
-0.134720,0.492470,0.765228,0.495338,-0.095398,-0.553780,-0.567459
-0.166862,0.340446,0.589165,0.406822,-0.040527,-0.386131,-0.386719
-0.085487,0.255005,0.323784,-0.002640,-0.514557,-0.811760,-0.634453
-0.061203,0.546860,0.770378,0.445847,-0.181458,-0.641876,-0.609703
-0.121681,0.475182,0.756950,0.532127,-0.003220,-0.426254,-0.427399
-0.023193,0.485725,0.726250,0.525986,0.051109,-0.322754,-0.317184
0.047760,0.473816,0.579506,0.209534,-0.408066,-0.828568,-0.758774
-0.262741,0.315720,0.570480,0.327728,-0.205841,-0.611450,-0.616791
-0.281158,0.111023,0.265228,0.073257,-0.292755,-0.518661,-0.421127
-0.082245,0.239883,0.267044,-0.089874,-0.605621,-0.897812,-0.764359
-0.318527,0.136948,0.297226,0.051704,-0.394714,-0.669022,-0.559868
-0.150841,0.284744,0.460457,0.263390,-0.134056,-0.399925,-0.341042
-0.048271,0.230110,0.273499,0.020554,-0.352158,-0.535866,-0.326210
0.197983,0.712475,0.843258,0.459045,-0.184422,-0.626675,-0.561863
-0.044434,0.565933,0.847401,0.611519,0.065199,-0.364813,-0.365063
0.047832,0.572184,0.827988,0.633089,0.154716,-0.232395,-0.242891
0.110027,0.528067,0.631660,0.263510,-0.348389,-0.759335,-0.670319
-0.138655,0.473135,0.740400,0.478745,-0.093093,-0.531765,-0.519086
-0.074802,0.480669,0.754628,0.560151,0.069513,-0.332669,-0.379566
-0.102737,0.238964,0.358759,0.146349,-0.233088,-0.472305,-0.388954
-0.059235,0.264553,0.307022,-0.024965,-0.519934,-0.805223,-0.674702
-0.229841,0.229548,0.401505,0.181204,-0.239260,-0.514247,-0.446801
-0.135763,0.155854,0.203573,-0.037260,-0.375498,-0.513324,-0.277744
0.240883,0.719581,0.805127,0.382934,-0.279602,-0.726085,-0.669357
-0.179451,0.394875,0.658232,0.437637,-0.067139,-0.454992,-0.459352
-0.119850,0.299572,0.496372,0.329975,-0.051754,-0.328426,-0.303692
-0.053555,0.171848,0.126610,-0.243427,-0.705753,-0.895195,-0.603279
0.050320,0.692085,0.921631,0.596207,-0.031021,-0.497246,-0.481590
-0.020699,0.555122,0.840454,0.649414,0.158272,-0.241508,-0.261612
0.070061,0.463150,0.594765,0.348145,-0.093552,-0.382759,-0.286461
0.142990,0.597801,0.709488,0.338615,-0.276001,-0.696480,-0.630600
-0.135536,0.447807,0.718132,0.500534,-0.011055,-0.416412,-0.446907
-0.146973,0.217621,0.357178,0.162392,-0.206421,-0.439018,-0.361809
-0.075287,0.147102,0.066666,-0.339226,-0.815575,-1.017921,-0.840340
-0.503113,-0.300728,-0.370659,-0.645943,-0.892250,-0.851997,-0.497528
-0.062225,0.183556,0.121399,-0.174591,-0.469788,-0.508331,-0.230026
0.167847,0.418503,0.369919,0.059036,-0.289047,-0.383911,-0.079422
0.497696,1.016724,1.124619,0.719635,0.064331,-0.385757,-0.334625
0.159454,0.753479,1.039246,0.834930,0.325714,-0.089050,-0.121124
0.211395,0.629700,0.801910,0.582764,0.138977,-0.179687,-0.130188
0.239227,0.621796,0.670715,0.278656,-0.309082,-0.666809,-0.528992
0.027588,0.645508,0.915863,0.672882,0.124390,-0.305847,-0.315094
0.069336,0.544983,0.750580,0.534271,0.069824,-0.276093,-0.250671
0.096817,0.469452,0.551498,0.250870,-0.226730,-0.520248,-0.410614
0.031082,0.497055,0.639374,0.329117,-0.215652,-0.595261,-0.562134
-0.191330,0.224930,0.388336,0.188873,-0.199234,-0.450943,-0.386826
-0.104477,0.146011,0.153961,-0.109680,-0.453888,-0.595688,-0.418701
-0.084091,0.123444,0.009735,-0.391998,-0.815399,-0.932083,-0.625671
-0.070007,0.423935,0.586166,0.343506,-0.093277,-0.376648,-0.318497
-0.016708,0.271606,0.320908,0.084549,-0.257080,-0.410980,-0.227463
0.179001,0.520218,0.541824,0.195969,-0.284454,-0.538773,-0.353180
0.184296,0.736343,0.930725,0.629028,0.055588,-0.370041,-0.377670
-0.023849,0.393158,0.551407,0.333130,-0.080475,-0.356491,-0.298882
0.003365,0.280388,0.295074,0.002937,-0.389069,-0.562592,-0.337959
0.169830,0.624130,0.693321,0.301819,-0.283424,-0.639641,-0.511070
0.024612,0.621811,0.890213,0.665794,0.144493,-0.272453,-0.295906
0.047112,0.464142,0.614594,0.367096,-0.095970,-0.414169,-0.350494
0.025154,0.397366,0.446785,0.092363,-0.428757,-0.735092,-0.622503
-0.197371,0.230742,0.369757,0.129516,-0.287262,-0.542963,-0.457381
-0.144971,0.128475,0.150380,-0.106257,-0.443543,-0.574556,-0.363466
0.051805,0.381247,0.379498,0.023212,-0.446032,-0.672642,-0.457630
0.088497,0.615952,0.768379,0.437853,-0.128979,-0.512878,-0.443005
0.027672,0.577049,0.823471,0.601700,0.097683,-0.305069,-0.333000
-0.007111,0.405643,0.575314,0.349792,-0.106148,-0.433876,-0.375740
0.036415,0.503387,0.657433,0.342201,-0.230949,-0.641602,-0.601143
-0.160576,0.346306,0.551636,0.318481,-0.152824,-0.488953,-0.450829
-0.114166,0.226273,0.290146,0.011581,-0.403107,-0.621582,-0.455139
-0.016708,0.367920,0.397400,0.018372,-0.510544,-0.798203,-0.626099
-0.118546,0.357040,0.465927,0.144058,-0.354584,-0.649384,-0.541992
-0.145462,0.240631,0.343872,0.097488,-0.299988,-0.525818,-0.411606
-0.072800,0.209213,0.201508,-0.126465,-0.548111,-0.739243,-0.561340
-0.183807,0.082870,0.015091,-0.372391,-0.811951,-0.956345,-0.670578
-0.140244,0.306168,0.414474,0.157471,-0.234901,-0.436157,-0.297623
0.044769,0.312744,0.295998,-0.010689,-0.386826,-0.519241,-0.248024
0.302002,0.790314,0.879524,0.484386,-0.128895,-0.527576,-0.435230
0.081146,0.672871,0.942680,0.721607,0.206543,-0.200333,-0.216745
0.116636,0.496759,0.601851,0.330893,-0.116352,-0.389572,-0.271568
0.153017,0.562960,0.633136,0.277771,-0.261890,-0.589553,-0.462963
0.027776,0.525748,0.648976,0.276840,-0.331198,-0.726602,-0.624144
-0.107488,0.458177,0.697318,0.482020,0.019593,-0.308732,-0.257058
0.106682,0.470991,0.523308,0.185420,-0.310544,-0.591970,-0.444956
0.010354,0.411699,0.433340,0.024054,-0.534818,-0.827764,-0.619862
-0.025094,0.581826,0.821786,0.568221,0.046377,-0.348639,-0.383548
-0.142691,0.103801,0.123417,-0.130602,-0.464313,-0.586899,-0.356714
0.087244,0.437290,0.431534,0.041000,-0.473903,-0.734033,-0.550270
-0.065368,0.367265,0.423820,0.042297,-0.507626,-0.813190,-0.663692
-0.201010,0.245762,0.398376,0.195045,-0.159779,-0.339462,-0.150269
0.318474,0.750656,0.825264,0.455711,-0.112686,-0.472755,-0.368523
0.130318,0.674393,0.857925,0.520119,-0.103745,-0.553925,-0.513580
-0.021378,0.580589,0.884979,0.706970,0.227737,-0.166100,-0.190102
0.125992,0.488007,0.570267,0.263023,-0.224068,-0.521133,-0.399391
0.053329,0.493118,0.573345,0.197678,-0.375759,-0.723202,-0.582985
-0.032829,0.555275,0.759022,0.410984,-0.238621,-0.710384,-0.688473
-0.244785,0.262272,0.464855,0.249500,-0.174862,-0.445908,-0.350155
-0.000340,0.284760,0.237133,-0.156776,-0.631046,-0.826477,-0.603008
-0.169571,0.098797,-0.031780,-0.496124,-0.968849,-1.071873,-0.647430
0.115032,0.808994,1.056065,0.757751,0.178841,-0.251251,-0.262337
0.075348,0.447044,0.528175,0.223717,-0.246941,-0.512093,-0.341156
0.178864,0.700943,0.845100,0.475121,-0.153267,-0.586449,-0.517532
-0.004837,0.583260,0.808472,0.486588,-0.142982,-0.606621,-0.575706
-0.105522,0.441429,0.665939,0.420525,-0.077599,-0.423691,-0.345665
0.096931,0.569656,0.699104,0.352661,-0.229935,-0.614784,-0.517517
-0.001137,0.574982,0.783447,0.450829,-0.184486,-0.646980,-0.606133
-0.101692,0.517296,0.823914,0.622719,0.104912,-0.314430,-0.334393
0.004280,0.384781,0.457058,0.117477,-0.402618,-0.704033,-0.547512
-0.039799,0.447662,0.541927,0.148926,-0.454380,-0.819683,-0.665903
-0.080809,0.552666,0.793554,0.467669,-0.175625,-0.662626,-0.703674
-0.392677,-0.052237,0.026316,-0.218119,-0.574545,-0.723530,-0.556591
-0.275858,-0.168545,-0.363945,-0.763559,-1.089098,-1.053101,-0.598324
0.042816,0.528683,0.593040,0.208477,-0.345459,-0.652092,-0.504654
-0.046967,0.381157,0.493790,0.234230,-0.171440,-0.367317,-0.150215
0.371559,0.850426,0.936127,0.536530,-0.078262,-0.466705,-0.351547
0.191330,0.787811,1.005676,0.670624,0.026031,-0.449585,-0.421783
0.072632,0.669937,0.925766,0.643951,0.045273,-0.409271,-0.396713
0.031815,0.518921,0.679230,0.382889,-0.138336,-0.472153,-0.355591
0.127136,0.614243,0.724731,0.345810,-0.260162,-0.641815,-0.514023
0.048218,0.666855,0.903763,0.580750,-0.056793,-0.531265,-0.505249
-0.012573,0.591797,0.877090,0.644028,0.093643,-0.352097,-0.423615
-0.205345,0.003143,-0.051010,-0.392746,-0.782089,-0.879669,-0.511375
0.179794,0.811897,0.988884,0.585983,-0.111183,-0.607628,-0.575027
-0.066086,0.546623,0.822594,0.565651,-0.011292,-0.459923,-0.485443
-0.142494,0.253014,0.369476,0.092239,-0.366066,-0.625801,-0.450447
0.074928,0.611130,0.776123,0.426800,-0.192833,-0.625141,-0.568054
-0.077808,0.492931,0.726357,0.445820,-0.130074,-0.557133,-0.547592
-0.165009,0.268791,0.418318,0.167978,-0.278341,-0.541834,-0.379011
0.136877,0.663656,0.811502,0.440296,-0.197117,-0.639227,-0.572320
-0.053789,0.546929,0.787586,0.480029,-0.142177,-0.605356,-0.575935
-0.086735,0.511295,0.782494,0.531570,-0.035503,-0.475327,-0.476486
-0.091824,0.329380,0.416611,0.064503,-0.477753,-0.788429,-0.608841
-0.025528,0.585663,0.799583,0.451859,-0.201347,-0.678642,-0.644638
-0.140144,0.469139,0.740761,0.475609,-0.109467,-0.559296,-0.555710
-0.163406,0.257576,0.343613,0.001068,-0.516068,-0.811615,-0.683441
-0.268250,0.110977,0.165421,-0.164444,-0.633850,-0.859604,-0.633957
-0.074341,0.476273,0.656555,0.338989,-0.233536,-0.626968,-0.565536
-0.118851,0.397034,0.621033,0.396591,-0.083664,-0.433548,-0.403214
-0.070358,0.264343,0.301025,-0.043533,-0.535324,-0.786209,-0.566910
0.016663,0.602737,0.795670,0.451553,-0.176590,-0.624176,-0.591980
-0.136169,0.406326,0.648880,0.418427,-0.087341,-0.453705,-0.392838
0.037659,0.493515,0.602371,0.249191,-0.317596,-0.666275,-0.525330
0.031403,0.630890,0.846878,0.508026,-0.138351,-0.611801,-0.578903
-0.076477,0.529770,0.800323,0.535080,-0.051071,-0.501968,-0.486771
-0.029236,0.540314,0.810654,0.583282,0.040512,-0.396729,-0.409988
-0.018768,0.456772,0.612473,0.280334,-0.314453,-0.725037,-0.642502
-0.118256,0.483261,0.724731,0.423828,-0.189804,-0.649384,-0.634933
-0.181061,0.377090,0.635162,0.409348,-0.107452,-0.508179,-0.535065
-0.262772,0.017792,0.029205,-0.293488,-0.723526,-0.901489,-0.632385
-0.041412,0.520737,0.687042,0.333160,-0.283157,-0.706299,-0.650864
-0.184708,0.356323,0.591583,0.355850,-0.148300,-0.518906,-0.494446
-0.142014,0.244324,0.350739,0.065506,-0.401703,-0.664398,-0.476349
0.084076,0.660858,0.845566,0.483521,-0.171188,-0.640198,-0.596039
-0.082474,0.530914,0.801712,0.534744,-0.054077,-0.506653,-0.492126
-0.033325,0.538467,0.811996,0.592682,0.067642,-0.349075,-0.350815
0.043991,0.521133,0.677444,0.340027,-0.269760,-0.700104,-0.638123
-0.127396,0.468521,0.714203,0.420425,-0.184204,-0.637772,-0.607620
-0.126480,0.463562,0.736633,0.498306,-0.051392,-0.479858,-0.473679
-0.051453,0.458710,0.645782,0.325195,-0.280594,-0.730423,-0.750259
-0.409439,-0.005280,0.139343,-0.106049,-0.543518,-0.801132,-0.662704
-0.221741,0.229874,0.391205,0.143768,-0.312363,-0.605103,-0.522034
-0.154480,0.221451,0.343918,0.130249,-0.239685,-0.437256,-0.254059
0.240013,0.722694,0.824883,0.414291,-0.248466,-0.698105,-0.624977
-0.088554,0.535751,0.805649,0.529984,-0.067459,-0.523689,-0.508881
-0.045891,0.529091,0.803818,0.584709,0.057938,-0.364418,-0.397125
-0.074982,0.305763,0.400749,0.074890,-0.451134,-0.768181,-0.605652
-0.038269,0.568863,0.793411,0.466957,-0.164200,-0.631371,-0.613708
-0.152756,0.411438,0.672562,0.445847,-0.073784,-0.475380,-0.483589
-0.139111,0.285255,0.479137,0.302032,-0.091270,-0.358898,-0.260746
0.164673,0.611572,0.710552,0.318283,-0.319477,-0.749214,-0.667099
-0.132511,0.489014,0.760059,0.495316,-0.087402,-0.538807,-0.540695
-0.119633,0.412838,0.673782,0.482044,0.007805,-0.370304,-0.399204
-0.136765,0.132088,0.119167,-0.249119,-0.737053,-0.980186,-0.826420
-0.426861,-0.054321,0.056030,-0.169592,-0.535706,-0.712851,-0.543542
-0.144253,0.231882,0.350639,0.136228,-0.234448,-0.442525,-0.327346
-0.000277,0.286694,0.330767,0.092161,-0.244865,-0.382488,-0.144772
0.377903,0.861572,0.948109,0.521996,-0.151276,-0.608421,-0.558372
-0.071190,0.503349,0.762016,0.530907,0.010803,-0.385406,-0.393173
-0.070732,0.302483,0.440804,0.239899,-0.128143,-0.350235,-0.247002
0.099464,0.427124,0.460716,0.107208,-0.408112,-0.690170,-0.491989
0.099960,0.718704,0.953766,0.643570,0.027512,-0.432541,-0.416626
0.043518,0.611771,0.883728,0.671616,0.160568,-0.253067,-0.297653
-0.019531,0.307816,0.399719,0.165512,-0.216965,-0.425995,-0.251221
0.233521,0.711853,0.819489,0.426025,-0.216843,-0.658493,-0.615540
-0.152969,0.394272,0.645432,0.432297,-0.053375,-0.423279,-0.426453
-0.125824,0.211136,0.314529,0.095627,-0.268738,-0.472519,-0.348190
0.013336,0.348129,0.385849,0.038406,-0.468948,-0.745041,-0.544861
0.042236,0.657181,0.894333,0.595001,-0.007347,-0.467476,-0.493645
-0.135712,0.305893,0.499275,0.307999,-0.099350,-0.382843,-0.338493
-0.054268,0.210770,0.231171,-0.036736,-0.399849,-0.548645,-0.303421
0.239410,0.750885,0.869873,0.475929,-0.172302,-0.619270,-0.562073
-0.055107,0.549767,0.835564,0.616669,0.086205,-0.338844,-0.351761
0.027100,0.497223,0.695404,0.460022,-0.028160,-0.390785,-0.354530
0.051559,0.513508,0.647915,0.295647,-0.312241,-0.730934,-0.659363
-0.146942,0.452618,0.723392,0.479866,-0.070103,-0.505663,-0.539709
-0.215940,0.178147,0.330328,0.121693,-0.276461,-0.532266,-0.457529
-0.151960,0.118615,0.126936,-0.163667,-0.546317,-0.718361,-0.552786
-0.194304,0.095505,0.099449,-0.213064,-0.620346,-0.794325,-0.592571
-0.168936,0.184449,0.244540,-0.017243,-0.386986,-0.553097,-0.379718
-0.016458,0.258526,0.242874,-0.062711,-0.435808,-0.563245,-0.280253
0.299026,0.832928,0.957535,0.557419,-0.100845,-0.554840,-0.500700
0.006147,0.609926,0.893650,0.671715,0.139202,-0.285923,-0.304783
0.057434,0.504227,0.682213,0.444410,-0.028595,-0.371298,-0.344604
-0.018299,0.320656,0.384005,0.081484,-0.380398,-0.638784,-0.463074
0.073406,0.632320,0.830566,0.518087,-0.073843,-0.505085,-0.478209
-0.041351,0.473556,0.684860,0.442960,-0.055587,-0.423597,-0.412205
-0.090309,0.249170,0.315979,0.033499,-0.394846,-0.621953,-0.444548
0.048687,0.540339,0.679765,0.340275,-0.241284,-0.641714,-0.603821
-0.198993,0.269550,0.474009,0.277113,-0.145565,-0.444244,-0.411026
-0.128050,0.147478,0.186094,-0.067665,-0.427492,-0.590612,-0.415237
-0.040230,0.242493,0.192518,-0.200781,-0.677370,-0.878021,-0.657761
-0.184530,0.228744,0.328638,0.071125,-0.324673,-0.526377,-0.380456
-0.029756,0.243527,0.235958,-0.056733,-0.415103,-0.538692,-0.310486
0.104160,0.403675,0.370319,0.010059,-0.424057,-0.591454,-0.310940
0.296162,0.877163,1.056244,0.708138,0.085762,-0.362976,-0.336861
0.120712,0.678574,0.938278,0.718903,0.204544,-0.207489,-0.232918
0.097389,0.494003,0.624229,0.362541,-0.102867,-0.408730,-0.311356
0.114281,0.539925,0.613937,0.239922,-0.328964,-0.677757,-0.567207
-0.094299,0.409454,0.604843,0.369637,-0.092964,-0.414612,-0.380714
-0.079491,0.213127,0.253048,-0.011150,-0.382305,-0.553726,-0.385609
-0.025604,0.237362,0.186371,-0.178638,-0.609623,-0.774860,-0.538078
-0.060219,0.348839,0.432816,0.145844,-0.282082,-0.508797,-0.372032
-0.011848,0.285469,0.298782,0.011154,-0.357841,-0.502708,-0.294617
0.105965,0.401299,0.370636,0.016960,-0.413567,-0.580338,-0.307022
0.275368,0.807472,0.930305,0.555779,-0.050758,-0.454491,-0.392548
0.058533,0.575806,0.797241,0.577087,0.101044,-0.255432,-0.258034
0.025566,0.328056,0.386520,0.124077,-0.269768,-0.468575,-0.282684
0.182800,0.608856,0.679359,0.310646,-0.250061,-0.592720,-0.465370
0.053474,0.623230,0.862503,0.618004,0.093422,-0.310173,-0.332100
-0.031517,0.313202,0.411560,0.166191,-0.236153,-0.466812,-0.341774
0.030212,0.354858,0.366913,0.017471,-0.454758,-0.689201,-0.494652
-0.006874,0.423714,0.493858,0.154110,-0.335880,-0.602596,-0.456627
-0.022861,0.389370,0.497974,0.232464,-0.198627,-0.453876,-0.354187
-0.017071,0.274975,0.282085,-0.032200,-0.446148,-0.632618,-0.442287
-0.025112,0.308178,0.303417,-0.067558,-0.548416,-0.769917,-0.556664
-0.040581,0.467861,0.663975,0.443157,0.003586,-0.300137,-0.263149
0.029400,0.320248,0.368160,0.108936,-0.270008,-0.449162,-0.247704
0.236134,0.688171,0.782459,0.421669,-0.153664,-0.524502,-0.420193
0.087521,0.652111,0.880390,0.618172,0.078957,-0.330345,-0.358906
-0.080513,0.221718,0.278969,0.024132,-0.349478,-0.525286,-0.346870
0.052626,0.371317,0.358915,-0.007917,-0.480776,-0.695335,-0.457636
0.091438,0.580797,0.657396,0.246868,-0.366003,-0.738847,-0.615987
-0.103530,0.446254,0.674544,0.457288,-0.001217,-0.326629,-0.295504
0.006866,0.303544,0.332818,0.034626,-0.381942,-0.583711,-0.407572
0.000419,0.319722,0.295242,-0.093318,-0.578901,-0.791408,-0.567284
-0.080473,0.324757,0.383464,0.081224,-0.332524,-0.520765,-0.341974
0.046174,0.353621,0.358404,0.047658,-0.349124,-0.511761,-0.288070
0.177762,0.567049,0.597225,0.223715,-0.299738,-0.585943,-0.435852
0.020550,0.438602,0.504139,0.144194,-0.385336,-0.681456,-0.545082
-0.120808,0.264450,0.354164,0.109993,-0.249153,-0.404781,-0.204441
0.210903,0.536480,0.525021,0.155190,-0.322620,-0.540154,-0.302498
0.266045,0.794193,0.911156,0.514214,-0.121368,-0.538239,-0.442429
0.101791,0.728912,1.022079,0.800690,0.264793,-0.172497,-0.239555
0.004578,0.277733,0.306168,0.022770,-0.370350,-0.542049,-0.306824
0.210480,0.655643,0.701134,0.284191,-0.315510,-0.664574,-0.511322
0.037090,0.592209,0.749590,0.381004,-0.247942,-0.676773,-0.634789
-0.222973,0.221247,0.380127,0.162498,-0.227971,-0.446872,-0.309215
0.071373,0.397694,0.403592,0.044140,-0.436059,-0.677432,-0.512202
-0.099379,0.235469,0.233240,-0.131308,-0.598953,-0.795636,-0.536300
0.042038,0.588720,0.752392,0.425198,-0.134425,-0.495557,-0.408981
0.026476,0.473577,0.597188,0.295752,-0.202195,-0.500252,-0.344339
0.190085,0.751826,0.937230,0.589549,-0.049968,-0.514692,-0.479001
0.011516,0.595206,0.829728,0.522918,-0.098551,-0.568821,-0.574751
-0.186985,0.255863,0.412399,0.176821,-0.242180,-0.480560,-0.312393
0.167759,0.622021,0.702896,0.318085,-0.273224,-0.640339,-0.511818
0.033577,0.628674,0.846169,0.514671,-0.127350,-0.603333,-0.578781
-0.088547,0.503670,0.753487,0.462822,-0.144600,-0.603867,-0.592056
-0.167175,0.314400,0.475121,0.187035,-0.323059,-0.647774,-0.543655
-0.124962,0.253784,0.272583,-0.118973,-0.644638,-0.895874,-0.637848
0.013428,0.666580,0.893723,0.536636,-0.139526,-0.645447,-0.669098
-0.285217,0.161606,0.327972,0.098221,-0.318878,-0.554398,-0.375580
0.131744,0.625626,0.742828,0.365692,-0.249268,-0.654465,-0.557831
-0.025467,0.572357,0.801346,0.478333,-0.157242,-0.630737,-0.603729
-0.107147,0.508942,0.816605,0.614487,0.090881,-0.335175,-0.350082
0.037567,0.522232,0.709442,0.418274,-0.150589,-0.570663,-0.535645
-0.078018,0.464294,0.670547,0.356262,-0.255997,-0.706375,-0.668152
-0.176086,0.410156,0.654068,0.359512,-0.247833,-0.703110,-0.679504
-0.235123,0.269699,0.446594,0.164825,-0.344910,-0.672180,-0.557892
-0.092987,0.361816,0.442291,0.056152,-0.527649,-0.869690,-0.701660
-0.111237,0.519745,0.754242,0.422974,-0.226593,-0.707092,-0.680176
-0.179779,0.439117,0.740784,0.522003,-0.022034,-0.475128,-0.589050
-0.459686,-0.351898,-0.457977,-0.766113,-1.057648,-1.057312,-0.712097
-0.253693,0.016953,-0.064484,-0.448868,-0.858978,-0.961502,-0.641068
-0.084213,0.393356,0.515915,0.214432,-0.275742,-0.553375,-0.369431
0.184982,0.749924,0.936539,0.612518,0.022827,-0.389633,-0.328522
0.157852,0.717896,0.928955,0.610611,-0.011566,-0.470825,-0.441452
0.042809,0.623215,0.863274,0.566826,-0.042435,-0.497681,-0.469200
0.016117,0.610283,0.888386,0.654045,0.104366,-0.327030,-0.326702
0.089687,0.598942,0.790955,0.482071,-0.115078,-0.551487,-0.510193
-0.028770,0.540058,0.765720,0.456978,-0.158581,-0.614201,-0.578262
-0.084557,0.513054,0.777000,0.512054,-0.068909,-0.523464,-0.564606
-0.284000,-0.011772,-0.029140,-0.363728,-0.767467,-0.891041,-0.582684
-0.028032,0.390699,0.380743,-0.063749,-0.627220,-0.886623,-0.623991
0.017195,0.644712,0.856244,0.519817,-0.101702,-0.543703,-0.527483
-0.163675,0.190975,0.229858,-0.092001,-0.522232,-0.715061,-0.566174
-0.301376,-0.212776,-0.411087,-0.786236,-1.064087,-0.979874,-0.514435
0.080612,0.500298,0.534241,0.178131,-0.303650,-0.539764,-0.362518
0.088547,0.521820,0.664917,0.426727,0.004120,-0.236893,-0.060623
0.456818,0.976288,1.116852,0.741318,0.100555,-0.344940,-0.283356
0.230804,0.827148,1.064423,0.750549,0.120056,-0.353302,-0.332062
0.154877,0.750610,1.017548,0.753571,0.169647,-0.283997,-0.287170
0.101349,0.526337,0.620209,0.280518,-0.244568,-0.545135,-0.366272
0.206482,0.804291,1.007813,0.655609,-0.001068,-0.482819,-0.455200
0.041931,0.642944,0.903412,0.624237,0.023285,-0.435425,-0.419189
0.048126,0.627380,0.897522,0.662140,0.114380,-0.342484,-0.492386
-0.470917,-0.527710,-0.768463,-1.102600,-1.292908,-1.118973,-0.602707
-0.047104,0.218262,0.059296,-0.400955,-0.836441,-0.907471,-0.534363
0.035629,0.449036,0.474823,0.126251,-0.320709,-0.507660,-0.282684
0.203949,0.637268,0.731598,0.408936,-0.093475,-0.378387,-0.196777
0.368958,0.953888,1.145630,0.784668,0.124146,-0.356537,-0.327881
0.168335,0.768372,1.033722,0.765259,0.176849,-0.283173,-0.308289
0.070221,0.555573,0.788391,0.597076,0.146698,-0.187317,-0.131500
0.287079,0.754547,0.884613,0.518250,-0.113419,-0.553741,-0.492889
0.020599,0.619247,0.867599,0.572540,-0.038269,-0.503845,-0.507080
-0.082474,0.447632,0.694504,0.477112,-0.021561,-0.404358,-0.411530
-0.097290,0.251205,0.325989,0.016235,-0.465492,-0.728882,-0.528816
0.052307,0.649605,0.852676,0.500061,-0.153130,-0.628456,-0.596413
-0.095825,0.512508,0.790995,0.541426,-0.030166,-0.477391,-0.481007
-0.064596,0.453491,0.693342,0.478746,-0.010324,-0.408993,-0.529545
-0.504387,-0.565319,-0.816032,-1.171761,-1.397110,-1.261787,-0.786697
-0.269920,-0.018570,-0.146461,-0.540741,-0.908882,-0.945389,-0.605453
-0.136688,0.165703,0.147926,-0.144119,-0.471565,-0.547905,-0.282646
0.157974,0.502747,0.523003,0.172882,-0.313717,-0.555592,-0.322517
0.284454,0.897556,1.105515,0.753788,0.099491,-0.380871,-0.359722
0.125156,0.720821,0.998436,0.760674,0.204651,-0.234993,-0.241879
0.172234,0.700703,0.954708,0.747269,0.245708,-0.160488,-0.178185
0.183212,0.618431,0.740013,0.379898,-0.235764,-0.661209,-0.588524
-0.070122,0.536324,0.800247,0.532333,-0.050591,-0.500259,-0.494583
-0.064072,0.464096,0.700241,0.476120,-0.021408,-0.398193,-0.384750
-0.058868,0.235718,0.179932,-0.267960,-0.820114,-1.078033,-0.870544
-0.377716,0.053055,0.141006,-0.160522,-0.601868,-0.815445,-0.620712
-0.159103,0.261215,0.370026,0.105728,-0.315353,-0.549942,-0.421936
-0.057739,0.264084,0.312424,0.047760,-0.325806,-0.490845,-0.260742
0.272964,0.777344,0.884415,0.470840,-0.197815,-0.657196,-0.597656
-0.081528,0.528534,0.805801,0.559891,-0.001221,-0.443939,-0.479218
-0.155731,0.237122,0.390015,0.184021,-0.208588,-0.446228,-0.302704
0.165741,0.640594,0.746765,0.347961,-0.303131,-0.746094,-0.671204
-0.138885,0.482330,0.755035,0.489960,-0.094025,-0.544769,-0.535217
-0.086273,0.475830,0.748505,0.538116,0.025879,-0.390900,-0.431702
-0.126404,0.254272,0.401947,0.184906,-0.230347,-0.502136,-0.390503
0.055115,0.524994,0.645752,0.275116,-0.348083,-0.778992,-0.728302
-0.254150,0.308502,0.566132,0.346741,-0.156830,-0.547394,-0.563202
-0.265320,0.072845,0.174530,-0.048950,-0.420807,-0.630981,-0.526611
-0.208313,0.077820,0.097656,-0.221558,-0.669647,-0.893829,-0.717407
-0.259277,0.186890,0.335999,0.090149,-0.349792,-0.622528,-0.530426
-0.176361,0.167664,0.258514,0.030151,-0.328979,-0.514832,-0.375671
-0.049255,0.176544,0.081879,-0.333191,-0.797180,-0.945282,-0.592865
0.114807,0.785736,1.015839,0.668518,0.011749,-0.474960,-0.464951
0.005951,0.594635,0.885864,0.683090,0.167603,-0.251404,-0.272995
0.075775,0.493622,0.640961,0.386475,-0.079605,-0.393967,-0.305008
0.135727,0.612457,0.743912,0.380905,-0.237640,-0.664963,-0.599014
-0.089249,0.510605,0.784592,0.546204,-0.002609,-0.438004,-0.476776
-0.166489,0.209351,0.343445,0.125671,-0.267868,-0.509338,-0.417465
-0.104691,0.137863,0.069595,-0.330109,-0.799332,-0.973160,-0.680389
-0.065979,0.517441,0.719475,0.423462,-0.130646,-0.524406,-0.503365
-0.133797,0.299797,0.490128,0.306572,-0.087265,-0.359329,-0.314400
-0.037407,0.226311,0.257122,0.002457,-0.352425,-0.501862,-0.263138
0.271294,0.778347,0.896860,0.508297,-0.132654,-0.579256,-0.546104
-0.095206,0.446316,0.702552,0.504194,0.031204,-0.336886,-0.352931
-0.077760,0.227136,0.302651,0.066884,-0.299552,-0.488770,-0.340248
0.023767,0.309259,0.263969,-0.135437,-0.626877,-0.830532,-0.541969
0.113182,0.762337,1.005051,0.702435,0.094856,-0.365593,-0.366699
0.065857,0.609688,0.870132,0.659325,0.153465,-0.253075,-0.269142
0.077286,0.487915,0.619331,0.341255,-0.150162,-0.477882,-0.383591
0.079033,0.588203,0.758652,0.437195,-0.150932,-0.571548,-0.527298
-0.073219,0.455826,0.676262,0.437553,-0.061745,-0.429512,-0.407143
-0.058746,0.310898,0.397820,0.113770,-0.331764,-0.587639,-0.458267
-0.057549,0.288734,0.286110,-0.107155,-0.622795,-0.873863,-0.661568
-0.112244,0.442825,0.662674,0.421432,-0.070595,-0.431175,-0.424133
-0.114357,0.235580,0.353767,0.138786,-0.239288,-0.463486,-0.351578
0.002525,0.328979,0.372124,0.067169,-0.376617,-0.606331,-0.406120
0.139984,0.695724,0.883003,0.564529,-0.028465,-0.458809,-0.435944
-0.016724,0.465073,0.644547,0.390640,-0.092453,-0.423660,-0.352356
0.041580,0.431915,0.501251,0.173386,-0.319489,-0.600769,-0.446793
0.034973,0.489853,0.568436,0.189194,-0.379974,-0.715378,-0.560303
0.002625,0.618027,0.887863,0.646317,0.099258,-0.333435,-0.351974
0.018387,0.470306,0.647537,0.398239,-0.089081,-0.436188,-0.384552
0.006516,0.414513,0.501343,0.161522,-0.372490,-0.699409,-0.561333
-0.029900,0.552353,0.791306,0.526985,-0.026016,-0.447006,-0.441238
-0.046783,0.420250,0.598770,0.346863,-0.140099,-0.481972,-0.421234
-0.020164,0.404587,0.510941,0.189491,-0.336082,-0.667351,-0.552132
-0.061913,0.460953,0.635231,0.327339,-0.231689,-0.618584,-0.558495
-0.118988,0.366329,0.542473,0.284306,-0.200058,-0.534466,-0.490734
-0.161198,0.159492,0.203796,-0.085342,-0.495853,-0.689651,-0.470440
0.050549,0.533573,0.631245,0.252342,-0.344818,-0.727489,-0.617298
-0.081261,0.528019,0.805485,0.578339,0.046539,-0.374939,-0.385288
-0.007790,0.458061,0.649078,0.407593,-0.084682,-0.444515,-0.407444
-0.020065,0.404800,0.516151,0.192814,-0.345375,-0.693050,-0.590176
-0.119991,0.365448,0.509489,0.209751,-0.299192,-0.617899,-0.501959
-0.031534,0.459015,0.620794,0.340574,-0.165655,-0.510008,-0.441961
-0.037556,0.374884,0.463186,0.133619,-0.381433,-0.689577,-0.556326
-0.085340,0.362801,0.438633,0.057652,-0.512243,-0.852247,-0.732962
-0.276766,0.180191,0.334118,0.104753,-0.297337,-0.531647,-0.424870
-0.100254,0.163792,0.151970,-0.148834,-0.522060,-0.649616,-0.369656
0.186127,0.667465,0.743919,0.340065,-0.269127,-0.648117,-0.528419
0.007248,0.599548,0.852364,0.610558,0.084732,-0.315208,-0.304222
0.067055,0.484741,0.613388,0.337440,-0.136230,-0.439545,-0.338654
0.086571,0.504959,0.583519,0.231583,-0.309555,-0.637703,-0.504745
-0.006714,0.493607,0.617210,0.250336,-0.349548,-0.733948,-0.616676
-0.077538,0.521149,0.785187,0.563293,0.062103,-0.316360,-0.298752
0.067383,0.465317,0.561691,0.250854,-0.250534,-0.559814,-0.438461
0.019760,0.464996,0.547699,0.175461,-0.393600,-0.734756,-0.589279
-0.051483,0.514618,0.731705,0.473083,-0.036194,-0.395294,-0.344818
0.044128,0.447083,0.537704,0.228973,-0.256653,-0.544449,-0.407669
0.057037,0.507721,0.598755,0.236710,-0.329102,-0.677780,-0.553452
-0.050278,0.460022,0.588638,0.220871,-0.383804,-0.773911,-0.678894
-0.194992,0.330414,0.545303,0.335312,-0.098419,-0.384598,-0.283356
0.138306,0.561951,0.651550,0.305679,-0.241180,-0.585754,-0.471039
